SendPacket,SendRate(Mb/s),FlightSize,ReceiveRate(Mb/s),Send Loss,Recv Loss,RTT(ms),CWnd,FlowWindow,Retrans,PktSndPeriod(us),RecvACK,RecvNAK,EstimatedBandwidth(Mb/s),Retrans_Total,NAK_TotalRecv,Total Send Loss,Total Recv Loss
453,2.41457,112,0,6,0,137.916,129,8189,6,0,127,6,5.61411,6,6,6,0
370,2.08912,110,0,165,0,150.969,3,8156,86,0,17,20,5.3656,92,26,171,0
383,2.16261,72,0,14,0,92.587,72,8191,44,0,78,14,5.0719,136,40,185,0
291,1.64313,23,0,88,0,46.4,23,8189,74,0,32,15,4.6596,210,55,273,0
430,2.42799,39,0,5,0,74.546,39,8153,5,0,159,5,3.60907,215,60,278,0
446,2.51842,43,0,4,0,80.33,43,8191,4,0,169,4,3.03862,219,64,282,0
368,2.07746,25,0,45,0,59.524,26,8191,45,0,158,1,3.30408,264,65,327,0
460,2.59747,33,0,2,0,70.491,33,8189,2,0,204,2,3.34362,266,67,329,0
476,2.68793,38,0,3,0,66.159,38,8189,3,0,188,3,4.16822,269,70,332,0
424,2.39425,42,0,5,0,89.622,42,8189,5,0,157,5,3.99878,274,75,337,0
392,2.21343,45,0,6,0,77.599,45,8189,6,0,138,6,3.63731,280,81,343,0
457,2.58055,49,0,3,0,95.105,49,8191,3,0,164,3,2.42299,283,84,346,0
420,2.37149,51,0,6,0,84.354,51,8191,6,0,142,6,2.77317,289,90,352,0
440,2.48462,54,0,4,0,97.622,54,8191,4,0,148,4,3.72768,293,94,356,0
329,1.85769,28,0,58,0,61.682,28,8190,58,0,101,3,3.97054,351,97,414,0
443,2.50139,35,0,2,0,70.892,35,8190,2,0,211,2,3.74462,353,99,416,0
356,2.01015,23,0,35,0,47.921,23,8191,35,0,158,0,5.2244,388,99,451,0
446,2.51839,31,0,1,0,66.309,31,8191,1,0,214,1,4.9307,389,100,452,0
410,2.31427,37,0,1,0,83.18,37,8191,1,0,190,1,3.98184,390,101,453,0
421,2.37715,41,0,3,0,80.802,41,8189,3,0,167,3,3.65426,393,104,456,0
366,2.06668,44,0,5,0,73.402,44,8191,5,0,125,5,3.42834,398,109,461,0
467,2.63704,48,0,6,0,101.375,48,8189,6,0,169,6,3.2476,404,115,467,0
376,2.1232,50,0,5,0,105.92,50,8189,5,0,123,5,3.8237,409,120,472,0
383,2.16275,52,0,5,0,90.786,52,8191,5,0,121,5,3.64861,414,125,477,0
491,2.77257,56,0,5,0,99.968,56,8189,5,0,173,5,4.75562,419,130,482,0
456,2.57477,58,0,5,0,102.495,58,8189,5,0,122,5,5.52374,424,135,487,0
416,2.34892,60,0,4,0,112.59,60,8191,4,0,130,4,5.88522,428,139,491,0
405,2.28679,62,0,6,0,99.677,62,8189,6,0,114,6,5.39949,434,145,497,0
472,2.66513,65,0,7,0,108.594,65,8190,7,0,210,7,3.59778,441,152,504,0
481,2.71595,67,0,8,0,113.061,67,8189,8,0,148,8,3.86888,449,160,512,0
462,2.60867,69,0,9,0,127.994,69,8190,9,0,135,9,4.84598,458,169,521,0
461,2.60301,71,0,8,0,114.33,71,8191,8,0,134,8,5.20746,466,177,529,0
496,2.80061,67,0,8,0,105.654,72,8128,8,0,99,8,4.77821,474,185,537,0
330,1.86332,37,0,77,0,42.804,37,8191,62,0,114,3,4.44498,536,188,614,0
384,2.16833,40,0,4,0,75.91,40,8189,4,0,143,4,4.90811,540,192,618,0
503,2.83739,45,0,4,0,66.489,45,8189,4,0,194,4,4.59747,544,196,622,0
300,1.69395,5,0,52,0,78.236,5,8191,52,0,85,3,3.8124,596,199,674,0
252,1.4229,16,0,0,0,42.187,16,8189,0,0,128,0,3.36621,596,199,674,0
307,1.73352,24,0,0,0,73.564,24,8189,0,0,158,0,4.13998,596,199,674,0
393,2.21808,31,0,0,0,59.689,31,8191,0,0,203,0,5.26958,596,199,674,0
399,2.25298,36,0,3,0,69.75,36,8189,3,0,170,3,6.66464,599,202,677,0
205,1.15756,6,0,42,0,65.273,6,8189,42,0,66,2,6.09419,641,204,719,0
248,1.40034,17,0,0,0,44.081,17,8189,0,0,125,0,4.95894,641,204,719,0
398,2.24729,26,0,0,0,55.878,26,8191,0,0,204,0,3.06686,641,204,719,0
432,2.43924,33,0,0,0,70.39,33,8191,0,0,221,0,4.53534,641,204,719,0
444,2.50703,39,0,2,0,74.308,39,8189,2,0,191,2,3.36621,643,206,721,0
438,2.47325,43,0,3,0,82.118,43,8191,3,0,187,3,3.03298,646,209,724,0
404,2.28071,46,0,9,0,89.537,46,8191,9,0,143,9,4.78386,655,218,733,0
450,2.54003,50,0,4,0,80.717,50,8191,4,0,159,4,4.60877,659,222,737,0
406,2.2924,9,0,55,0,91.017,9,8191,55,0,108,3,4.3772,714,225,792,0
416,2.34891,31,0,1,0,50.479,31,8191,1,0,190,1,4.54099,715,226,793,0
347,1.95881,37,0,0,0,83.673,37,8189,0,0,179,0,4.48451,715,226,793,0
421,2.37717,42,0,1,0,95.302,42,8189,1,0,196,1,4.59747,716,227,794,0
419,2.36602,46,0,2,0,74.941,46,8189,2,0,193,2,5.87392,718,229,796,0
413,2.33201,49,0,3,0,90.524,49,8189,3,0,143,3,4.85163,721,232,799,0
380,2.14568,51,0,6,0,103.889,51,8191,6,0,120,6,3.6825,727,238,805,0
485,2.73845,55,0,4,0,94.314,55,8189,4,0,195,4,3.32667,731,242,809,0
331,1.86899,17,0,61,0,91.36,17,8189,61,0,80,5,3.03862,792,247,870,0
427,2.41106,34,0,1,0,72.207,34,8189,1,0,211,1,3.42269,793,248,871,0
319,1.8012,14,0,39,0,73.739,14,8189,39,0,110,2,4.13434,832,250,910,0
353,1.99335,25,0,0,0,46.362,25,8191,0,0,176,0,3.94795,832,250,910,0
415,2.34332,32,0,2,0,64.58,32,8191,2,0,187,2,3.69944,834,252,912,0
279,1.57534,21,0,34,0,58.521,21,8191,34,0,118,2,3.70509,868,254,946,0
342,1.93108,28,0,0,0,87.489,28,8189,0,0,173,0,3.8237,868,254,946,0
452,2.55241,35,0,1,0,61.502,35,8191,1,0,212,1,4.28118,869,255,947,0
309,1.74483,13,0,55,0,38.243,13,8189,55,0,128,1,3.89147,924,256,1002,0
235,1.32694,20,0,0,0,41.354,20,8189,0,0,121,0,4.20211,924,256,1002,0
443,2.50151,29,0,0,0,57.899,29,8189,0,0,224,0,4.74432,924,256,1002,0
432,2.4392,36,0,1,0,70.971,36,8190,1,0,218,1,4.63136,925,257,1003,0
310,1.75037,23,0,36,0,60.98,23,8189,36,0,134,0,3.93666,961,257,1039,0
370,2.08878,30,0,0,0,93.808,30,8189,0,0,188,0,3.75592,961,257,1039,0
468,2.64271,37,0,1,0,68.728,37,8191,1,0,238,1,4.98154,962,258,1040,0
337,1.90285,21,0,40,0,45.038,21,8189,20,0,139,1,5.10579,982,259,1080,0
400,2.25867,29,0,0,0,52.099,29,8189,0,0,203,0,5.26958,982,259,1080,0
390,2.20227,34,0,1,0,54.449,34,8191,1,0,184,1,5.24134,983,260,1081,0
461,2.60308,40,0,3,0,66.077,40,8189,3,0,214,3,4.13998,986,263,1084,0
373,2.1061,43,0,3,0,90.368,43,8148,3,0,130,3,3.6712,989,266,1087,0
453,2.55748,47,0,2,0,89.969,47,8189,2,0,188,2,3.15158,991,268,1089,0
438,2.4724,50,0,5,0,77.214,50,8189,5,0,156,5,3.79546,996,273,1094,0
386,2.17954,26,0,55,0,47.033,26,8191,55,0,113,3,4.85728,1051,276,1149,0
451,2.5465,33,0,1,0,51.795,33,8191,1,0,215,1,6.15067,1052,277,1150,0
467,2.63686,39,0,2,0,69.959,39,8189,2,0,204,2,5.84568,1054,279,1152,0
445,2.51269,44,0,3,0,87.125,44,8189,3,0,207,3,4.72173,1057,282,1155,0
494,2.78934,48,0,5,0,85.49,48,8191,5,0,212,5,5.90781,1062,287,1160,0
386,2.17962,29,0,49,0,50.743,29,8191,49,0,163,1,3.51306,1111,288,1209,0
380,2.14556,34,0,1,0,78.701,34,8189,1,0,178,1,3.33797,1112,289,1210,0
175,0.988141,8,0,39,0,51.081,8,8189,39,0,70,1,3.21371,1151,290,1249,0
265,1.49638,18,0,0,0,70.939,18,8191,0,0,137,0,3.51306,1151,290,1249,0
427,2.41119,27,0,0,0,54.279,27,8189,0,0,217,0,3.45093,1151,290,1249,0
427,2.40975,34,0,1,0,58.952,34,8191,1,0,201,1,4.49581,1152,291,1250,0
379,2.14001,38,0,2,0,70.053,38,8189,2,0,163,2,4.26989,1154,293,1252,0
396,2.23434,25,0,38,0,79.313,26,8190,38,0,193,0,3.18547,1192,293,1290,0
388,2.19082,33,0,1,0,70.904,33,8190,1,0,196,1,3.14594,1193,294,1291,0
384,2.16656,18,0,39,0,78.582,18,8189,39,0,133,3,3.63166,1232,297,1330,0
383,2.16274,27,0,0,0,57.867,27,8189,0,0,193,0,3.30408,1232,297,1330,0
371,2.09497,32,0,3,0,62.009,32,8189,3,0,161,3,3.3888,1235,300,1333,0
313,1.76742,22,0,32,0,61.675,22,8189,32,0,137,0,3.01038,1267,300,1365,0
460,2.59736,31,0,0,0,59.429,31,8191,0,0,231,0,3.97619,1267,300,1365,0
417,2.35452,36,0,2,0,56.858,36,8189,2,0,178,2,4.13998,1269,302,1367,0
461,2.60154,41,0,1,0,84.393,41,8191,1,0,217,1,4.69349,1270,303,1368,0
384,2.16825,45,0,3,0,84.377,45,8189,3,0,176,3,5.97558,1273,306,1371,0
367,2.07225,3,0,50,0,86.134,3,8144,50,0,97,3,6.12808,1323,309,1421,0
211,1.1914,14,0,3,0,42.475,14,8189,3,0,106,0,5.58022,1326,309,1424,0
369,2.08359,24,0,0,0,47.615,24,8189,0,0,186,0,5.2244,1326,309,1424,0
208,1.17445,14,0,36,0,42.737,14,8191,36,0,96,0,5.0945,1362,309,1460,0
405,2.28663,24,0,0,0,45.789,24,8191,0,0,202,0,4.49016,1362,309,1460,0
369,2.08338,31,0,1,0,63.165,31,8191,1,0,186,1,3.52435,1363,310,1461,0
381,2.15139,35,0,2,0,68.027,35,8189,2,0,150,2,4.45062,1365,312,1463,0
451,2.54657,41,0,1,0,72.099,41,8189,1,0,213,1,5.39949,1366,313,1464,0
473,2.67053,45,0,3,0,87.877,45,8189,3,0,200,3,5.5181,1369,316,1467,0
354,1.99879,48,0,3,0,107.564,48,8190,3,0,139,3,4.42803,1372,319,1470,0
347,1.95929,25,0,53,0,77.344,25,8189,53,0,93,3,4.97024,1425,322,1523,0
427,2.411,32,0,0,0,62.82,32,8191,0,0,214,0,4.76691,1425,322,1523,0
333,1.88011,17,0,36,0,46.556,17,8191,36,0,144,1,4.87987,1461,323,1559,0
366,2.06661,26,0,0,0,51.715,26,8191,0,0,190,0,4.55794,1461,323,1559,0
412,2.32618,33,0,0,0,78.917,33,8189,0,0,207,0,3.43398,1461,323,1559,0
376,2.12308,38,0,2,0,73.419,38,8189,2,0,172,2,4.20211,1463,325,1561,0
424,2.3939,43,0,1,0,80.714,43,8189,1,0,198,1,3.3775,1464,326,1562,0
370,2.08925,24,0,44,0,42.446,24,8191,44,0,137,1,3.76722,1508,327,1606,0
463,2.61423,32,0,0,0,56.091,32,8191,0,0,234,0,4.17952,1508,327,1606,0
440,2.48454,38,0,2,0,88.802,38,8190,2,0,206,2,5.15098,1510,329,1608,0
315,1.77869,24,0,39,0,61.926,24,8191,39,0,134,1,5.20746,1549,330,1647,0
277,1.56406,14,0,28,0,48.79,14,8189,28,0,122,1,4.90246,1577,331,1675,0
357,2.01578,23,0,0,0,66.605,23,8189,0,0,180,0,4.38285,1577,331,1675,0
338,1.9085,30,0,0,0,99.831,30,8191,0,0,172,0,4.28118,1577,331,1675,0
423,2.38844,36,0,1,0,59.922,36,8191,1,0,202,1,5.19051,1578,332,1676,0
381,2.15135,40,0,2,0,91.634,40,8189,2,0,176,2,4.60877,1580,334,1678,0
387,2.18519,44,0,4,0,82.592,44,8189,4,0,136,4,3.49611,1584,338,1682,0
338,1.90847,24,0,46,0,46.994,24,8189,46,0,123,2,5.5181,1630,340,1728,0
408,2.30376,32,0,0,0,57.381,32,8189,0,0,210,0,5.41078,1630,340,1728,0
407,2.2981,37,0,4,0,67.01,37,8190,4,0,188,4,5.2131,1634,344,1732,0
481,2.71603,42,0,2,0,79.394,42,8189,2,0,207,2,4.97024,1636,346,1734,0
407,2.29812,23,0,47,0,57.57,23,8191,47,0,155,2,4.7895,1683,348,1781,0
397,2.24164,30,0,0,0,60.869,30,8189,0,0,200,0,4.85728,1683,348,1781,0
391,2.20782,18,0,37,0,37.698,18,8189,37,0,147,3,4.57488,1720,351,1818,0
414,2.33762,27,0,0,0,39.471,27,8189,0,0,207,0,4.70478,1720,351,1818,0
203,1.14631,18,0,27,0,46.299,18,8189,27,0,100,0,4.62006,1747,351,1845,0
374,2.11192,26,0,0,0,55.992,26,8189,0,0,188,0,4.31507,1747,351,1845,0
411,2.32069,32,0,3,0,60.376,32,8189,3,0,181,3,4.04962,1750,354,1848,0
272,1.53587,19,0,35,0,43.652,19,8189,35,0,113,1,3.41139,1785,355,1883,0
409,2.30939,28,0,0,0,59.279,28,8189,0,0,207,0,4.83469,1785,355,1883,0
396,2.236,34,0,1,0,75.504,34,8189,1,0,191,1,5.02672,1786,356,1884,0
383,2.16262,39,0,0,0,66.624,39,8187,0,0,193,0,5.98123,1786,356,1884,0
359,2.0272,24,0,41,0,36.649,24,8191,41,0,152,1,4.56358,1827,357,1925,0
379,2.14003,30,0,1,0,51.208,30,8189,1,0,179,1,4.17952,1828,358,1926,0
355,2.00446,18,0,35,0,45.205,18,8189,35,0,156,1,4.21906,1863,359,1961,0
435,2.4562,27,0,0,0,54.905,27,8189,0,0,220,0,3.9649,1863,359,1961,0
362,2.04401,16,0,33,0,41.536,16,8189,33,0,162,1,4.13434,1896,360,1994,0
411,2.32068,26,0,0,0,45.88,26,8189,0,0,210,0,4.69914,1896,360,1994,0
469,2.648,33,0,2,0,50.684,33,8189,2,0,207,2,4.85728,1898,362,1996,0
377,2.12889,37,0,2,0,87.343,37,8189,2,0,155,2,5.59717,1900,364,1998,0
403,2.27566,22,0,41,0,38.385,22,8189,41,0,178,1,5.34301,1941,365,2039,0
388,2.19093,30,0,0,0,69.066,30,8187,0,0,195,0,4.64266,1941,365,2039,0
317,1.78991,16,0,34,0,52.817,16,8191,34,0,137,1,4.13434,1975,366,2073,0
340,1.9198,25,0,0,0,53.106,25,8189,0,0,173,0,3.85194,1975,366,2073,0
454,2.56349,32,0,1,0,58.493,32,8189,1,0,229,1,4.35461,1976,367,2074,0
449,2.53526,38,0,0,0,88.438,38,8189,0,0,213,0,4.15693,1976,367,2074,0
381,2.15128,42,0,4,0,100.948,42,8189,4,0,138,4,4.17952,1980,371,2078,0
365,2.06093,45,0,3,0,103.08,45,8190,3,0,146,3,4.45062,1983,374,2081,0
472,2.66526,49,0,2,0,76.24,49,8189,2,0,194,2,4.33766,1985,376,2083,0
354,1.99881,27,0,51,0,53.338,27,8189,51,0,142,1,4.58618,2036,377,2134,0
324,1.82945,32,0,1,0,106.661,32,8189,1,0,149,1,5.14533,2037,378,2135,0
439,2.4788,37,0,2,0,72.083,37,8154,2,0,188,2,4.27554,2039,380,2137,0
356,2.01024,4,0,42,0,83.095,4,8189,42,0,160,1,3.98749,2081,381,2179,0
349,1.97042,26,0,0,0,51.974,26,8189,0,0,170,0,3.14029,2081,381,2179,0
409,2.3096,33,0,0,0,58.678,33,8189,0,0,210,0,3.56954,2081,381,2179,0
475,2.68224,39,0,1,0,74.651,39,8189,1,0,225,1,3.06122,2082,382,2180,0
182,1.02769,11,0,45,0,31.053,11,8191,45,0,71,1,3.0951,2127,383,2225,0
286,1.61489,20,0,0,0,47.221,20,8189,0,0,145,0,3.04427,2127,383,2225,0
412,2.32633,28,0,0,0,52.877,28,8189,0,0,207,0,3.19112,2127,383,2225,0
446,2.51837,35,0,2,0,76.195,35,8158,2,0,195,2,4.39414,2129,385,2227,0
447,2.52393,40,0,2,0,77.289,40,8189,2,0,196,2,4.29813,2131,387,2229,0
466,2.63126,44,0,3,0,76.036,44,8191,3,0,195,3,3.9649,2134,390,2232,0
377,2.1287,48,0,2,0,102.545,48,8191,2,0,149,2,3.60907,2136,392,2234,0
322,1.81816,28,0,48,0,70.827,28,8189,48,0,129,0,3.68814,2184,392,2282,0
388,2.19076,33,0,2,0,71.912,33,8187,2,0,169,2,3.44528,2186,394,2284,0
392,2.21338,38,0,2,0,94.871,38,8187,2,0,184,2,3.9649,2188,396,2286,0
405,2.28679,42,0,3,0,83.659,42,8189,3,0,134,3,3.29278,2191,399,2289,0
438,2.47319,46,0,4,0,71.448,46,8189,4,0,179,4,4.54664,2195,403,2293,0
430,2.42798,48,0,5,0,83.087,48,8191,5,0,130,5,4.59747,2200,408,2298,0
342,1.93108,26,0,50,0,71.646,26,8191,50,0,141,1,3.89712,2250,409,2348,0
395,2.23052,32,0,1,0,77.709,32,8189,1,0,186,1,3.85758,2251,410,2349,0
380,2.14578,38,0,0,0,87.194,38,8189,0,0,194,0,3.84629,2251,410,2349,0
373,2.10613,42,0,2,0,105.931,42,8189,2,0,158,2,4.73867,2253,412,2351,0
420,2.37168,45,0,3,0,83.891,45,8191,3,0,150,3,4.16258,2256,415,2354,0
361,2.0384,26,0,47,0,57.114,26,8189,47,0,150,1,3.97619,2303,416,2401,0
430,2.42799,34,0,0,0,53.628,34,8189,0,0,217,0,4.63136,2303,416,2401,0
424,2.39409,39,0,4,0,74.492,39,8190,4,0,182,4,4.76126,2307,420,2405,0
398,2.24732,4,0,4,0,82.081,42,8191,4,0,147,4,2.82965,2311,424,2409,0
486,2.74433,47,0,1,0,86.937,47,8189,1,0,212,1,3.56389,2312,425,2410,0
415,2.34334,50,0,3,0,100.532,50,8190,3,0,167,3,4.77821,2315,428,2413,0
375,2.11748,27,0,55,0,48.183,27,8189,55,0,127,3,3.78981,2370,431,2468,0
417,2.35455,33,0,1,0,63.66,33,8189,1,0,195,1,3.55259,2371,432,2469,0
401,2.26422,38,0,2,0,68.455,38,8190,2,0,189,2,3.72203,2373,434,2471,0
361,2.03831,41,0,3,0,78.178,41,8189,3,0,116,3,4.77821,2376,437,2474,0
326,1.84072,24,0,43,0,60.191,24,8191,43,0,139,1,4.06656,2419,438,2517,0
335,1.89166,31,0,1,0,62.578,31,8190,1,0,170,1,3.25325,2420,439,2518,0
413,2.33212,36,0,1,0,56.939,36,8191,1,0,180,1,3.62602,2421,440,2519,0
272,1.53589,20,0,39,0,76.108,20,8189,39,0,95,2,4.17952,2460,442,2558,0
374,2.11176,28,0,0,0,53.793,28,8191,0,0,189,0,4.55229,2460,442,2558,0
379,2.13996,34,0,0,0,72.216,34,8189,0,0,191,0,4.3772,2460,442,2558,0
341,1.92544,24,0,34,0,51.057,24,8189,34,0,168,0,4.3885,2494,442,2592,0
417,2.35468,32,0,0,0,56.308,32,8189,0,0,215,0,5.39384,2494,442,2592,0
448,2.52962,38,0,1,0,71.565,38,8189,1,0,211,1,3.28149,2495,443,2593,0
342,1.93109,20,0,42,0,43.354,20,8189,42,0,127,2,3.85758,2537,445,2635,0
429,2.42234,29,0,0,0,58.698,29,8189,0,0,214,0,4.68219,2537,445,2635,0
408,2.30371,35,0,1,0,65.108,35,8189,1,0,194,1,4.28118,2538,446,2636,0
414,2.33763,40,0,2,0,77.19,40,8191,2,0,175,2,4.16822,2540,448,2638,0
380,2.14574,40,0,3,0,69.13,43,8191,3,0,137,3,3.30973,2543,451,2641,0
385,2.17381,22,0,47,0,49.398,22,8189,47,0,139,2,3.11205,2590,453,2688,0
397,2.24181,30,0,0,0,65.039,30,8189,0,0,202,0,2.87483,2590,453,2688,0
384,2.16827,35,0,1,0,71.931,35,8189,1,0,180,1,3.55259,2591,454,2689,0
363,2.04973,20,0,40,0,43.734,20,8189,40,0,144,2,4.7895,2631,456,2729,0
422,2.38294,29,0,0,0,58.138,29,8189,0,0,216,0,3.89712,2631,456,2729,0
422,2.38296,34,0,3,0,71.712,34,8189,3,0,168,3,3.15723,2634,459,2732,0
410,2.31508,39,0,3,0,82.244,39,8189,3,0,173,3,3.43398,2637,462,2735,0
316,1.78293,22,0,41,0,62.296,22,8191,41,0,112,1,3.54694,2678,463,2776,0
430,2.42799,30,0,0,0,50.013,30,8191,0,0,217,0,3.95925,2678,463,2776,0
445,2.51265,36,0,2,0,77.421,36,8189,2,0,196,2,4.48451,2680,465,2778,0
424,2.39414,41,0,2,0,103.368,41,8163,2,0,197,2,3.71638,2682,467,2780,0
486,2.74418,46,0,5,0,77.328,46,8187,5,0,206,5,4.19646,2687,472,2785,0
425,2.39975,49,0,4,0,82.428,49,8189,4,0,169,4,4.75562,2691,476,2789,0
381,2.15134,52,0,5,0,113.339,52,8191,5,0,156,5,4.6596,2696,481,2794,0
479,2.70461,56,0,1,0,115.464,56,8189,1,0,208,1,3.63166,2697,482,2795,0
359,2.02708,58,0,4,0,150.704,58,8173,4,0,132,4,3.16853,2701,486,2799,0
440,2.4846,59,0,6,0,95.936,61,8131,6,0,133,6,3.68814,2707,492,2805,0
456,2.57487,61,0,5,0,109.772,63,8191,5,0,172,5,4.28683,2712,497,2810,0
263,1.48501,6,0,67,0,134.891,6,8189,61,0,62,3,3.64861,2773,500,2877,0
404,2.28118,36,0,3,0,68.225,36,8190,3,0,177,3,3.57518,2776,503,2880,0
400,2.2586,12,0,41,0,65.96,12,8191,41,0,145,2,4.10045,2817,505,2921,0
408,2.30376,27,0,0,0,51.324,27,8189,0,0,205,0,4.40544,2817,505,2921,0
434,2.45055,34,0,1,0,66.374,34,8190,1,0,221,1,4.87987,2818,506,2922,0
319,1.80118,18,0,38,0,48.837,18,8191,38,0,121,1,4.59182,2856,507,2960,0
229,1.29299,14,0,21,0,61.199,14,8189,21,0,111,0,3.91971,2877,507,2981,0
328,1.85202,23,0,0,0,49.983,23,8189,0,0,167,0,4.88552,2877,507,2981,0
423,2.38846,31,0,1,0,59.73,31,8189,1,0,212,1,3.36056,2878,508,2982,0
336,1.89737,3,0,37,0,61.314,3,8157,37,0,108,3,4.41674,2915,511,3019,0
298,1.68273,23,0,0,0,56.921,23,8191,0,0,145,0,3.43398,2915,511,3019,0
310,1.75034,29,0,1,0,70.557,29,8189,1,0,159,1,3.15723,2916,512,3020,0
423,2.38848,34,0,2,0,66.066,34,8189,2,0,174,2,3.75027,2918,514,3022,0
433,2.4451,39,0,2,0,75.108,39,8191,2,0,182,2,3.75592,2920,516,3024,0
381,2.15138,10,0,45,0,78.326,10,8191,45,0,150,2,4.43933,2965,518,3069,0
397,2.24164,28,0,0,0,52.085,28,8189,0,0,194,0,4.58618,2965,518,3069,0
354,1.99883,34,0,1,0,66.411,34,8189,1,0,180,1,3.68814,2966,519,3070,0
415,2.34328,38,0,3,0,76.976,38,8189,3,0,159,3,3.22501,2969,522,3073,0
430,2.42805,43,0,2,0,83.361,43,8189,2,0,183,2,3.21936,2971,524,3075,0
445,2.51267,46,0,5,0,92.832,46,8190,5,0,165,5,4.86293,2976,529,3080,0
428,2.41674,5,0,54,0,86.068,5,8190,54,0,124,5,4.53534,3030,534,3134,0
412,2.32632,30,0,0,0,76.407,30,8189,0,0,201,0,4.7895,3030,534,3134,0
462,2.60863,36,0,2,0,76.958,36,8191,2,0,207,2,5.34301,3032,536,3136,0
405,2.2868,40,0,5,0,74.172,40,8189,5,0,148,5,4.49581,3037,541,3141,0
450,2.54091,44,0,4,0,82.256,44,8191,4,0,186,4,5.48421,3041,545,3145,0
448,2.52961,48,0,2,0,83.954,48,8190,2,0,186,2,4.12304,3043,547,3147,0
284,1.60366,26,0,50,0,75.656,26,8189,50,0,110,1,5.19616,3093,548,3197,0
417,2.35467,33,0,0,0,65.068,33,8189,0,0,215,0,4.41109,3093,548,3197,0
403,2.27567,39,0,1,0,78.727,39,8189,1,0,202,1,4.60877,3094,549,3198,0
408,2.30381,43,0,1,0,113.86,43,8191,1,0,169,1,4.02702,3095,550,3199,0
417,2.35465,46,0,3,0,102.611,46,8189,3,0,149,3,5.72707,3098,553,3202,0
336,1.89719,48,0,8,0,89.743,48,8191,8,0,105,8,4.97589,3106,561,3210,0
390,2.20143,25,0,52,0,52.154,25,8189,52,0,125,3,4.66525,3158,564,3262,0
362,2.04403,32,0,0,0,81.258,32,8191,0,0,182,0,3.77851,3158,564,3262,0
413,2.33195,36,0,3,0,52.896,36,8191,3,0,164,3,3.31538,3161,567,3265,0
352,1.98754,23,0,38,0,43.282,23,8191,38,0,152,1,3.65426,3199,568,3303,0
421,2.37716,31,0,0,0,51.82,31,8191,0,0,216,0,5.59717,3199,568,3303,0
281,1.58665,19,0,33,0,47.31,19,8189,33,0,119,1,5.03802,3232,569,3336,0
357,2.01518,26,0,0,0,43.324,26,8189,0,0,179,0,4.39979,3232,569,3336,0
408,2.30384,33,0,1,0,94.089,33,8191,1,0,193,1,4.77256,3233,570,3337,0
372,2.10056,37,0,2,0,100.684,37,8189,2,0,159,2,4.53534,3235,572,3339,0
387,2.18533,41,0,6,0,77.754,41,8189,6,0,136,6,4.24165,3241,578,3345,0
299,1.68841,24,0,41,0,57.787,24,8189,41,0,124,0,4.66525,3282,578,3386,0
327,1.84655,20,0,25,0,64.793,20,8189,25,0,160,0,4.15128,3307,578,3411,0
375,2.11759,28,0,0,0,49.899,28,8189,0,0,189,0,4.73867,3307,578,3411,0
349,1.97071,33,0,2,0,71.757,33,8191,2,0,151,2,4.72173,3309,580,3413,0
421,2.37714,38,0,2,0,70.048,38,8189,2,0,179,2,4.39414,3311,582,3415,0
287,1.62015,21,0,42,0,59.753,21,8189,42,0,117,2,4.02702,3353,584,3457,0
409,2.30946,29,0,0,0,48.144,29,8189,0,0,198,0,3.63731,3353,584,3457,0
425,2.39979,35,0,0,0,72.448,35,8191,0,0,217,0,4.39414,3353,584,3457,0
459,2.59171,40,0,2,0,74.412,40,8189,2,0,198,2,4.99848,3355,586,3459,0
446,2.51826,45,0,2,0,70.838,45,8191,2,0,204,2,4.19646,3357,588,3461,0
465,2.62559,48,0,6,0,79,48,8189,6,0,147,6,3.58083,3363,594,3467,0
407,2.29821,14,0,53,0,66.471,14,8189,53,0,153,2,4.37155,3416,596,3520,0
365,2.06096,30,0,32,0,60.6,2,8189,32,0,149,2,4.48451,3448,598,3552,0
342,1.93106,23,0,0,0,34.809,23,8191,0,0,168,0,4.47322,3448,598,3552,0
442,2.49584,31,0,1,0,67.026,31,8191,1,0,223,1,3.88582,3449,599,3553,0
394,2.22479,36,0,1,0,90.011,36,8191,1,0,184,1,3.6825,3450,600,3554,0
306,1.72789,20,0,41,0,55.757,20,8189,41,0,92,3,3.27019,3491,603,3595,0
432,2.43934,29,0,0,0,61.792,29,8189,0,0,220,0,3.16288,3491,603,3595,0
397,2.24163,34,0,2,0,74.447,34,8189,2,0,175,2,3.61472,3493,605,3597,0
305,1.72216,21,0,38,0,60.957,21,8189,38,0,131,2,4.32072,3531,607,3635,0
452,2.5522,30,0,0,0,45.656,30,8190,0,0,228,0,4.65395,3531,607,3635,0
358,2.02149,3,0,36,0,92.207,3,8191,36,0,166,1,4.65395,3567,608,3671,0
336,1.89712,24,0,0,0,54.538,24,8189,0,0,166,0,3.86888,3567,608,3671,0
440,2.48442,31,0,1,0,57.883,31,8189,1,0,208,1,3.20242,3568,609,3672,0
450,2.54091,37,0,1,0,64.066,37,8189,1,0,212,1,3.3888,3569,610,3673,0
311,1.75571,23,0,38,0,42.641,23,8189,38,0,131,1,3.73898,3607,611,3711,0
377,2.12867,4,0,30,0,57.219,4,8189,30,0,175,1,5.29218,3637,612,3741,0
335,1.89078,22,0,0,0,42.981,22,8191,0,0,166,0,4.60312,3637,612,3741,0
333,1.88039,29,0,0,0,54.812,29,8191,0,0,170,0,5.47291,3637,612,3741,0
426,2.40559,35,0,1,0,53.781,35,8189,1,0,203,1,4.12869,3638,613,3742,0
376,2.12309,20,0,39,0,40.664,20,8189,39,0,166,1,4.25294,3677,614,3781,0
421,2.37717,29,0,0,0,56.929,29,8189,0,0,214,0,4.6709,3677,614,3781,0
392,2.21295,34,0,2,0,62.49,34,8189,2,0,172,2,4.94765,3679,616,3783,0
358,2.02154,21,0,38,0,41.764,21,8189,38,0,157,2,4.63136,3717,618,3821,0
363,2.04967,29,0,0,0,52.958,29,8189,0,0,183,0,4.20211,3717,618,3821,0
370,2.08923,34,0,1,0,71.125,34,8190,1,0,187,1,3.55824,3718,619,3822,0
412,2.32636,19,0,41,0,36.448,19,8189,41,0,149,4,3.18547,3759,623,3863,0
422,2.38288,28,0,0,0,59.447,28,8189,0,0,213,0,3.56954,3759,623,3863,0
392,2.21344,34,0,1,0,68.062,34,8187,1,0,198,1,5.21875,3760,624,3864,0
250,1.41162,19,0,36,0,37.883,19,8189,36,0,88,1,5.02107,3796,625,3900,0
385,2.17389,27,0,0,0,51.302,27,8189,0,0,196,0,5.92475,3796,625,3900,0
447,2.52409,34,0,2,0,61.414,34,8189,2,0,196,2,3.69379,3798,627,3902,0
432,2.4394,39,0,3,0,69.088,39,8189,3,0,186,3,4.77821,3801,630,3905,0
359,2.02719,42,0,2,0,101.424,42,8189,2,0,146,2,4.29813,3803,632,3907,0
449,2.53532,46,0,4,0,75.331,46,8191,4,0,162,4,3.9423,3807,636,3911,0
402,2.26983,48,0,5,0,94.236,48,8146,5,0,116,5,3.53,3812,641,3916,0
478,2.69901,52,0,4,0,90.796,52,8191,4,0,180,4,4.60312,3816,645,3920,0
263,1.48503,14,0,55,0,65.473,27,8189,55,0,101,2,4.7895,3871,647,3975,0
440,2.48436,33,0,2,0,64.166,33,8191,2,0,188,2,4.46192,3873,649,3977,0
381,2.15127,37,0,2,0,51.874,37,8189,2,0,160,2,4.77821,3875,651,3979,0
399,2.25292,41,0,3,0,115.873,41,8191,3,0,164,3,4.29813,3878,654,3982,0
362,2.04398,45,0,3,0,96.493,45,8191,3,0,146,3,4.44498,3881,657,3985,0
380,2.14563,24,0,49,0,102.022,24,8185,49,0,139,3,4.72738,3930,660,4034,0
382,2.15697,31,0,2,0,65.862,31,8190,2,0,180,2,4.2247,3932,662,4036,0
251,1.41717,20,0,31,0,88.825,20,8189,31,0,107,0,4.21341,3963,662,4067,0
295,1.66555,26,0,0,0,105.658,26,8189,0,0,150,0,4.59182,3963,662,4067,0
354,1.99873,32,0,1,0,67.919,32,8189,1,0,166,1,3.64296,3964,663,4068,0
453,2.55798,37,0,2,0,62.792,37,8189,2,0,194,2,3.89147,3966,665,4070,0
374,2.11181,42,0,4,0,63.249,42,8189,4,0,169,4,3.69944,3970,669,4074,0
322,1.81817,21,0,46,0,39.164,21,8189,46,0,94,3,3.99314,4016,672,4120,0
392,2.21343,29,0,1,0,52.839,29,8189,1,0,187,1,3.69379,4017,673,4121,0
311,1.75606,21,0,29,0,38.928,21,8189,29,0,151,0,3.6825,4046,673,4150,0
420,2.37156,29,0,30,0,59.515,2,8189,30,0,197,1,3.75592,4076,674,4180,0
320,1.80686,22,0,0,0,49.563,22,8189,0,0,156,0,4.34896,4076,674,4180,0
372,2.10046,29,0,0,0,69.972,29,8189,0,0,190,0,5.94734,4076,674,4180,0
418,2.36021,35,0,2,0,54.519,35,8189,2,0,182,2,6.98093,4078,676,4182,0
425,2.39976,40,0,1,0,71.426,40,8191,1,0,198,1,6.31446,4079,677,4183,0
483,2.72724,45,0,4,0,81.907,45,8189,4,0,204,4,4.10045,4083,681,4187,0
390,2.20213,47,0,4,0,82.569,47,8189,4,0,110,4,3.07251,4087,685,4191,0
355,2.0045,27,0,49,0,43.439,27,8191,49,0,145,1,3.15158,4136,686,4240,0
435,2.45624,33,0,1,0,56.053,33,8191,1,0,207,1,3.39445,4137,687,4241,0
306,1.72788,17,0,38,0,63.364,17,8191,38,0,117,2,3.6712,4175,689,4279,0
221,1.24797,23,0,0,0,102.903,23,8189,0,0,114,0,4.45062,4175,689,4279,0
356,2.01023,29,0,2,0,56.24,29,8189,2,0,156,2,4.98718,4177,691,4281,0
405,2.28689,35,0,1,0,87.7,35,8191,1,0,191,1,5.12274,4178,692,4282,0
293,1.65438,21,0,38,0,60.855,21,8191,38,0,125,2,4.86293,4216,694,4320,0
338,1.90852,28,0,0,0,61.155,28,8189,0,0,173,0,3.85194,4216,694,4320,0
420,2.37154,34,0,2,0,60.139,34,8191,2,0,183,2,5.18486,4218,696,4322,0
424,2.39409,38,0,3,0,76.248,38,8153,3,0,165,3,5.53504,4221,699,4325,0
236,1.33255,5,0,46,0,80.787,5,8189,46,0,82,2,5.33171,4267,701,4371,0
221,1.2479,16,0,0,0,56.018,16,8191,0,0,112,0,3.88582,4267,701,4371,0
349,1.97056,24,0,0,0,69.611,24,8189,0,0,181,0,3.56954,4267,701,4371,0
401,2.26421,32,0,0,0,77.36,32,8189,0,0,204,0,3.72768,4267,701,4371,0
380,2.14566,36,0,2,0,72.291,36,8189,2,0,161,2,4.85728,4269,703,4373,0
354,1.99898,20,0,41,0,50.377,20,8189,41,0,137,2,4.52405,4310,705,4414,0
265,1.49637,26,0,0,0,79.531,26,8189,0,0,138,0,4.07221,4310,705,4414,0
301,1.69964,31,0,0,0,92.033,31,8189,0,0,156,0,3.58648,4310,705,4414,0
424,2.39407,36,0,3,0,77.945,36,8190,3,0,184,3,2.76187,4313,708,4417,0
432,2.43947,41,0,3,0,77.866,41,8189,3,0,164,3,3.62602,4316,711,4420,0
415,2.3433,45,0,2,0,88.672,45,8189,2,0,170,2,4.45627,4318,713,4422,0
371,2.09493,47,0,4,0,93.902,47,8189,4,0,121,4,4.80645,4322,717,4426,0
445,2.51271,50,0,4,0,101.682,50,8189,4,0,156,4,4.33766,4326,721,4430,0
309,1.74475,20,0,54,0,108.187,20,8189,54,0,97,2,3.97619,4380,723,4484,0
385,2.17386,32,0,1,0,51.218,32,8189,1,0,181,1,3.90842,4381,724,4485,0
455,2.56912,38,0,1,0,74.379,38,8153,1,0,211,1,4.6596,4382,725,4486,0
385,2.17388,42,0,3,0,84.534,42,8189,3,0,158,3,4.72738,4385,728,4489,0
357,2.0158,45,0,4,0,88.952,45,8168,4,0,139,4,5.12838,4389,732,4493,0
265,1.49632,24,0,47,0,70.034,24,8189,47,0,105,2,5.29218,4436,734,4540,0
386,2.17952,31,0,0,0,102.01,31,8189,0,0,195,0,4.63701,4436,734,4540,0
387,2.18515,36,0,1,0,97.802,36,8191,1,0,179,1,3.85194,4437,735,4541,0
232,1.30998,7,0,42,0,48.047,7,8191,42,0,97,1,3.63731,4479,736,4583,0
105,0.592889,8,0,13,0,56.294,8,8189,13,0,50,0,3.33232,4492,736,4596,0
242,1.36645,16,0,0,0,54.61,18,8189,0,0,125,0,3.27019,4492,736,4596,0
416,2.34921,27,0,0,0,55.756,27,8191,0,0,209,0,3.46787,4492,736,4596,0
404,2.28114,33,0,2,0,66.607,33,8191,2,0,179,2,3.72768,4494,738,4598,0
430,2.42794,38,0,2,0,58.692,38,8189,2,0,203,2,3.72203,4496,740,4600,0
405,2.28681,42,0,3,0,76.262,42,8189,3,0,148,3,3.43963,4499,743,4603,0
365,2.06096,22,0,49,0,47.132,22,8191,49,0,115,5,3.28714,4548,748,4652,0
374,2.11181,29,0,0,0,55.558,29,8189,0,0,189,0,4.5184,4548,748,4652,0
407,2.29812,17,0,35,0,96.131,17,8189,35,0,183,1,4.15693,4583,749,4687,0
358,2.02137,25,0,1,0,54.622,25,8189,1,0,169,1,5.29218,4584,750,4688,0
359,2.02707,31,0,1,0,78.846,31,8189,1,0,170,1,5.56328,4585,751,4689,0
394,2.2247,37,0,0,0,111.92,37,8189,0,0,199,0,4.46192,4585,751,4689,0
461,2.603,42,0,2,0,64.87,42,8191,2,0,199,2,4.49581,4587,753,4691,0
459,2.5919,46,0,3,0,92.301,46,8189,3,0,172,3,4.0835,4590,756,4694,0
391,2.20777,48,0,6,0,95.471,48,8189,6,0,129,6,3.26454,4596,762,4700,0
248,1.40043,8,0,54,0,42.596,8,8189,54,0,76,2,3.19677,4650,764,4754,0
244,1.37783,17,0,0,0,58.223,17,8191,0,0,125,0,3.00474,4650,764,4754,0
391,2.2079,26,0,0,0,37.061,26,8191,0,0,198,0,3.28149,4650,764,4754,0
391,2.20774,33,0,0,0,69.503,33,8189,0,0,201,0,2.99344,4650,764,4754,0
442,2.49595,39,0,1,0,78.665,39,8191,1,0,206,1,3.9423,4651,765,4755,0
420,2.37168,43,0,3,0,82.233,43,8189,3,0,174,3,4.36026,4654,768,4758,0
361,2.03844,14,0,48,0,74.613,14,8189,48,0,135,2,3.89147,4702,770,4806,0
402,2.2699,29,0,1,0,53.895,29,8189,1,0,187,1,3.65426,4703,771,4807,0
393,2.21905,35,0,1,0,67.779,35,8189,1,0,184,1,3.25325,4704,772,4808,0
311,1.7561,22,0,37,0,57.363,22,8191,37,0,133,1,4.04397,4741,773,4845,0
395,2.23035,29,0,0,0,53.928,29,8189,0,0,200,0,3.59778,4741,773,4845,0
402,2.26987,35,0,2,0,80.965,35,8189,2,0,188,2,3.75027,4743,775,4847,0
426,2.4054,40,0,3,0,71.607,40,8154,3,0,168,3,3.35491,4746,778,4850,0
319,1.8012,25,0,40,0,79.484,25,8189,40,0,134,0,3.47352,4786,778,4890,0
377,2.12871,31,0,2,0,60.858,31,8189,2,0,166,2,3.42269,4788,780,4892,0
461,2.60305,37,0,1,0,69.69,37,8189,1,0,216,1,4.15693,4789,781,4893,0
413,2.33211,40,0,4,0,73.452,40,8189,4,0,141,4,4.26989,4793,785,4897,0
324,1.8297,24,0,43,0,47.152,24,8189,43,0,137,1,4.61442,4836,786,4940,0
465,2.62577,32,0,0,0,54.291,32,8189,0,0,236,0,4.85728,4836,786,4940,0
459,2.5918,38,0,2,0,95.507,38,8189,2,0,199,2,5.12274,4838,788,4942,0
456,2.57494,42,0,3,0,87.724,42,8189,3,0,194,3,4.91376,4841,791,4945,0
362,2.04404,9,0,50,0,89.432,9,8189,50,0,120,5,4.87422,4891,796,4995,0
350,1.97625,28,0,0,0,61.542,28,8189,0,0,172,0,4.43933,4891,796,4995,0
440,2.48435,35,0,0,0,85.968,35,8189,0,0,223,0,3.50176,4891,796,4995,0
389,2.19648,3,0,42,0,76.491,3,8152,42,0,143,3,3.85758,4933,799,5037,0
63,0.355709,4,0,10,0,76.177,4,8190,10,0,30,0,4.19646,4943,799,5047,0
251,1.41726,16,0,0,0,30.387,16,8191,0,0,127,0,4.12869,4943,799,5047,0
344,1.94237,25,0,0,0,44.359,25,8189,0,0,173,0,4.85728,4943,799,5047,0
336,1.89734,31,0,0,0,92.78,31,8191,0,0,168,0,5.3769,4943,799,5047,0
417,2.35458,37,0,1,0,69.444,37,8189,1,0,210,1,4.25859,4944,800,5048,0
375,2.11736,40,0,4,0,72.536,40,8191,4,0,138,4,3.55259,4948,804,5052,0
207,1.16878,21,0,42,0,113.475,21,8191,42,0,79,1,3.56389,4990,805,5094,0
310,1.7505,27,0,0,0,87.986,27,8191,0,0,156,0,3.22501,4990,805,5094,0
445,2.51286,34,0,1,0,69.808,34,8189,1,0,209,1,4.12304,4991,806,5095,0
392,2.21358,39,0,1,0,85.822,39,8189,1,0,183,1,4.46192,4992,807,5096,0
386,2.17984,25,0,41,0,56.849,25,8189,41,0,169,1,5.08885,5033,808,5137,0
390,2.20228,32,0,0,0,87.153,32,8189,0,0,198,0,4.55794,5033,808,5137,0
374,2.11181,36,0,2,0,71.163,36,8156,2,0,158,2,3.78416,5035,810,5139,0
352,1.98756,40,0,3,0,74.921,40,8190,3,0,148,3,3.82934,5038,813,5142,0
433,2.44492,44,0,3,0,90.686,44,8189,3,0,162,3,4.15128,5041,816,5145,0
312,1.76169,23,0,46,0,80.694,23,8189,46,0,111,1,5.25264,5087,817,5191,0
348,1.96497,30,0,0,0,59.782,30,8190,0,0,177,0,4.58053,5087,817,5191,0
379,2.14001,35,0,2,0,76.462,35,8190,2,0,178,2,4.33766,5089,819,5193,0
246,1.389,6,0,43,0,64.766,6,8191,43,0,88,2,3.5187,5132,821,5236,0
252,1.4229,17,0,0,0,54.57,17,8189,0,0,130,0,4.48451,5132,821,5236,0
378,2.13437,26,0,1,0,57.732,26,8189,1,0,193,1,4.51275,5133,822,5237,0
391,2.20776,32,0,0,0,55.789,32,8191,0,0,187,0,3.8011,5133,822,5237,0
400,2.25857,37,0,2,0,73.023,37,8191,2,0,172,2,3.14594,5135,824,5239,0
367,2.07221,7,0,43,0,80.021,7,8189,43,0,129,3,3.8124,5178,827,5282,0
398,2.24736,27,0,0,0,47.937,27,8189,0,0,193,0,4.39414,5178,827,5282,0
339,1.91425,15,0,32,0,55.1,15,8190,32,0,152,1,4.85728,5210,828,5314,0
386,2.17948,25,0,0,0,42.507,25,8189,0,0,194,0,3.64861,5210,828,5314,0
404,2.28124,32,0,0,0,62.504,32,8189,0,0,203,0,5.34866,5210,828,5314,0
422,2.38295,37,0,1,0,77.16,37,8189,1,0,197,1,4.77256,5211,829,5315,0
367,2.07233,21,0,42,0,50.483,21,8191,42,0,141,2,6.11114,5253,831,5357,0
454,2.56348,14,0,29,0,99.795,14,8189,29,0,221,0,5.68754,5282,831,5386,0
307,1.73349,11,0,21,0,74.235,11,8189,21,0,151,0,4.26989,5303,831,5407,0
293,1.65453,20,0,0,0,33.392,20,8189,0,0,148,0,3.67685,5303,831,5407,0
268,1.51326,26,0,0,0,57.975,26,8189,0,0,138,0,3.44528,5303,831,5407,0
427,2.41119,33,0,1,0,82.489,33,8189,1,0,206,1,3.42834,5304,832,5408,0
409,2.30937,38,0,1,0,105.239,38,8189,1,0,192,1,3.46222,5305,833,5409,0
397,2.24164,42,0,3,0,73.008,42,8189,3,0,146,3,3.62602,5308,836,5412,0
449,2.53504,46,0,2,0,91.936,46,8189,2,0,186,2,4.06091,5310,838,5414,0
384,2.16825,50,0,1,0,116.932,50,8189,1,0,172,1,4.47886,5311,839,5415,0
420,2.37135,53,0,2,0,94.1,53,8189,2,0,166,2,3.86888,5313,841,5417,0
395,2.23063,56,0,7,0,115.768,56,8191,7,0,149,7,3.98749,5320,848,5424,0
355,2.00461,31,0,56,0,71.59,31,8191,56,0,142,0,3.57518,5376,848,5480,0
393,2.219,36,0,3,0,70.394,36,8189,3,0,165,3,4.47886,5379,851,5483,0
422,2.38286,40,0,3,0,78.973,40,8189,3,0,164,3,4.20211,5382,854,5486,0
429,2.4223,45,0,2,0,106.72,45,8189,2,0,196,2,4.01008,5384,856,5488,0
473,2.67077,12,0,53,0,82.574,3,8155,53,0,168,5,4.00443,5437,861,5541,0
393,2.21906,30,0,0,0,51.901,30,8189,0,0,187,0,4.71608,5437,861,5541,0
392,2.21345,35,0,2,0,60.812,35,8189,2,0,171,2,4.54099,5439,863,5543,0
425,2.39966,40,0,3,0,75.47,40,8189,3,0,182,3,3.77851,5442,866,5546,0
353,1.99327,25,0,40,0,61.934,25,8189,40,0,153,0,4.65395,5482,866,5586,0
434,2.45038,32,0,2,0,65.601,32,8190,2,0,206,2,4.91941,5484,868,5588,0
375,2.1176,36,0,3,0,73.857,36,8189,3,0,131,3,5.0945,5487,871,5591,0
426,2.40561,41,0,3,0,81.772,41,8191,3,0,179,3,4.34896,5490,874,5594,0
329,1.8577,21,0,44,0,57.708,21,8191,44,0,100,2,3.77851,5534,876,5638,0
224,1.26481,13,0,25,0,121.65,13,8189,25,0,108,0,4.02702,5559,876,5663,0
317,1.79001,22,0,0,0,53.581,22,8189,0,0,163,0,4.26989,5559,876,5663,0
420,2.37167,30,0,0,0,67.751,30,8189,0,0,214,0,4.06656,5559,876,5663,0
442,2.49576,35,0,3,0,57.537,35,8189,3,0,179,3,3.89712,5562,879,5666,0
386,2.17894,39,0,3,0,78.708,39,8152,3,0,143,3,4.20776,5565,882,5669,0
418,2.36037,43,0,4,0,81.453,43,8189,4,0,157,4,5.06061,5569,886,5673,0
335,1.89088,25,0,44,0,49.354,25,8189,44,0,139,1,5.24699,5613,887,5717,0
348,1.96495,31,0,1,0,72.771,31,8191,1,0,164,1,4.92506,5614,888,5718,0
319,1.80122,17,0,36,0,58.805,17,8189,36,0,123,2,4.55794,5650,890,5754,0
400,2.25864,26,0,0,0,57.753,26,8191,0,0,202,0,3.59778,5650,890,5754,0
432,2.43955,33,0,0,0,81.451,33,8191,0,0,219,0,3.65426,5650,890,5754,0
457,2.5806,39,0,2,0,70.026,39,8189,2,0,198,2,4.3772,5652,892,5756,0
442,2.49568,43,0,2,0,75.468,43,8189,2,0,187,2,4.56923,5654,894,5758,0
450,2.5409,46,0,4,0,73.014,46,8189,4,0,146,4,4.62571,5658,898,5762,0
429,2.42231,24,0,54,0,48.427,24,8189,54,0,138,5,4.64266,5712,903,5816,0
433,2.4451,31,0,0,0,57.759,31,8189,0,0,219,0,4.12869,5712,903,5816,0
422,2.38279,37,0,2,0,72.223,37,8189,2,0,181,2,3.91406,5714,905,5818,0
448,2.52969,41,0,4,0,82.047,41,8189,4,0,170,4,4.06656,5718,909,5822,0
353,1.99319,4,0,47,0,91.478,4,8189,47,0,116,3,3.8124,5765,912,5869,0
372,2.10047,28,0,0,0,51.145,28,8189,0,0,180,0,4.02702,5765,912,5869,0
403,2.27566,34,0,1,0,63.464,34,8189,1,0,187,1,3.76722,5766,913,5870,0
392,2.21342,38,0,4,0,81.482,38,8189,4,0,169,4,4.90811,5770,917,5874,0
259,1.46244,20,0,41,0,59.166,20,8189,41,0,68,2,3.9423,5811,919,5915,0
391,2.2079,28,0,0,0,66.988,28,8191,0,0,199,0,4.08915,5811,919,5915,0
361,2.03857,33,0,2,0,78.409,33,8191,2,0,157,2,3.9536,5813,921,5917,0
388,2.19039,37,0,3,0,69.221,37,8154,3,0,149,3,3.82934,5816,924,5920,0
429,2.42233,41,0,5,0,76.143,41,8191,5,0,163,5,3.53565,5821,929,5925,0
340,1.91975,22,0,46,0,47.537,22,8189,46,0,104,3,3.08946,5867,932,5971,0
421,2.3773,30,0,0,0,65.343,30,8189,0,0,212,0,3.49046,5867,932,5971,0
415,2.34338,36,0,1,0,71.961,36,8189,1,0,195,1,3.11205,5868,933,5972,0
452,2.55229,41,0,2,0,87.174,41,8189,2,0,211,2,4.28683,5870,935,5974,0
438,2.47327,44,0,48,0,72.147,2,8191,48,0,139,4,5.24134,5918,939,6022,0
342,1.93126,27,0,0,0,42.38,27,8190,0,0,165,0,6.19586,5918,939,6022,0
397,2.24181,33,0,2,0,66.343,33,8190,2,0,174,2,4.85163,5920,941,6024,0
425,2.39989,38,0,3,0,71.119,38,8189,3,0,164,3,3.71638,5923,944,6027,0
389,2.19649,21,0,43,0,37.325,21,8189,43,0,148,3,3.34362,5966,947,6070,0
402,2.26992,29,0,0,0,56.23,29,8191,0,0,203,0,3.72203,5966,947,6070,0
417,2.35459,34,0,2,0,55.935,34,8191,2,0,184,2,4.5184,5968,949,6072,0
459,2.59173,40,0,3,0,62.851,40,8189,3,0,216,3,4.28683,5971,952,6075,0
298,1.68271,7,0,49,0,42.362,7,8189,49,0,92,3,3.63166,6020,955,6124,0
323,1.82384,19,0,0,0,44.868,19,8189,0,0,159,0,2.64326,6020,955,6124,0
378,2.13432,27,0,0,0,46.066,27,8191,0,0,193,0,2.63197,6020,955,6124,0
328,1.85202,32,0,2,0,102.824,32,8189,2,0,139,2,2.71104,6022,957,6126,0
443,2.50143,37,0,3,0,67.441,37,8189,3,0,192,3,3.55259,6025,960,6129,0
395,2.23038,42,0,2,0,67.196,42,8189,2,0,181,2,5.39384,6027,962,6131,0
384,2.16812,45,0,4,0,116.449,45,8189,4,0,134,4,4.87987,6031,966,6135,0
350,1.97632,24,0,48,0,63.402,24,8189,48,0,121,2,4.3885,6079,968,6183,0
383,2.16276,31,0,0,0,59.684,31,8189,0,0,196,0,4.30942,6079,968,6183,0
384,2.16832,35,0,3,0,75.321,35,8189,3,0,163,3,5.12274,6082,971,6186,0
406,2.29243,40,0,3,0,81.628,40,8189,3,0,155,3,4.45627,6085,974,6189,0
445,2.51268,44,0,1,0,93.22,44,8189,1,0,207,1,3.95925,6086,975,6190,0
405,2.28681,47,0,6,0,95.145,47,8177,6,0,138,6,4.07786,6092,981,6196,0
325,1.83515,27,0,50,0,48.755,27,8191,50,0,131,2,4.13998,6142,983,6246,0
386,2.17962,33,0,1,0,74.474,33,8189,1,0,183,1,4.06656,6143,984,6247,0
400,2.2587,38,0,2,0,94.774,38,8189,2,0,170,2,3.60342,6145,986,6249,0
452,2.55221,42,0,2,0,97.083,42,8150,2,0,191,2,3.20242,6147,988,6251,0
373,2.10613,46,0,4,0,97.914,46,8191,4,0,166,4,3.39445,6151,992,6255,0
422,2.38299,46,0,4,0,85.375,49,8189,4,0,127,4,3.03862,6155,996,6259,0
498,2.81193,52,0,4,0,96.599,52,8191,4,0,178,4,3.8237,6159,1000,6263,0
381,2.1513,55,0,3,0,119.568,55,8191,3,0,142,3,3.53565,6162,1003,6266,0
409,2.30938,57,0,7,0,96.597,57,8189,7,0,151,7,3.48482,6169,1010,6273,0
475,2.68206,60,0,5,0,104.614,60,8191,5,0,159,5,2.98214,6174,1015,6278,0
383,2.16273,62,0,7,0,105.524,62,8190,7,0,104,7,3.18547,6181,1022,6285,0
416,2.34894,63,0,8,0,110.331,63,8176,8,0,98,8,3.50176,6189,1030,6293,0
442,2.49573,65,0,5,0,125.112,65,8189,5,0,122,5,4.12304,6194,1035,6298,0
389,2.19648,3,0,73,0,120.808,3,8124,64,0,104,6,3.55824,6258,1041,6371,0
394,2.2247,37,0,1,0,77.662,37,8191,1,0,185,1,4.74432,6259,1042,6372,0
341,1.9255,20,0,42,0,57.741,20,8191,42,0,111,3,5.59152,6301,1045,6414,0
435,2.4563,28,0,0,0,63.115,28,8189,0,0,216,0,5.00413,6301,1045,6414,0
425,2.39972,35,0,0,0,64.715,35,8189,0,0,215,0,3.92536,6301,1045,6414,0
389,2.19646,4,0,42,0,68.863,4,8190,42,0,127,4,3.75592,6343,1049,6456,0
422,2.38291,27,0,0,0,45.814,27,8189,0,0,206,0,3.48482,6343,1049,6456,0
398,2.24731,33,0,1,0,63.898,33,8189,1,0,200,1,3.48482,6344,1050,6457,0
340,1.91979,22,0,33,0,40.803,22,8189,33,0,148,0,3.77851,6377,1050,6490,0
419,2.36599,30,0,1,0,63.01,30,8191,1,0,195,1,3.6599,6378,1051,6491,0
363,2.04787,34,0,3,0,74.442,34,8189,3,0,142,3,4.89117,6381,1054,6494,0
376,2.12324,38,0,3,0,88.307,38,8189,3,0,140,3,4.98154,6384,1057,6497,0
396,2.23599,41,0,6,0,81.035,41,8191,6,0,126,6,4.86293,6390,1063,6503,0
416,2.34893,45,0,3,0,83.889,45,8189,3,0,150,3,4.37155,6393,1066,6506,0
345,1.94731,26,0,47,0,53.484,26,8189,47,0,141,2,4.23035,6440,1068,6553,0
437,2.46746,33,0,2,0,56.198,33,8189,2,0,207,2,4.15128,6442,1070,6555,0
347,1.9594,23,0,33,0,35.221,23,8189,33,0,156,0,3.86323,6475,1070,6588,0
421,2.37714,31,0,0,0,53.344,31,8191,0,0,211,0,4.15693,6475,1070,6588,0
433,2.44491,37,0,2,0,78.358,37,8189,2,0,204,2,5.38819,6477,1072,6590,0
388,2.19096,41,0,1,0,90.236,41,8190,1,0,180,1,5.30912,6478,1073,6591,0
436,2.46185,44,0,3,0,68.138,44,8189,3,0,143,3,4.93635,6481,1076,6594,0
393,2.21898,47,0,5,0,88.543,47,8189,5,0,131,5,3.60907,6486,1081,6599,0
204,1.15189,12,0,54,0,35.659,12,8189,54,0,82,0,3.32102,6540,1081,6653,0
279,1.57557,20,0,0,0,52.567,20,8191,0,0,139,0,2.90872,6540,1081,6653,0
420,2.37167,29,0,0,0,43.98,29,8189,0,0,211,0,3.14594,6540,1081,6653,0
316,1.7844,34,0,0,0,90.298,34,8189,0,0,164,0,5.28653,6540,1081,6653,0
405,2.28684,39,0,2,0,69.783,39,8189,2,0,174,2,4.61442,6542,1083,6655,0
420,2.37161,43,0,6,0,86.767,43,8191,6,0,175,6,4.38285,6548,1089,6661,0
403,2.27555,46,0,2,0,88.549,46,8191,2,0,144,2,5.27523,6550,1091,6663,0
378,2.13446,49,0,5,0,103.873,49,8189,5,0,126,5,5.0945,6555,1096,6668,0
378,2.13433,51,0,3,0,113.786,51,8189,3,0,103,3,5.64235,6558,1099,6671,0
391,2.20777,54,0,6,0,119.663,54,8190,6,0,148,6,4.31507,6564,1105,6677,0
455,2.56868,56,0,6,0,85.197,56,8191,6,0,128,6,4.63701,6570,1111,6683,0
402,2.26979,58,0,5,0,106.704,58,8191,5,0,123,5,4.49581,6575,1116,6688,0
428,2.41667,58,0,9,0,96.556,60,8191,9,0,132,9,4.28683,6584,1125,6697,0
431,2.43372,62,0,7,0,108.196,62,8190,7,0,130,7,3.87453,6591,1132,6704,0
314,1.77307,3,0,72,0,112.715,3,8128,68,0,67,9,4.43368,6659,1141,6776,0
368,2.07729,34,0,1,0,62.838,34,8191,1,0,159,1,3.6825,6660,1142,6777,0
360,2.03205,39,0,2,0,83.975,39,8190,2,0,165,2,3.63166,6662,1144,6779,0
344,1.94239,24,0,39,0,48.761,24,8189,39,0,148,0,3.1064,6701,1144,6818,0
424,2.39404,32,0,1,0,75.008,32,8189,1,0,202,1,3.59778,6702,1145,6819,0
348,1.96393,23,0,32,0,55.635,23,8189,32,0,170,0,4.03832,6734,1145,6851,0
431,2.43265,31,0,0,0,50.198,31,8191,0,0,217,0,4.58053,6734,1145,6851,0
412,2.32634,36,0,3,0,71.783,36,8189,3,0,177,3,4.35461,6737,1148,6854,0
379,2.13988,41,0,1,0,79.891,41,8189,1,0,178,1,4.56923,6738,1149,6855,0
291,1.64311,24,0,43,0,61.064,24,8191,43,0,117,2,5.44467,6781,1151,6898,0
403,2.27556,31,0,0,0,66.037,31,8191,0,0,207,0,5.34301,6781,1151,6898,0
321,1.81257,35,0,2,0,100.073,35,8191,2,0,130,2,5.34866,6783,1153,6900,0
415,2.3434,39,0,5,0,71.705,39,8191,5,0,161,5,4.26989,6788,1158,6905,0
415,2.34338,43,0,2,0,87.833,43,8191,2,0,176,2,4.92506,6790,1160,6907,0
298,1.68269,24,0,47,0,54.051,24,8191,47,0,102,3,4.9307,6837,1163,6954,0
427,2.41089,31,0,1,0,59.8,31,8191,1,0,202,1,5.5068,6838,1164,6955,0
379,2.13992,7,0,38,0,67.347,7,8189,38,0,142,3,5.20181,6876,1167,6993,0
378,2.13445,25,0,0,0,47.183,25,8191,0,0,189,0,5.48421,6876,1167,6993,0
415,2.34319,32,0,2,0,66.023,32,8191,2,0,195,2,5.3543,6878,1169,6995,0
359,2.02716,36,0,1,0,94.092,36,8191,1,0,152,1,5.04366,6879,1170,6996,0
432,2.43926,41,0,3,0,95.075,41,8191,3,0,211,3,4.2473,6882,1173,6999,0
423,2.38837,45,0,4,0,82.225,45,8189,4,0,161,4,3.82934,6886,1177,7003,0
385,2.17396,48,0,5,0,106.176,48,8190,5,0,127,5,3.63166,6891,1182,7008,0
450,2.54076,51,0,5,0,104.246,51,8189,5,0,157,5,4.38285,6896,1187,7013,0
344,1.94233,53,0,7,0,108.676,53,8189,7,0,97,7,4.90811,6903,1194,7020,0
312,1.76171,29,0,54,0,50.193,29,8189,54,0,120,1,4.07221,6957,1195,7074,0
422,2.38296,35,0,2,0,60.521,35,8191,2,0,181,2,3.49611,6959,1197,7076,0
454,2.56347,40,0,2,0,67.463,40,8191,2,0,213,2,2.44558,6961,1199,7078,0
447,2.52398,45,0,3,0,72.743,45,8189,3,0,185,3,3.29278,6964,1202,7081,0
374,2.11185,27,0,47,0,52.189,27,8189,47,0,157,2,3.5413,7011,1204,7128,0
383,2.1626,33,0,2,0,79.715,33,8189,2,0,183,2,6.37094,7013,1206,7130,0
332,1.87463,21,0,35,0,41.372,21,8189,35,0,129,1,6.27493,7048,1207,7165,0
352,1.98755,28,0,1,0,49.572,28,8189,1,0,169,1,3.9423,7049,1208,7166,0
425,2.39957,34,0,2,0,64.384,34,8191,2,0,189,2,4.37155,7051,1210,7168,0
421,2.37715,39,0,2,0,76.518,39,8191,2,0,179,2,5.57458,7053,1212,7170,0


