SendPacket,SendRate(Mb/s),FlightSize,ReceiveRate(Mb/s),Send Loss,Recv Loss,RTT(ms),CWnd,FlowWindow,Retrans,PktSndPeriod(us),RecvACK,RecvNAK,EstimatedBandwidth(Mb/s),Retrans_Total,NAK_TotalRecv,Total Send Loss,Total Recv Loss
257,2.73694,55,0,7,0,135.382,55,8189,7,0,61,7,9.83091,7,7,7,0
281,3.27151,72,0,18,0,159.274,72,8179,18,0,34,18,8.37491,25,25,25,0
182,2.11943,21,0,81,0,87.863,21,8189,81,0,22,8,6.79078,106,33,106,0
309,3.59848,41,0,8,0,90.514,41,8191,8,0,96,8,5.14842,114,41,114,0
290,3.37659,52,0,7,0,146.96,57,8190,7,0,72,7,4.6592,121,48,121,0
202,2.35235,3,0,68,0,154.162,3,8191,68,0,9,10,4.62426,189,58,189,0
163,1.89812,13,0,3,0,38.848,13,8189,3,0,82,0,5.06688,192,58,192,0
232,2.70163,9,0,19,0,47.939,9,8189,19,0,107,1,4.74074,211,59,211,0
218,2.53815,8,0,17,0,63.398,8,8191,17,0,103,1,4.9504,228,60,228,0
228,2.65504,17,0,1,0,49.749,17,8190,1,0,114,1,4.12339,229,61,229,0
228,2.65497,13,0,20,0,46.799,13,8189,20,0,97,1,3.63418,249,62,249,0
236,2.74786,20,0,0,0,66.591,20,8191,0,0,122,0,3.4944,249,62,249,0
237,2.75984,24,0,3,0,65.533,24,8190,3,0,92,3,3.7623,252,65,252,0
293,3.41193,28,0,5,0,73.43,28,8190,5,0,115,5,4.51942,257,70,257,0
241,2.8065,19,0,29,0,54.442,19,8189,29,0,96,1,6.76749,286,71,286,0
239,2.78259,23,0,3,0,82.038,23,8189,3,0,104,3,7.3033,289,74,289,0
217,2.52698,15,0,26,0,47.193,15,8189,26,0,82,2,5.63763,315,76,315,0
254,2.95726,3,0,23,0,62.562,3,8191,23,0,109,2,5.10182,338,78,338,0
233,2.71326,17,0,0,0,57.006,17,8191,0,0,116,0,4.71744,338,78,338,0
259,3.01601,23,0,3,0,65.416,23,8191,3,0,113,3,4.77568,341,81,341,0
239,2.78322,27,0,2,0,93.987,27,8191,2,0,100,2,4.60096,343,83,343,0
174,2.02622,16,0,29,0,53.666,16,8190,29,0,70,2,4.86886,372,85,372,0
248,2.88797,23,0,1,0,83.638,23,8190,1,0,127,1,4.62426,373,86,373,0
217,2.52688,14,0,26,0,52.005,14,8190,26,0,73,2,4.20493,399,88,399,0
284,3.30706,21,0,1,0,65.304,21,8191,1,0,137,1,4.12339,400,89,400,0
295,3.43526,27,0,2,0,69.854,27,8191,2,0,139,2,4.19328,402,91,402,0
300,3.49359,31,0,3,0,94.952,31,8191,3,0,118,3,4.76403,405,94,405,0
204,2.37569,17,0,35,0,54.943,17,8189,35,0,67,4,4.50778,440,98,440,0
282,3.28391,23,0,5,0,71.762,23,8191,5,0,117,5,4.83392,445,103,445,0
224,2.60843,26,0,4,0,77.589,26,8190,4,0,85,4,3.87878,449,107,449,0
227,2.64334,18,0,26,0,68.207,18,8191,26,0,100,0,3.73901,475,107,475,0
179,2.08445,5,0,25,0,69.642,5,8189,25,0,81,1,3.54099,500,108,500,0
201,2.34059,15,0,0,0,50.287,15,8189,0,0,105,0,3.14496,500,108,500,0
205,2.38721,11,0,20,0,55.331,11,8189,20,0,93,1,3.12166,520,109,520,0
275,3.20228,20,0,0,0,63.963,20,8189,0,0,140,0,4.01856,520,109,520,0
268,3.12085,21,0,3,0,70.924,25,8189,3,0,109,3,4.60096,523,112,523,0
218,2.53807,16,0,27,0,42.742,16,8191,27,0,81,2,4.62426,550,114,550,0
238,2.77149,21,0,24,0,69.911,2,8191,24,0,97,3,5.19501,574,117,574,0
186,2.166,16,0,0,0,50.074,16,8189,0,0,94,0,6.03366,574,117,574,0
229,2.66682,10,0,22,0,57.914,10,8191,22,0,103,1,5.34643,596,118,596,0
268,3.12075,19,0,0,0,56.677,19,8189,0,0,137,0,5.56774,596,118,596,0
265,3.08517,24,0,3,0,68.178,24,8190,3,0,120,3,5.88224,599,121,599,0
202,2.35229,14,0,29,0,61.631,14,8189,29,0,75,3,5.27654,628,124,628,0
179,2.08442,19,0,2,0,61.187,19,8189,2,0,77,2,4.72909,630,126,630,0
223,2.59673,10,0,25,0,63.482,10,8189,25,0,91,2,5.35808,655,128,655,0
245,2.85316,19,0,0,0,58.093,19,8191,0,0,128,0,4.60096,655,128,655,0
193,2.24756,15,0,20,0,47.009,15,8189,20,0,88,1,4.62426,675,129,675,0
190,2.21252,10,0,20,0,66.646,10,8191,20,0,86,1,3.93702,695,130,695,0
251,2.92188,18,0,0,0,65.867,18,8189,0,0,127,0,4.23987,695,130,695,0
209,2.43332,14,0,21,0,45.911,14,8191,21,0,95,1,3.54099,716,131,716,0
268,3.12087,21,0,2,0,70.272,21,8191,2,0,130,2,4.00691,718,133,718,0
264,3.07453,26,0,4,0,74.483,26,8189,4,0,102,4,4.84557,722,137,722,0
214,2.49197,15,0,29,0,43.569,15,8189,29,0,81,2,5.77741,751,139,751,0
203,2.36394,3,0,22,0,61.777,3,8172,22,0,78,3,4.9271,773,142,773,0
118,1.37409,11,0,3,0,67.613,11,8189,3,0,59,0,4.368,776,142,776,0
244,2.84146,19,0,0,0,56.503,19,8191,0,0,124,0,3.69242,776,142,776,0
177,2.06116,10,0,24,0,68.48,10,8190,24,0,59,3,3.84384,800,145,800,0
203,2.36379,17,0,1,0,58.502,17,8189,1,0,98,1,3.16826,801,146,801,0
249,2.89916,3,0,24,0,66.476,3,8168,24,0,118,1,2.98189,825,147,825,0
134,1.56052,12,0,3,0,58.917,12,8191,3,0,70,0,3.12166,828,147,828,0
231,2.69007,19,0,1,0,55.495,19,8191,1,0,109,1,4.16998,829,148,829,0
254,2.95803,24,0,2,0,70.637,24,8190,2,0,115,2,4.30976,831,150,831,0
275,3.20239,28,0,3,0,77.193,28,8189,3,0,116,3,5.10182,834,153,834,0
266,3.09771,32,0,3,0,94.996,32,8189,3,0,111,3,4.15834,837,156,837,0
266,3.09752,35,0,5,0,114.19,35,8191,5,0,91,5,4.48448,842,161,842,0
271,3.15589,37,0,8,0,102.852,37,8191,8,0,89,8,3.7856,850,169,850,0
208,2.42204,10,0,41,0,113.276,10,8191,41,0,51,3,3.56429,891,172,891,0
237,2.75984,23,0,1,0,76.349,23,8189,1,0,111,1,3.8089,892,173,892,0
243,2.82971,27,0,6,0,91.485,27,8190,6,0,92,6,3.87878,898,179,898,0
262,3.05096,29,0,4,0,72.366,29,8191,4,0,72,4,3.71571,902,183,902,0
277,3.22563,33,0,3,0,79.581,33,8191,3,0,111,3,4.3913,905,186,905,0
251,2.92162,36,0,4,0,111.646,36,8191,4,0,99,4,4.88051,909,190,909,0
249,2.89975,38,0,8,0,106.106,38,8189,8,0,75,8,4.67085,917,198,917,0
220,2.56203,40,0,6,0,124.231,40,8189,6,0,60,6,4.368,923,204,923,0
287,3.34218,49,0,9,0,134.396,49,8189,9,0,82,9,4.20493,932,213,932,0
301,3.5033,64,0,10,0,153.876,64,8189,10,0,66,10,3.98362,942,223,942,0
156,1.81658,70,0,8,0,157.221,70,8146,8,0,21,8,3.77395,950,231,950,0
234,2.72506,9,0,107,0,84.232,9,8189,95,0,52,2,3.23814,1045,233,1057,0
232,2.70163,21,0,3,0,60.99,21,8191,3,0,93,3,3.72736,1048,236,1060,0
220,2.56188,14,0,24,0,46.048,14,8191,24,0,98,1,4.04186,1072,237,1084,0
276,3.2142,22,0,0,0,75.629,22,8189,0,0,139,0,4.32141,1072,237,1084,0
206,2.39882,14,0,26,0,51.856,14,8189,26,0,79,2,4.74074,1098,239,1110,0
269,3.13246,21,0,0,0,68.552,21,8190,0,0,138,0,4.56602,1098,239,1110,0
244,2.84129,25,0,4,0,76.955,25,8189,4,0,88,4,4.64755,1102,243,1114,0
274,3.19068,29,0,4,0,74.249,29,8189,4,0,106,4,4.55437,1106,247,1118,0
192,2.23589,16,0,31,0,65.351,16,8189,31,0,66,2,5.27654,1137,249,1149,0
257,2.99287,22,0,2,0,69.166,22,8191,2,0,124,2,5.06688,1139,251,1151,0
215,2.5038,15,0,25,0,45.391,15,8189,25,0,85,2,5.11347,1164,253,1176,0
276,3.21409,22,0,1,0,61.561,22,8189,1,0,138,1,5.22995,1165,254,1177,0
263,3.06274,27,0,2,0,84.978,27,8189,2,0,116,2,3.87878,1167,256,1179,0
266,3.09753,19,0,28,0,50.861,19,8191,28,0,119,1,4.22822,1195,257,1207,0
251,2.92288,24,0,2,0,74.228,24,8191,2,0,121,2,4.368,1197,259,1209,0
258,3.00447,28,0,3,0,76.285,28,8190,3,0,99,3,3.56429,1200,262,1212,0
205,2.38733,18,0,29,0,68.934,18,8190,29,0,87,1,3.87878,1229,263,1241,0
227,2.6435,13,0,22,0,45.706,13,8189,22,0,103,1,2.99354,1251,264,1263,0
211,2.45687,19,0,1,0,68.662,19,8189,1,0,103,1,3.7623,1252,265,1264,0
277,3.22575,24,0,3,0,74.632,24,8189,3,0,111,3,3.33133,1255,268,1267,0
222,2.58519,11,0,32,0,77.295,11,8189,32,0,67,6,4.22822,1287,274,1299,0
240,2.79476,19,0,2,0,59.099,19,8189,2,0,104,2,4.49613,1289,276,1301,0
230,2.67832,7,0,25,0,69.371,7,8189,25,0,95,2,4.62426,1314,278,1326,0
209,2.43379,18,0,0,0,61.302,18,8191,0,0,107,0,5.32314,1314,278,1326,0
222,2.58527,22,0,2,0,68.769,22,8189,2,0,100,2,5.47456,1316,280,1328,0
204,2.37577,3,0,28,0,76.424,3,8191,28,0,81,2,5.32314,1344,282,1356,0
242,2.81825,19,0,1,0,60.122,19,8191,1,0,113,1,4.98534,1345,283,1357,0
282,3.28405,25,0,1,0,69.823,25,8189,1,0,133,1,5.46291,1346,284,1358,0
268,3.12084,29,0,4,0,88.493,29,8189,4,0,113,4,4.67085,1350,288,1362,0
201,2.34061,15,0,33,0,60.175,15,8191,33,0,69,2,4.42624,1383,290,1395,0
287,3.34209,23,0,0,0,70.265,23,8189,0,0,150,0,4.0535,1383,290,1395,0
287,3.34209,28,0,3,0,80.114,28,8191,3,0,126,3,3.73901,1386,293,1398,0
240,2.79476,18,0,29,0,44.414,18,8189,29,0,104,1,4.93875,1415,294,1427,0
228,2.65511,12,0,23,0,36.675,12,8189,23,0,95,2,3.92538,1438,296,1450,0
295,3.43542,21,0,1,0,63.777,21,8170,1,0,141,1,5.60269,1439,297,1451,0
228,2.65504,16,0,23,0,40.549,16,8189,23,0,102,1,5.33478,1462,298,1474,0
237,2.75984,22,0,1,0,61.739,22,8191,1,0,113,1,4.99699,1463,299,1475,0
272,3.16739,26,0,3,0,82.224,26,8167,3,0,109,3,5.57939,1466,302,1478,0
246,2.86461,29,0,4,0,82.465,29,8191,4,0,79,4,4.25152,1470,306,1482,0
249,2.89959,19,0,30,0,49.829,19,8189,30,0,106,1,4.37965,1500,307,1512,0
267,3.10903,24,0,2,0,66.133,24,8189,2,0,116,2,4.21658,1502,309,1514,0
280,3.2607,29,0,1,0,75.719,29,8189,1,0,130,1,4.50778,1503,310,1515,0
255,2.96958,8,0,34,0,88.475,8,8189,34,0,88,3,6.9655,1537,313,1549,0
269,3.13243,21,0,3,0,60.476,21,8171,3,0,117,3,5.67258,1540,316,1552,0
269,3.13245,26,0,3,0,80.413,26,8191,3,0,117,3,6.27827,1543,319,1555,0
253,2.94617,29,0,6,0,90.657,29,8174,6,0,92,6,6.16179,1549,325,1561,0
247,2.87629,32,0,3,0,101.672,32,8189,3,0,83,3,6.06861,1552,328,1564,0
234,2.72496,19,0,34,0,62.61,19,8189,34,0,91,2,6.05696,1586,330,1598,0
240,2.7949,12,0,24,0,53.739,12,8189,24,0,107,1,5.46291,1610,331,1622,0
263,3.06263,20,0,0,0,69.895,20,8189,0,0,135,0,5.33478,1610,331,1622,0
198,2.30588,11,0,25,0,61.212,11,8189,25,0,78,2,4.61261,1635,333,1647,0
264,3.07453,20,0,0,0,58.136,20,8189,0,0,134,0,4.89216,1635,333,1647,0
211,2.45723,14,0,23,0,45.113,14,8190,23,0,95,1,4.71744,1658,334,1670,0
209,2.43382,19,0,2,0,71.019,19,8191,2,0,92,2,4.53107,1660,336,1672,0
246,2.86465,24,0,2,0,81.211,24,8189,2,0,109,2,4.79898,1662,338,1674,0
236,2.74822,27,0,4,0,91.016,27,8165,4,0,84,4,4.76403,1666,342,1678,0
274,3.19063,31,0,4,0,76.546,31,8189,4,0,103,4,4.67085,1670,346,1682,0
233,2.71346,18,0,34,0,50.447,18,8189,34,0,85,3,4.90381,1704,349,1716,0
220,2.56208,3,0,24,0,58.536,3,8169,24,0,95,2,4.78733,1728,351,1740,0
132,1.53722,11,0,3,0,46.662,11,8189,3,0,66,0,4.55437,1731,351,1743,0
210,2.44543,19,0,0,0,100.015,19,8191,0,0,112,0,4.99699,1731,351,1743,0
285,3.31878,25,0,1,0,79.034,25,8189,1,0,138,1,5.75411,1732,352,1744,0
267,3.10914,29,0,3,0,93.027,29,8189,3,0,105,3,4.86886,1735,355,1747,0
211,2.45708,16,0,32,0,55.093,16,8189,32,0,75,2,4.46118,1767,357,1779,0
253,2.94615,22,0,2,0,91.297,22,8189,2,0,120,2,3.92538,1769,359,1781,0
206,2.39888,14,0,25,0,40.5,14,8191,25,0,81,2,3.90208,1794,361,1806,0
226,2.63175,14,0,16,0,45.453,14,8190,16,0,104,1,3.77395,1810,362,1822,0
248,2.88793,21,0,1,0,48.284,21,8191,1,0,121,1,4.06515,1811,363,1823,0
286,3.33037,26,0,3,0,68.432,26,8190,3,0,126,3,3.59923,1814,366,1826,0
209,2.43382,16,0,28,0,50.376,16,8190,28,0,78,1,3.91373,1842,367,1854,0
269,3.13263,22,0,2,0,53.19,22,8189,2,0,120,2,4.13504,1844,369,1856,0
227,2.64343,15,0,25,0,50.623,15,8189,25,0,96,2,4.06515,1869,371,1881,0
245,2.85291,22,0,0,0,71.502,22,8189,0,0,126,0,3.72736,1869,371,1881,0
270,3.14429,27,0,4,0,79.683,27,8187,4,0,119,4,4.06515,1873,375,1885,0
253,2.94632,30,0,5,0,76.089,30,8191,5,0,91,5,3.4711,1878,380,1890,0
252,2.9346,17,0,34,0,66.363,17,8189,34,0,96,2,4.20493,1912,382,1924,0
290,3.37712,23,0,1,0,66.421,23,8189,1,0,136,1,4.84557,1913,383,1925,0
253,2.94633,27,0,6,0,87.008,27,8189,6,0,84,6,4.15834,1919,389,1931,0
265,3.08591,31,0,1,0,82.242,31,8191,1,0,125,1,4.01856,1920,390,1932,0
157,1.82822,11,0,36,0,40.839,11,8191,36,0,63,1,3.94867,1956,391,1968,0
228,2.65501,18,0,0,0,45.996,18,8189,0,0,116,0,4.32141,1956,391,1968,0
264,3.07424,7,0,25,0,78.531,7,8189,25,0,120,1,4.89216,1981,392,1993,0
258,3.00457,19,0,0,0,50.363,19,8189,0,0,131,0,5.89389,1981,392,1993,0
264,3.07429,25,0,3,0,72.568,25,8189,3,0,116,3,4.99699,1984,395,1996,0
264,3.07425,28,0,5,0,90.551,28,8189,5,0,99,5,4.99699,1989,400,2001,0
250,2.91116,19,0,30,0,56.858,19,8189,30,0,105,2,4.6359,2019,402,2031,0
165,1.92139,13,0,20,0,64.613,13,8189,20,0,72,1,4.41459,2039,403,2051,0
234,2.72489,12,0,18,0,30.036,12,8191,18,0,109,1,4.27482,2057,404,2069,0
300,3.49352,21,0,0,0,60.444,21,8189,0,0,151,0,3.65747,2057,404,2069,0
253,2.94639,25,0,2,0,83.366,25,8189,2,0,107,2,3.2265,2059,406,2071,0
194,2.25915,15,0,28,0,49.693,15,8191,28,0,82,1,3.45946,2087,407,2099,0
239,2.78312,21,0,2,0,59.166,21,8190,2,0,114,2,3.87878,2089,409,2101,0
241,2.80637,16,0,23,0,43.339,16,8191,23,0,101,1,4.26317,2112,410,2124,0
198,2.3057,6,0,24,0,45.952,6,8191,22,0,90,1,4.51942,2134,411,2148,0
179,2.0845,15,0,0,0,51.698,15,8189,0,0,96,0,3.75066,2134,411,2148,0
235,2.73657,21,0,1,0,82.168,21,8191,1,0,113,1,3.4944,2135,412,2149,0
258,3.00433,26,0,1,0,94.337,26,8189,1,0,133,1,3.54099,2136,413,2150,0
242,2.81793,29,0,3,0,69.252,29,8189,3,0,73,3,3.1799,2139,416,2153,0
281,3.27218,32,0,4,0,89.83,32,8160,4,0,89,4,4.43789,2143,420,2157,0
251,2.92278,17,0,35,0,56.309,17,8189,35,0,93,2,5.33478,2178,422,2192,0
240,2.7948,15,0,19,0,43.282,15,8189,19,0,121,0,5.85894,2197,422,2211,0
270,3.14438,21,0,1,0,63.243,22,8191,1,0,135,1,5.88224,2198,423,2212,0
216,2.51542,3,0,28,0,80.741,3,8166,28,0,77,3,5.62598,2226,426,2240,0
192,2.23583,17,0,0,0,47.767,17,8189,0,0,95,0,5.33478,2226,426,2240,0
245,2.85307,23,0,2,0,67.514,23,8191,2,0,110,2,4.93875,2228,428,2242,0
234,2.72504,26,0,4,0,74.591,26,8189,4,0,86,4,3.91373,2232,432,2246,0
230,2.67854,14,0,31,0,54.513,14,8191,31,0,74,3,4.0535,2263,435,2277,0
247,2.87624,21,0,0,0,64.727,21,8189,0,0,128,0,4.0535,2263,435,2277,0
215,2.50365,13,0,25,0,44.788,13,8191,25,0,87,2,4.01856,2288,437,2302,0
244,2.84138,20,0,2,0,65.232,20,8191,2,0,116,2,4.20493,2290,439,2304,0
259,3.01605,25,0,2,0,67.864,25,8189,2,0,104,2,4.16998,2292,441,2306,0
272,3.1674,3,0,31,0,78.438,3,8163,31,0,103,3,4.21658,2323,444,2337,0
225,2.62008,19,0,1,0,50.858,19,8189,1,0,111,1,4.9504,2324,445,2338,0
273,3.17905,25,0,2,0,73.496,25,8191,2,0,117,2,4.98534,2326,447,2340,0
228,2.65519,18,0,27,0,50.736,18,8189,27,0,103,2,6.1385,2353,449,2367,0
239,2.78315,23,0,2,0,63.664,23,8189,2,0,110,2,6.79078,2355,451,2369,0
223,2.59687,5,0,28,0,49.745,13,8191,28,0,91,2,8.10701,2383,453,2397,0
287,3.34202,21,0,0,0,62.817,21,8189,0,0,142,0,7.45472,2383,453,2397,0
254,2.95779,26,0,2,0,79.553,26,8191,2,0,105,2,5.33478,2385,455,2399,0
215,2.50363,17,0,27,0,50.893,17,8189,27,0,92,1,4.75238,2412,456,2426,0
224,2.60849,21,0,3,0,71.983,21,8191,3,0,91,3,4.3913,2415,459,2429,0
241,2.80638,14,0,27,0,54.855,14,8189,27,0,99,3,4.27482,2442,462,2456,0
289,3.36557,21,0,2,0,64.998,21,8191,2,0,140,2,5.18336,2444,464,2458,0
190,2.21253,12,0,26,0,77.74,12,8191,2,0,82,2,4.91546,2446,466,2484,0
273,3.1791,20,0,0,0,56.929,20,8189,0,0,137,0,4.53107,2446,466,2484,0
180,2.09608,14,0,22,0,38.772,14,8189,22,0,78,1,4.61261,2468,467,2506,0
238,2.77149,20,0,2,0,51.249,20,8189,2,0,107,2,4.35635,2470,469,2508,0
199,2.31728,23,0,4,0,76.81,23,8190,4,0,77,4,4.25152,2474,473,2512,0
267,3.10917,27,0,4,0,86.655,27,8190,4,0,95,4,5.64928,2478,477,2516,0
260,3.02767,30,0,4,0,85.375,30,8189,4,0,94,4,5.94048,2482,481,2520,0
212,2.46871,33,0,7,0,102.171,33,8191,7,0,79,7,6.1385,2489,488,2527,0
255,2.96943,20,0,34,0,60.701,20,8189,34,0,102,1,6.39475,2523,489,2561,0
236,2.74818,24,0,4,0,79.832,24,8167,4,0,83,4,6.0919,2527,493,2565,0
288,3.35365,29,0,2,0,75.792,29,8191,2,0,122,2,5.29984,2529,495,2567,0
265,3.08597,32,0,6,0,88.269,32,8189,6,0,93,6,4.33306,2535,501,2573,0
218,2.53854,5,0,41,0,77.567,5,8191,41,0,62,5,3.98362,2576,506,2614,0
158,1.84001,13,0,0,0,47.008,13,8191,0,0,80,0,3.94867,2576,506,2614,0
226,2.6319,20,0,1,0,68.175,20,8190,1,0,110,1,3.07507,2577,507,2615,0
284,3.30714,26,0,0,0,69.787,26,8191,0,0,147,0,3.26144,2577,507,2615,0
277,3.22551,30,0,5,0,89.19,30,8190,5,0,104,5,3.8089,2582,512,2620,0
180,2.09606,18,0,32,0,60.246,18,8191,32,0,66,2,4.81062,2614,514,2652,0
177,2.06113,14,0,19,0,52.507,14,8191,19,0,78,1,4.61261,2633,515,2671,0
260,3.02789,21,0,0,0,61.778,21,8191,0,0,134,0,4.37965,2633,515,2671,0
192,2.23583,14,0,25,0,50.018,14,8189,25,0,73,2,4.44954,2658,517,2696,0
222,2.58523,20,0,1,0,69.547,20,8190,1,0,114,1,4.37965,2659,518,2697,0
157,1.82825,14,0,20,0,78.082,14,8189,20,0,69,0,3.71571,2679,518,2717,0
260,3.02755,21,0,1,0,59.757,21,8191,1,0,122,1,5.56774,2680,519,2718,0
194,2.25916,5,0,30,0,72.615,5,8189,30,0,68,3,6.1385,2710,522,2748,0
196,2.28246,15,0,0,0,40.377,15,8189,0,0,102,0,5.5561,2710,522,2748,0
239,2.78321,3,0,22,0,57.944,3,8171,22,0,106,2,3.7856,2732,524,2770,0
218,2.5385,17,0,0,0,55.9,17,8189,0,0,106,0,3.55264,2732,524,2770,0
257,2.99291,23,0,1,0,60.087,23,8191,1,0,127,1,3.4944,2733,525,2771,0
278,3.2374,27,0,7,0,74.311,27,8171,7,0,99,7,3.64582,2740,532,2778,0
268,3.12103,31,0,3,0,82.429,31,8191,3,0,109,3,4.86886,2743,535,2781,0
260,3.02786,33,0,4,0,99.999,33,8190,4,0,74,4,5.41632,2747,539,2785,0
236,2.74828,17,0,37,0,71.312,17,8189,37,0,67,3,4.9271,2784,542,2822,0
235,2.73653,23,0,0,0,125.809,23,8189,0,0,120,0,5.17171,2784,542,2822,0
237,2.75995,26,0,6,0,94.539,26,8186,6,0,79,6,5.27654,2790,548,2828,0
247,2.87629,27,0,6,0,89.223,29,8191,6,0,87,6,4.99699,2796,554,2834,0
129,1.50216,7,0,38,0,56.1,7,8189,38,0,48,2,4.23987,2834,556,2872,0
233,2.71326,17,0,0,0,54.745,17,8191,0,0,119,0,4.30976,2834,556,2872,0
205,2.3873,15,0,18,0,40.748,15,8191,18,0,94,1,3.93702,2852,557,2890,0
265,3.08592,22,0,1,0,60.566,22,8189,1,0,130,1,3.57594,2853,558,2891,0
247,2.87631,26,0,4,0,73.538,26,8191,4,0,94,4,4.21658,2857,562,2895,0
267,3.10937,29,0,3,0,90.832,29,8189,3,0,109,3,4.67085,2860,565,2898,0
236,2.74823,32,0,5,0,100,32,8189,5,0,77,5,4.16998,2865,570,2903,0
249,2.89955,34,0,5,0,101.391,34,8160,5,0,78,5,4.40294,2870,575,2908,0
204,2.37547,20,0,34,0,75.51,20,8191,34,0,82,0,4.81062,2904,575,2942,0
272,3.1676,25,0,3,0,70.898,25,8189,3,0,112,3,5.18336,2907,578,2945,0
198,2.30575,28,0,5,0,96.548,28,8189,5,0,77,5,5.22995,2912,583,2950,0
195,2.27074,18,0,28,0,81.183,18,8190,28,0,84,0,5.33478,2940,583,2978,0
293,3.41197,24,0,2,0,62.191,24,8189,2,0,134,2,4.50778,2942,585,2980,0
253,2.94615,28,0,4,0,95.573,28,8191,4,0,106,4,3.84384,2946,589,2984,0
272,3.16742,32,0,3,0,97.459,32,8189,3,0,111,3,3.89043,2949,592,2987,0
269,3.13247,35,0,6,0,98.353,35,8189,6,0,110,6,4.01856,2955,598,2993,0
291,3.3886,38,0,5,0,112.3,38,8191,5,0,97,5,5.04358,2960,603,2998,0
252,2.93445,41,0,5,0,96.183,41,8189,5,0,74,5,6.06861,2965,608,3003,0
251,2.92292,48,0,7,0,140.11,48,8191,7,0,62,7,6.05696,2972,615,3010,0
210,2.44544,25,0,52,0,97.384,25,8190,52,0,74,3,6.6743,3024,618,3062,0
208,2.4222,13,0,29,0,58.46,15,8191,29,0,70,3,6.0919,3053,621,3091,0
227,2.64335,5,0,22,0,72.704,5,8189,22,0,102,1,5.5561,3075,622,3113,0
241,2.80641,18,0,0,0,57.678,18,8189,0,0,120,0,4.32141,3075,622,3113,0
249,2.89961,6,0,25,0,68.926,6,8189,25,0,105,2,4.37965,3100,624,3138,0
238,2.77165,18,0,0,0,45.641,18,8191,0,0,119,0,4.42624,3100,624,3138,0
256,2.98132,24,0,2,0,68.237,24,8189,2,0,117,2,4.00691,3102,626,3140,0
275,3.20246,28,0,3,0,91.516,28,8189,3,0,107,3,4.6359,3105,629,3143,0
270,3.14413,32,0,2,0,108.845,32,8189,2,0,123,2,4.69414,3107,631,3145,0
278,3.23736,35,0,6,0,132.977,35,8189,6,0,111,6,5.13677,3113,637,3151,0
240,2.79495,37,0,9,0,103.717,37,8189,9,0,52,9,6.44134,3122,646,3160,0
246,2.86455,38,0,3,0,98.501,38,8189,3,0,72,3,6.93056,3125,649,3163,0
220,2.5618,6,0,46,0,108.565,6,8189,46,0,51,5,7.22176,3171,654,3209,0
297,3.45849,25,0,2,0,71.096,25,8191,2,0,136,2,6.04531,3173,656,3211,0
265,3.08595,29,0,3,0,77.272,29,8191,3,0,100,3,4.76403,3176,659,3214,0
237,2.75982,31,0,6,0,94.341,31,8189,6,0,70,6,4.44954,3182,665,3220,0
204,2.37552,33,0,7,0,120.163,33,8191,7,0,73,7,4.23987,3189,672,3227,0
172,2.00289,18,0,33,0,96.649,18,8191,33,0,66,0,3.61088,3222,672,3260,0
276,3.21402,24,0,1,0,71.146,24,8191,1,0,132,1,4.01856,3223,673,3261,0
230,2.67838,28,0,4,0,108.611,28,8189,4,0,82,4,4.32141,3227,677,3265,0
246,2.86477,30,0,4,0,81.073,30,8191,4,0,86,4,3.93702,3231,681,3269,0
240,2.79494,17,0,36,0,57.356,17,8174,36,0,81,5,4.41459,3267,686,3305,0
218,2.53871,11,0,22,0,46.397,11,8189,22,0,95,1,4.53107,3289,687,3327,0
207,2.41055,18,0,0,0,52.391,18,8189,0,0,107,0,3.93702,3289,687,3327,0
234,2.72492,12,0,23,0,48.571,12,8191,23,0,106,1,4.14669,3312,688,3350,0
234,2.72499,19,0,1,0,72.587,19,8191,1,0,110,1,4.16998,3313,689,3351,0
269,3.13243,24,0,2,0,75.042,24,8191,2,0,121,2,3.97197,3315,691,3353,0
232,2.70168,16,0,27,0,48.809,16,8191,27,0,101,1,3.90208,3342,692,3380,0
260,3.02764,23,0,0,0,61.793,23,8191,0,0,135,0,4.14669,3342,692,3380,0
225,2.62011,13,0,27,0,60.268,13,8189,27,0,87,2,3.44781,3369,694,3407,0
276,3.21404,21,0,1,0,46.813,21,8189,1,0,134,1,4.46118,3370,695,3408,0
279,3.2489,26,0,2,0,81.086,26,8189,2,0,133,2,5.52115,3372,697,3410,0
249,2.89966,29,0,6,0,76.362,29,8189,6,0,87,6,5.87059,3378,703,3416,0
252,2.9345,3,0,36,0,82.36,3,8191,36,0,70,4,7.22176,3414,707,3452,0
215,2.50368,3,0,22,0,65.626,3,8171,22,0,88,2,7.72262,3436,709,3474,0
233,2.71235,18,0,0,0,48.213,18,8189,0,0,120,0,7.39648,3436,709,3474,0
271,3.15595,23,0,3,0,69.394,23,8168,3,0,110,3,7.32659,3439,712,3477,0
285,3.31894,28,0,2,0,87.983,28,8191,2,0,122,2,6.6976,3441,714,3479,0
262,3.05083,31,0,6,0,98.864,31,8189,6,0,90,6,5.09018,3447,720,3485,0
154,1.7933,6,0,39,0,76.841,6,8189,39,0,48,2,5.25325,3486,722,3524,0
211,2.45701,15,0,0,0,43.695,15,8189,0,0,106,0,5.60269,3486,722,3524,0
243,2.82977,10,0,22,0,62.66,10,8189,22,0,110,1,6.77914,3508,723,3546,0
245,2.85297,18,0,0,0,61.14,18,8189,0,0,125,0,6.31322,3508,723,3546,0
263,3.06262,24,0,3,0,59.271,24,8189,3,0,113,3,7.45472,3511,726,3549,0
288,3.35381,29,0,3,0,73,29,8190,3,0,140,3,6.22003,3514,729,3552,0
211,2.45705,32,0,2,0,117.808,32,8189,2,0,84,2,5.03194,3516,731,3554,0
251,2.92293,35,0,7,0,107.52,35,8189,7,0,99,7,3.92538,3523,738,3561,0
303,3.52842,3,0,45,0,98.727,3,8157,45,0,83,8,3.29638,3568,746,3606,0
221,2.5736,3,0,22,0,67.722,3,8170,22,0,94,1,5.04358,3590,747,3628,0
207,2.41049,17,0,0,0,51.999,17,8189,0,0,103,0,3.45946,3590,747,3628,0
251,2.92298,22,0,2,0,65.005,22,8189,2,0,113,2,3.63418,3592,749,3630,0
202,2.35235,14,0,25,0,49.828,14,8189,25,0,79,2,3.62253,3617,751,3655,0
271,3.15599,22,0,0,0,55.142,22,8190,0,0,139,0,3.7623,3617,751,3655,0
227,2.64339,4,0,30,0,75.435,4,8189,30,0,92,2,3.87878,3647,753,3685,0
150,1.74674,13,0,0,0,36.779,13,8189,0,0,77,0,3.58758,3647,753,3685,0
232,2.70171,18,0,0,0,55.255,20,8191,0,0,120,0,3.72736,3647,753,3685,0
243,2.82968,25,0,4,0,68.676,25,8191,4,0,110,4,3.89043,3651,757,3689,0
149,1.73506,11,0,28,0,45.006,11,8189,28,0,63,0,3.8089,3679,757,3717,0
226,2.63174,18,0,0,0,54.142,18,8189,0,0,114,0,4.3447,3679,757,3717,0
227,2.64345,11,0,25,0,54.964,11,8191,25,0,94,2,4.84557,3704,759,3742,0
208,2.42225,18,0,0,0,58.291,18,8191,0,0,107,0,5.91718,3704,759,3742,0
223,2.59682,23,0,2,0,81.053,23,8190,2,0,105,2,6.1385,3706,761,3744,0
251,2.92309,26,0,4,0,83.112,26,8189,4,0,86,4,5.42797,3710,765,3748,0
243,2.82967,16,0,29,0,42.856,16,8189,29,0,105,1,5.8007,3739,766,3777,0
201,2.3406,11,0,20,0,43.702,11,8189,20,0,87,1,5.95213,3759,767,3797,0
246,2.86464,19,0,0,0,55.683,19,8191,0,0,126,0,5.33478,3759,767,3797,0
249,2.89955,24,0,3,0,72.224,24,8190,3,0,110,3,5.73082,3762,770,3800,0
268,3.12105,28,0,4,0,88.105,28,8189,4,0,103,4,5.47456,3766,774,3804,0
285,3.31904,32,0,3,0,99.052,32,8189,3,0,122,3,5.57939,3769,777,3807,0
229,2.66666,34,0,6,0,103.598,34,8191,6,0,69,6,5.67258,3775,783,3813,0
228,2.65501,20,0,37,0,60.149,20,8189,37,0,87,3,5.18336,3812,786,3850,0
264,3.07426,24,0,4,0,66.869,24,8191,4,0,92,4,5.35808,3816,790,3854,0
204,2.3756,14,0,28,0,49.064,14,8189,28,0,76,2,5.29984,3844,792,3882,0
247,2.8764,10,0,20,0,38.467,10,8191,20,0,115,1,6.20838,3864,793,3902,0
250,2.91127,19,0,0,0,54.491,19,8189,0,0,125,0,5.71917,3864,793,3902,0
283,3.29551,24,0,3,0,78.904,24,8191,3,0,118,3,5.31149,3867,796,3905,0
268,3.12082,28,0,3,0,89.585,28,8189,3,0,114,3,5.14842,3870,799,3908,0
235,2.73651,3,0,35,0,92.755,3,8161,35,0,60,5,4.32141,3905,804,3943,0
228,2.65512,20,0,0,0,69.974,20,8190,0,0,114,0,3.99526,3905,804,3943,0
276,3.21402,26,0,2,0,83.606,26,8190,2,0,130,2,4.82227,3907,806,3945,0
273,3.17905,30,0,3,0,93.873,30,8191,3,0,115,3,3.97197,3910,809,3948,0
182,2.1193,18,0,32,0,58.009,18,8191,32,0,72,2,4.47283,3942,811,3980,0
219,2.55044,14,0,21,0,43.911,14,8189,21,0,98,1,5.46291,3963,812,4001,0
273,3.17931,22,0,0,0,70.039,22,8189,0,0,143,0,4.13504,3963,812,4001,0
236,2.74838,25,0,3,0,82.093,25,8190,3,0,91,3,4.368,3966,815,4004,0
198,2.30571,4,0,33,0,85.446,4,8189,33,0,74,2,4.56602,3999,817,4037,0
190,2.21253,14,0,0,0,51.579,14,8189,0,0,97,0,4.60096,3999,817,4037,0
278,3.2373,21,0,1,0,55.594,21,8191,1,0,132,1,4.72909,4000,818,4038,0
240,2.79477,26,0,4,0,72.432,26,8190,4,0,102,4,4.78733,4004,822,4042,0
311,3.62169,30,0,2,0,86.975,30,8191,2,0,135,2,5.43962,4006,824,4044,0
203,2.36407,19,0,31,0,53.188,19,8189,31,0,83,1,5.06688,4037,825,4075,0
282,3.28386,25,0,1,0,73.616,25,8191,1,0,133,1,6.76749,4038,826,4076,0
254,2.95786,29,0,2,0,98.05,29,8165,2,0,107,2,7.24506,4040,828,4078,0
241,2.80638,31,0,6,0,98.911,31,8190,6,0,83,6,7.52461,4046,834,4084,0
212,2.46875,19,0,31,0,54.121,19,8189,31,0,87,0,6.73254,4077,834,4115,0
269,3.13253,24,0,2,0,70.606,24,8191,2,0,118,2,5.28819,4079,836,4117,0
230,2.67839,13,0,30,0,55.766,13,8191,30,0,78,3,4.9504,4109,839,4147,0
251,2.9228,20,0,0,0,64.09,20,8191,0,0,128,0,4.9737,4109,839,4147,0
205,2.38727,3,0,42,0,64.498,3,8191,42,0,85,1,5.29984,4151,840,4189,0
196,2.28251,14,0,0,0,44,14,8189,0,0,101,0,5.13677,4151,840,4189,0
226,2.63189,10,0,20,0,50.154,10,8189,20,0,102,1,5.42797,4171,841,4209,0
248,2.88785,18,0,0,0,65.865,18,8189,0,0,126,0,5.73082,4171,841,4209,0
275,3.20242,24,0,3,0,68.931,24,8189,3,0,119,3,5.13677,4174,844,4212,0
249,2.89959,28,0,3,0,87.438,28,8189,3,0,96,3,4.86886,4177,847,4215,0
235,2.73655,30,0,8,0,69.388,30,8189,8,0,81,8,5.12512,4185,855,4223,0
232,2.7016,19,0,31,0,56.934,19,8189,31,0,100,1,5.60269,4216,856,4254,0
272,3.16739,25,0,2,0,73.579,25,8189,2,0,122,2,5.75411,4218,858,4256,0
170,1.97963,8,0,31,0,35.274,8,8189,31,0,59,2,5.90554,4249,860,4287,0
243,2.82969,17,0,0,0,56.052,17,8189,0,0,123,0,4.93875,4249,860,4287,0
242,2.81805,22,0,25,0,61.912,2,8191,25,0,93,3,4.0535,4274,863,4312,0
185,2.15431,17,0,0,0,55.812,17,8191,0,0,93,0,3.8089,4274,863,4312,0
284,3.30721,24,0,0,0,66.929,24,8189,0,0,147,0,4.56602,4274,863,4312,0
246,2.86467,8,0,29,0,83.207,8,8189,29,0,111,1,5.18336,4303,864,4341,0
245,2.85291,20,0,1,0,68.356,20,8191,1,0,117,1,4.98534,4304,865,4342,0
259,3.01631,25,0,2,0,85.235,25,8189,2,0,113,2,4.71744,4306,867,4344,0
254,2.95783,30,0,0,0,121.163,30,8191,0,0,128,0,3.92538,4306,867,4344,0
214,2.4921,32,0,7,0,104.551,32,8189,7,0,66,7,4.30976,4313,874,4351,0
261,3.0395,34,0,4,0,92.3,34,8189,4,0,70,4,4.89216,4317,878,4355,0
255,2.96963,37,0,4,0,97.084,37,8189,4,0,101,4,6.03366,4321,882,4359,0
285,3.31867,39,0,8,0,96.879,39,8189,8,0,91,8,6.44134,4329,890,4367,0
256,2.98109,45,0,7,0,114.169,45,8191,7,0,68,7,6.65101,4336,897,4374,0
272,3.1674,56,0,7,0,128.461,57,8189,7,0,64,7,6.32486,4343,904,4381,0
240,2.79469,68,0,8,0,143.817,68,8174,8,0,43,8,5.61434,4351,912,4389,0
268,3.12079,35,0,70,0,89.466,35,8190,60,0,78,2,5.75411,4411,914,4459,0
236,2.74825,21,0,35,0,60.79,21,8191,35,0,97,0,5.04358,4446,914,4494,0
256,2.98111,25,0,2,0,77.755,25,8189,2,0,111,2,4.1001,4448,916,4496,0
251,2.92267,29,0,3,0,84.367,29,8189,3,0,93,3,3.64582,4451,919,4499,0
122,1.42067,3,0,41,0,65.157,3,8191,41,0,45,1,3.71571,4492,920,4540,0
140,1.63018,12,0,0,0,69.955,12,8189,0,0,74,0,3.27309,4492,920,4540,0
261,3.03946,20,0,0,0,59.433,20,8189,0,0,133,0,3.44781,4492,920,4540,0
239,2.78329,25,0,2,0,85.255,25,8189,2,0,111,2,3.87878,4494,922,4542,0
252,2.93465,29,0,2,0,79.802,29,8189,2,0,95,2,4.56602,4496,924,4544,0
310,3.60988,33,0,2,0,86.263,33,8190,2,0,146,2,5.90554,4498,926,4546,0
254,2.95779,36,0,3,0,115.67,36,8191,3,0,83,3,6.31322,4501,929,4549,0
200,2.32892,8,0,44,0,93.834,8,8191,44,0,54,7,5.90554,4545,936,4593,0
252,2.9346,22,0,3,0,64.104,22,8189,3,0,105,3,5.54445,4548,939,4596,0
257,2.99272,27,0,3,0,79.99,27,8190,3,0,117,3,5.36973,4551,942,4599,0
202,2.3522,9,0,33,0,31.279,9,8189,33,0,75,1,4.00691,4584,943,4632,0
266,3.09754,18,0,0,0,54.739,18,8191,0,0,135,0,4.04186,4584,943,4632,0
246,2.86462,11,0,25,0,62.41,11,8189,25,0,103,2,4.18163,4609,945,4657,0
256,2.98113,19,0,0,0,66.529,19,8191,0,0,131,0,4.75238,4609,945,4657,0
237,2.75959,3,0,29,0,79.181,3,8188,29,0,108,2,5.97542,4638,947,4686,0
154,1.79331,12,0,0,0,49.551,12,8191,0,0,79,0,6.30157,4638,947,4686,0
255,2.96941,20,0,0,0,94.12,20,8191,0,0,128,0,6.19674,4638,947,4686,0
267,3.10943,25,0,2,0,89.325,25,8189,2,0,117,2,6.1152,4640,949,4688,0
254,2.95794,29,0,2,0,89.449,29,8162,2,0,107,2,5.77741,4642,951,4690,0
283,3.29566,32,0,6,0,91.114,32,8191,6,0,103,6,3.04013,4648,957,4696,0
231,2.68984,18,0,34,0,58.469,18,8191,34,0,82,1,2.72563,4682,958,4730,0
272,3.16736,24,0,2,0,64.137,24,8191,2,0,119,2,3.07507,4684,960,4732,0
253,2.94613,27,0,3,0,81.823,27,8191,3,0,93,3,3.35462,4687,963,4735,0
229,2.66667,14,0,32,0,70.425,14,8189,32,0,71,3,4.50778,4719,966,4767,0
295,3.43519,22,0,1,0,62.041,22,8171,1,0,142,1,6.4297,4720,967,4768,0
174,2.02616,13,0,25,0,70.424,13,8191,25,0,76,2,6.54618,4745,969,4793,0
282,3.28381,21,0,1,0,53.628,21,8189,1,0,135,1,6.73254,4746,970,4794,0
271,3.15574,26,0,2,0,59.065,26,8191,2,0,120,2,7.40813,4748,972,4796,0
209,2.43376,15,0,29,0,75.447,15,8191,29,0,81,2,7.64109,4777,974,4825,0
266,3.09736,22,0,1,0,65.514,22,8191,1,0,127,1,7.21011,4778,975,4826,0
266,3.09762,26,0,4,0,69.175,26,8189,4,0,107,4,5.31149,4782,979,4830,0
265,3.08606,30,0,5,0,88.985,30,8189,5,0,97,5,5.68422,4787,984,4835,0
251,2.92312,32,0,4,0,92.551,32,8191,4,0,85,4,4.88051,4791,988,4839,0
250,2.91138,35,0,6,0,117.765,35,8189,6,0,80,6,5.41632,4797,994,4845,0
270,3.14432,37,0,7,0,97.441,37,8191,7,0,85,7,5.85894,4804,1001,4852,0
261,3.03946,40,0,5,0,97.835,40,8189,5,0,81,5,5.61434,4809,1006,4857,0
294,3.42378,46,0,6,0,111.964,46,8189,6,0,68,6,6.15014,4815,1012,4863,0
236,2.74827,58,0,7,0,119.964,58,8191,7,0,58,7,6.18509,4822,1019,4870,0
178,2.07273,29,0,60,0,71.356,29,8173,60,0,42,2,5.99872,4882,1021,4930,0
260,3.02765,32,0,4,0,87.172,32,8189,4,0,87,4,5.02029,4886,1025,4934,0
276,3.21397,34,0,6,0,105.885,34,8170,6,0,86,6,4.98534,4892,1031,4940,0
261,3.03905,37,0,5,0,116.83,37,8189,5,0,93,5,5.41632,4897,1036,4945,0
237,2.75989,45,0,6,0,120.879,45,8189,6,0,63,6,5.73082,4903,1042,4951,0
258,3.00431,51,0,5,0,114.915,51,8190,5,0,61,5,6.1385,4908,1047,4956,0
265,3.08598,54,0,8,0,150.959,54,8189,8,0,60,8,6.6743,4916,1055,4964,0
267,3.10918,3,0,61,0,139.563,3,8136,61,0,46,6,5.81235,4977,1061,5025,0
228,2.65513,29,0,3,0,86.937,29,8189,3,0,81,3,5.10182,4980,1064,5028,0
270,3.14402,32,0,5,0,81.504,32,8189,5,0,97,5,5.12512,4985,1069,5033,0
274,3.19096,34,0,6,0,91.743,34,8189,6,0,92,6,4.35635,4991,1075,5039,0
205,2.38735,5,0,56,0,61.529,5,8190,56,0,55,3,4.33306,5047,1078,5095,0
237,2.75998,17,0,2,0,54.611,17,8191,2,0,117,2,4.55437,5049,1080,5097,0
201,2.34079,15,0,17,0,41.956,15,8190,17,0,95,0,4.46118,5066,1080,5114,0
276,3.21412,22,0,2,0,63.011,22,8191,2,0,121,2,4.85722,5068,1082,5116,0
221,2.57351,14,0,24,0,42.607,14,8189,24,0,100,1,4.9271,5092,1083,5140,0
230,2.67835,20,0,22,0,71.364,2,8189,22,0,101,2,6.06861,5114,1085,5162,0
234,2.72488,17,0,0,0,53.951,17,8190,0,0,117,0,5.28819,5114,1085,5162,0
289,3.36551,24,0,1,0,74.052,24,8191,1,0,140,1,5.2183,5115,1086,5163,0
261,3.03956,28,0,2,0,83.295,28,8190,2,0,111,2,6.1152,5117,1088,5165,0
284,3.3072,32,0,6,0,70.103,32,8189,6,0,102,6,6.28992,5123,1094,5171,0
288,3.35392,34,0,7,0,90.129,34,8191,7,0,86,7,6.28992,5130,1101,5178,0
204,2.37543,37,0,4,0,136.571,37,8189,4,0,88,4,5.5328,5134,1105,5182,0
285,3.31875,39,0,7,0,114.864,39,8191,7,0,94,7,5.12512,5141,1112,5189,0
281,3.27218,47,0,8,0,111.721,47,8190,8,0,80,8,4.6825,5149,1120,5197,0
196,2.28239,24,0,49,0,76.16,24,8191,49,0,61,2,4.0768,5198,1122,5246,0
210,2.44546,15,0,26,0,58.415,15,8189,26,0,81,1,5.06688,5224,1123,5272,0
196,2.28253,11,0,20,0,41.768,11,8191,20,0,89,1,5.78906,5244,1124,5292,0
274,3.19088,20,0,0,0,55.026,20,8189,0,0,141,0,6.56947,5244,1124,5292,0
238,2.77147,3,0,26,0,76.894,3,8167,26,0,98,2,6.55782,5270,1126,5318,0
241,2.80649,19,0,0,0,67.585,19,8191,0,0,122,0,6.34816,5270,1126,5318,0
284,3.30725,25,0,1,0,88.01,25,8189,1,0,133,1,5.22995,5271,1127,5319,0
231,2.68993,28,0,5,0,68.966,28,8176,5,0,91,5,5.54445,5276,1132,5324,0
273,3.17919,32,0,4,0,84.718,32,8189,4,0,119,4,5.14842,5280,1136,5328,0
260,3.0277,34,0,10,0,100.395,34,8161,10,0,76,10,5.03194,5290,1146,5338,0
233,2.71328,36,0,5,0,110.843,36,8190,5,0,70,5,4.86886,5295,1151,5343,0
269,3.13234,38,0,4,0,110.838,38,8189,4,0,85,4,4.83392,5299,1155,5347,0
258,3.00435,43,0,7,0,113.487,43,8189,7,0,72,7,5.04358,5306,1162,5354,0
302,3.51675,53,0,10,0,128.89,53,8191,10,0,66,10,4.13504,5316,1172,5364,0
263,3.06259,60,0,9,0,170.446,65,8191,9,0,45,9,4.00691,5325,1181,5373,0
221,2.57347,35,0,75,0,81.504,35,8189,63,0,62,4,4.0768,5388,1185,5448,0
269,3.13244,37,0,5,0,98.955,37,8191,5,0,71,5,4.06515,5393,1190,5453,0
264,3.07428,3,0,55,0,124.679,3,8142,55,0,68,6,4.47283,5448,1196,5508,0
247,2.87644,27,0,1,0,67.221,27,8191,1,0,107,1,5.29984,5449,1197,5509,0
220,2.56193,3,0,33,0,86.614,3,8162,33,0,59,4,6.70925,5482,1201,5542,0
138,1.607,12,0,3,0,30.008,12,8189,3,0,70,0,6.08026,5485,1201,5545,0
253,2.94613,19,0,2,0,57.116,19,8190,2,0,123,2,5.5095,5487,1203,5547,0
286,3.33044,25,0,2,0,68.638,25,8191,2,0,115,2,4.96205,5489,1205,5549,0
212,2.46867,17,0,26,0,59.001,17,8191,26,0,92,1,4.58931,5515,1206,5575,0
279,3.24898,23,0,1,0,42.713,23,8191,1,0,134,1,4.41459,5516,1207,5576,0
320,3.72641,28,0,3,0,63.722,28,8189,3,0,129,3,5.75411,5519,1210,5579,0
276,3.214,31,0,5,0,93.032,31,8189,5,0,100,5,6.84902,5524,1215,5584,0
301,3.50512,35,0,4,0,88.828,35,8189,4,0,106,4,7.07034,5528,1219,5588,0
211,2.45704,19,0,36,0,56.25,19,8189,36,0,84,1,5.45126,5564,1220,5624,0
232,2.70161,24,0,5,0,71.759,24,8191,5,0,97,5,4.91546,5569,1225,5629,0
292,3.40032,28,0,4,0,74.774,28,8190,4,0,130,4,3.86714,5573,1229,5633,0
293,3.41195,32,0,5,0,92.803,32,8189,5,0,93,5,4.78733,5578,1234,5638,0
242,2.81804,20,0,32,0,54.296,20,8189,32,0,102,0,4.44954,5610,1234,5670,0
231,2.69015,24,0,2,0,75.689,24,8189,2,0,96,2,4.42624,5612,1236,5672,0
214,2.49212,14,0,29,0,62.426,14,8191,29,0,67,3,4.30976,5641,1239,5701,0
253,2.94613,21,0,0,0,58.955,21,8191,0,0,133,0,3.99526,5641,1239,5701,0
274,3.19069,27,0,2,0,86.868,27,8190,2,0,132,2,4.08845,5643,1241,5703,0
274,3.1909,30,0,4,0,86.458,30,8189,4,0,102,4,4.6825,5647,1245,5707,0
180,2.09608,15,0,34,0,81.442,15,8189,34,0,58,3,5.91718,5681,1248,5741,0
251,2.92292,22,0,1,0,61.078,22,8191,1,0,128,1,6.06861,5682,1249,5742,0
205,2.3871,26,0,0,0,103.221,26,8189,0,0,96,0,6.70925,5682,1249,5742,0
280,3.26051,30,0,3,0,72.526,30,8189,3,0,119,3,6.84902,5685,1252,5745,0
251,2.92284,34,0,0,0,130.744,34,8189,0,0,131,0,6.17344,5685,1252,5745,0
310,3.60989,37,0,7,0,111.752,37,8189,7,0,124,7,5.45126,5692,1259,5752,0
256,2.98108,40,0,6,0,100.596,40,8190,6,0,78,6,4.74074,5698,1265,5758,0
250,2.91122,47,0,5,0,114.998,47,8189,5,0,65,5,5.28819,5703,1270,5763,0
257,2.9927,57,0,10,0,151.11,57,8191,10,0,51,10,5.03194,5713,1280,5773,0
331,3.8544,65,0,15,0,144.722,69,8191,15,0,45,15,4.70579,5728,1295,5788,0
313,3.64507,88,0,14,0,181.381,88,8191,14,0,50,14,5.46291,5742,1309,5802,0
190,2.21267,30,0,98,0,58.005,30,8189,68,0,31,8,5.92883,5810,1317,5900,0
317,3.69143,67,0,7,0,131.922,67,8191,7,0,101,7,5.78906,5817,1324,5907,0
204,2.37554,33,0,70,0,72.725,33,8190,62,0,49,3,6.93056,5879,1327,5977,0
286,3.33041,21,0,34,0,64.652,21,8189,34,0,113,1,6.60442,5913,1328,6011,0
247,2.87628,14,0,24,0,42.651,14,8189,24,0,115,1,5.90554,5937,1329,6035,0
274,3.19074,22,0,0,0,71.111,22,8189,0,0,139,0,5.76576,5937,1329,6035,0
257,2.99271,3,0,29,0,71.629,3,8165,29,0,96,3,4.75238,5966,1332,6064,0
109,1.26928,10,0,3,0,55.106,10,8189,3,0,54,0,3.82054,5969,1332,6067,0
181,2.10769,14,0,10,0,45.263,14,8191,10,0,90,0,3.85549,5979,1332,6077,0
249,2.89953,21,0,1,0,65.113,21,8189,1,0,122,1,3.99526,5980,1333,6078,0
279,3.2489,26,0,4,0,80.673,26,8191,4,0,117,4,4.0535,5984,1337,6082,0
253,2.94623,28,0,5,0,90.414,28,8189,5,0,74,5,4.6359,5989,1342,6087,0
294,3.4236,32,0,3,0,78.065,32,8189,3,0,123,3,5.17171,5992,1345,6090,0
272,3.16725,36,0,2,0,92.721,36,8189,2,0,112,2,5.17171,5994,1347,6092,0
287,3.34211,38,0,7,0,87.85,38,8191,7,0,96,7,4.78733,6001,1354,6099,0
299,3.48069,43,0,8,0,110.699,43,8189,8,0,82,8,5.5328,6009,1362,6107,0
337,3.92432,58,0,8,0,125.994,59,8191,8,0,91,8,6.48794,6017,1370,6115,0
310,3.6099,84,0,10,0,171.92,84,8190,10,0,77,10,7.24506,6027,1380,6125,0
311,3.62157,101,0,15,0,228.205,101,8190,15,0,49,15,6.77914,6042,1395,6140,0
207,2.41047,45,0,102,0,66.723,45,8191,60,0,47,1,5.49786,6102,1396,6242,0
210,2.44536,24,0,46,0,79.623,24,8189,46,0,76,1,5.39302,6148,1397,6288,0
268,3.1195,3,0,32,0,77.984,2,8191,32,0,123,1,5.81235,6180,1398,6320,0
114,1.32752,11,0,0,0,44.618,11,8191,0,0,57,0,5.76576,6180,1398,6320,0
258,3.00437,19,0,0,0,56.04,19,8189,0,0,131,0,6.84902,6180,1398,6320,0
274,3.19071,25,0,2,0,76.514,25,8189,2,0,124,2,6.97715,6182,1400,6322,0
259,3.01599,29,0,3,0,98.329,29,8191,3,0,107,3,6.59277,6185,1403,6325,0
236,2.74821,32,0,3,0,119.791,32,8189,3,0,93,3,6.31322,6188,1406,6328,0
292,3.4005,35,0,4,0,91.89,35,8189,4,0,116,4,7.09363,6192,1410,6332,0
272,3.16739,38,0,3,0,118.441,38,8191,3,0,107,3,6.77914,6195,1413,6335,0
231,2.68997,3,0,49,0,108.843,3,8151,49,0,61,9,5.71917,6244,1422,6384,0
223,2.59681,23,0,1,0,63.218,23,8189,1,0,97,1,5.35808,6245,1423,6385,0
260,3.02792,27,0,3,0,70.619,27,8189,3,0,99,3,4.67085,6248,1426,6388,0
271,3.15572,31,0,3,0,80.681,31,8190,3,0,112,3,4.96205,6251,1429,6391,0
272,3.16715,35,0,1,0,103.188,35,8190,1,0,140,1,5.32314,6252,1430,6392,0
298,3.47019,38,0,4,0,120.246,38,8191,4,0,119,4,5.59104,6256,1434,6396,0
286,3.33042,40,0,6,0,109.072,40,8191,6,0,71,6,4.55437,6262,1440,6402,0
286,3.33045,45,0,7,0,100.67,45,8191,7,0,86,7,4.43789,6269,1447,6409,0
198,2.30488,23,0,51,0,86.409,23,8189,51,0,44,4,4.35635,6320,1451,6460,0
234,2.72282,16,0,25,0,48.35,16,8189,25,0,106,1,5.25325,6345,1452,6485,0
282,3.28386,24,0,0,0,70.337,24,8190,0,0,146,0,5.70752,6345,1452,6485,0
238,2.77126,27,0,3,0,81.888,27,8189,3,0,89,3,5.11347,6348,1455,6488,0
319,3.71496,32,0,2,0,74.911,32,8189,2,0,137,2,5.90554,6350,1457,6490,0
274,3.19084,34,0,5,0,96.479,34,8190,5,0,94,5,6.01037,6355,1462,6495,0
285,3.31893,37,0,6,0,107.7,37,8189,6,0,78,6,6.18509,6361,1468,6501,0
288,3.35365,40,0,5,0,104.029,40,8189,5,0,110,5,5.46291,6366,1473,6506,0
290,3.37699,50,0,4,0,108.424,50,8191,4,0,82,4,5.12512,6370,1477,6510,0
299,3.48179,63,0,8,0,145.834,66,8189,7,0,65,8,4.91546,6377,1485,6518,0
342,3.98256,84,0,13,0,162.35,84,8170,14,0,48,13,4.50778,6391,1498,6531,0
117,1.36245,6,0,93,0,69.049,6,8189,70,0,22,6,4.03021,6461,1504,6624,0
206,2.39883,16,0,0,0,47.881,16,8189,0,0,106,0,3.98362,6461,1504,6624,0
247,2.87568,22,0,0,0,67.665,22,8191,0,0,127,0,3.84384,6461,1504,6624,0
130,1.51395,9,0,27,0,54.763,9,8189,27,0,52,1,3.61088,6488,1505,6651,0
235,2.73671,18,0,0,0,68.109,18,8189,0,0,121,0,4.15834,6488,1505,6651,0
247,2.87643,23,0,2,0,69.564,23,8191,2,0,115,2,4.26317,6490,1507,6653,0
199,2.31738,10,0,29,0,91.734,10,8191,29,0,65,3,4.42624,6519,1510,6682,0
229,2.66673,19,0,0,0,56.119,19,8189,0,0,116,0,4.77568,6519,1510,6682,0
281,3.27203,25,0,1,0,78.625,25,8190,1,0,137,1,5.04358,6520,1511,6683,0
258,3.00456,16,0,30,0,52.544,16,8189,30,0,101,3,5.19501,6550,1514,6713,0
233,2.71328,11,0,21,0,47.535,11,8191,21,0,106,1,5.56774,6571,1515,6734,0
255,2.96915,20,0,0,0,57.649,20,8191,0,0,130,0,5.02029,6571,1515,6734,0
306,3.56357,26,0,1,0,71.03,26,8189,1,0,149,1,4.9737,6572,1516,6735,0
278,3.23718,30,0,2,0,75.656,30,8190,2,0,128,2,4.81062,6574,1518,6737,0
213,2.48035,17,0,32,0,79.524,17,8191,32,0,74,1,4.75238,6606,1519,6769,0
280,3.26065,24,0,2,0,59.331,24,8191,2,0,133,2,4.60096,6608,1521,6771,0
291,3.38863,28,0,3,0,82.063,28,8189,3,0,104,3,3.96032,6611,1524,6774,0
239,2.78329,18,0,29,0,50.26,18,8191,29,0,106,1,4.21658,6640,1525,6803,0
272,3.16752,24,0,1,0,59.39,24,8190,1,0,130,1,5.69587,6641,1526,6804,0
295,3.43518,28,0,3,0,72.142,28,8189,3,0,117,3,6.34816,6644,1529,6807,0
286,3.33059,32,0,3,0,105.458,32,8191,3,0,119,3,5.56774,6647,1532,6810,0
248,2.88792,35,0,5,0,97.123,35,8189,5,0,94,5,5.60269,6652,1537,6815,0
283,3.29551,38,0,8,0,99.116,38,8191,8,0,94,8,4.71744,6660,1545,6823,0
227,2.64339,21,0,39,0,60.063,21,8189,39,0,90,1,5.10182,6699,1546,6862,0
256,2.98125,26,0,3,0,83.107,26,8191,3,0,111,3,5.52115,6702,1549,6865,0
262,3.05108,29,0,4,0,76.017,29,8190,4,0,96,4,4.98534,6706,1553,6869,0
244,2.84132,19,0,29,0,59.004,19,8189,29,0,105,0,5.57939,6735,1553,6898,0
299,3.48202,25,0,1,0,65.885,25,8189,1,0,143,1,5.14842,6736,1554,6899,0
243,2.82876,13,0,31,0,80.882,13,8191,31,0,86,3,4.72909,6767,1557,6930,0
240,2.79476,21,0,0,0,59.334,21,8189,0,0,124,0,4.20493,6767,1557,6930,0
286,3.33052,26,0,2,0,71.39,26,8191,2,0,126,2,3.66912,6769,1559,6932,0
236,2.74821,4,0,34,0,80.239,4,8189,34,0,79,5,3.64582,6803,1564,6966,0
222,2.58514,20,0,0,0,72.783,20,8189,0,0,113,0,3.97197,6803,1564,6966,0
247,2.87625,25,0,1,0,87.591,25,8189,1,0,117,1,4.47283,6804,1565,6967,0
278,3.23765,28,0,5,0,68.088,28,8189,5,0,97,5,4.21658,6809,1570,6972,0
292,3.40052,32,0,3,0,107.68,32,8191,3,0,108,3,3.50605,6812,1573,6975,0
291,3.38877,35,0,4,0,104.764,35,8189,4,0,118,4,4.30976,6816,1577,6979,0
258,3.00437,18,0,40,0,80.328,18,8189,40,0,75,3,4.23987,6856,1580,7019,0
267,3.10915,23,0,2,0,62.533,23,8191,2,0,121,2,5.33478,6858,1582,7021,0
276,3.214,28,0,3,0,78.487,28,8190,3,0,120,3,5.18336,6861,1585,7024,0
309,3.59824,32,0,5,0,93.162,32,8161,5,0,118,5,4.86886,6866,1590,7029,0
279,3.249,35,0,3,0,79.585,35,8189,3,0,96,3,5.16006,6869,1593,7032,0
261,3.0392,21,0,38,0,56.236,21,8189,38,0,98,3,5.35808,6907,1596,7070,0
308,3.5866,26,0,4,0,66.07,26,8189,4,0,135,4,5.74246,6911,1600,7074,0
234,2.7249,18,0,28,0,64.64,18,8189,28,0,103,1,5.12512,6939,1601,7102,0
232,2.70173,23,0,1,0,100.851,23,8189,1,0,111,1,4.98534,6940,1602,7103,0
190,2.21218,12,0,26,0,52.714,14,8189,26,0,71,2,3.8089,6966,1604,7129,0
273,3.17906,22,0,1,0,56.833,22,8191,1,0,132,1,3.93702,6967,1605,7130,0
290,3.37691,27,0,1,0,65.788,27,8189,1,0,137,1,3.4711,6968,1606,7131,0
187,2.17767,16,0,29,0,78.023,16,8189,29,0,77,1,3.4711,6997,1607,7160,0
297,3.45874,24,0,0,0,75.428,24,8189,0,0,154,0,4.75238,6997,1607,7160,0
147,1.71191,6,0,34,0,64.444,6,8189,34,0,51,2,4.74074,7031,1609,7194,0
117,1.36246,12,0,0,0,67.241,12,8191,0,0,64,0,4.88051,7031,1609,7194,0
261,3.03933,20,0,0,0,81.08,20,8191,0,0,133,0,5.47456,7031,1609,7194,0
204,2.37554,13,0,24,0,51.692,13,8189,24,0,92,1,5.5561,7055,1610,7218,0
282,3.28317,21,0,0,0,61.634,21,8189,0,0,143,0,4.91546,7055,1610,7218,0
244,2.84133,26,0,2,0,80.131,26,8191,2,0,126,2,4.64755,7057,1612,7220,0
244,2.84136,17,0,29,0,68.551,17,8191,29,0,98,1,4.19328,7086,1613,7249,0


