SendPacket,SendRate(Mb/s),FlightSize,ReceiveRate(Mb/s),Send Loss,Recv Loss,RTT(ms),CWnd,FlowWindow,Retrans,PktSndPeriod(us),RecvACK,RecvNAK,EstimatedBandwidth(Mb/s),Retrans_Total,NAK_TotalRecv,Total Send Loss,Total Recv Loss
830,7.3738,200,0,3,0,71.236,231,8189,3,0,229,3,11.346,3,3,3,0
954,9.2011,68,0,3,0,100.501,557,8102,3,0,326,3,15.0412,6,6,6,0
870,8.39148,100,0,2,0,125.1,877,8189,2,0,320,2,19.6626,8,8,8,0
869,8.3826,82,0,3,0,268.863,1166,8189,3,0,289,3,13.3528,11,11,11,0
737,7.10978,71,0,147,0,161.246,72,8189,147,0,218,3,19.624,158,14,158,0
595,5.73985,34,0,66,0,32.548,34,8191,66,0,236,3,17.6462,224,17,224,0
325,3.13523,9,0,66,0,40.213,9,8189,66,0,147,0,14.115,290,17,290,0
412,3.97453,22,0,0,0,38.339,22,8189,0,0,206,0,13.7388,290,17,290,0
651,6.27983,33,0,0,0,31.847,33,8189,0,0,328,0,12.2337,290,17,290,0
886,8.54623,45,0,0,0,42.455,45,8189,0,0,441,0,15.7359,290,17,290,0
831,8.01544,53,0,0,0,52.273,53,8189,0,0,416,0,11.2882,290,17,290,0
862,8.31462,60,0,1,0,71.932,60,8189,1,0,411,1,13.6905,291,18,291,0
751,7.24377,65,0,5,0,54.89,65,8189,5,0,288,5,12.2047,296,23,296,0
832,8.02565,68,0,2,0,61.1,70,8191,2,0,355,2,14.8097,298,25,298,0
749,7.22474,73,0,4,0,80.888,73,8189,4,0,241,4,11.6644,302,29,302,0
849,8.18819,70,0,2,0,82.694,78,8189,2,0,364,2,13.5072,304,31,304,0
876,8.44931,82,0,4,0,56.905,82,8189,4,0,326,4,16.6042,308,35,308,0
663,6.39492,14,0,87,0,83.322,14,8189,62,0,261,2,20.5213,370,37,395,0
720,6.94528,49,0,1,0,49.333,49,8189,1,0,349,1,18.3794,371,38,396,0
401,3.86838,15,0,78,0,28.177,15,8189,78,0,160,1,17.4725,449,39,474,0
183,1.76538,6,0,34,0,50.378,6,8189,34,0,83,0,16.6428,483,39,508,0
136,1.31185,9,0,13,0,26.183,9,8189,13,0,67,0,15.871,496,39,521,0
502,4.84207,24,0,0,0,30.377,24,8189,0,0,253,0,15.9192,496,39,521,0
708,6.82888,36,0,0,0,41.587,36,8189,0,0,355,0,14.0089,496,39,521,0
896,8.64215,46,0,0,0,43.172,46,8189,0,0,447,0,15.9096,496,39,521,0
975,9.40541,56,0,0,0,58.168,56,8189,0,0,486,0,21.351,496,39,521,0
885,8.53657,60,0,1,0,79.601,63,8189,1,0,416,1,21.3607,497,40,522,0
849,8.18934,64,0,3,0,65.83,68,8189,3,0,334,3,17.6365,500,43,525,0
855,8.24727,61,0,2,0,81.449,73,8189,2,0,369,2,17.1445,502,45,527,0
814,7.85107,77,0,3,0,78.084,77,8138,3,0,297,3,16.5463,505,48,530,0
845,8.15031,78,0,3,0,95.203,81,8189,3,0,320,3,11.3846,508,51,533,0
868,8.37225,73,0,6,0,68.298,84,8189,6,0,286,6,14.8772,514,57,539,0
812,7.83209,89,0,1,0,93.079,89,8189,1,0,363,1,13.3528,515,58,540,0
795,7.66874,88,0,3,0,106.885,92,8189,3,0,287,3,14.279,518,61,543,0
511,4.92949,14,0,154,0,22.106,14,8189,154,0,198,1,15.4947,672,62,697,0
161,1.55314,6,0,32,0,45.103,6,8189,32,0,77,0,14.9544,704,62,729,0
149,1.43729,9,0,15,0,33.684,9,8189,15,0,73,0,13.1502,719,62,744,0
467,4.50441,23,0,0,0,31.424,23,8189,0,0,232,0,12.1468,719,62,744,0
706,6.80964,35,0,0,0,36.944,35,8189,0,0,355,0,15.2824,719,62,744,0
856,8.25644,46,0,0,0,47.954,46,8189,0,0,430,0,15.5622,719,62,744,0
831,8.01567,53,0,1,0,66.203,53,8189,1,0,395,1,13.7098,720,63,745,0
886,8.5459,61,0,1,0,55.137,61,8190,1,0,445,1,17.2989,721,64,746,0
856,8.2561,63,0,1,0,66.515,67,8189,1,0,374,1,15.7359,722,65,747,0
796,7.67764,63,0,2,0,71.499,72,8189,2,0,336,2,14.1054,724,67,749,0
797,7.68788,66,0,4,0,73.546,76,8191,4,0,294,4,12.4749,728,71,753,0
791,7.6296,76,0,4,0,63.345,79,8189,4,0,258,4,18.418,732,75,757,0
798,7.69727,76,0,5,0,75.705,83,8191,5,0,288,5,12.2626,737,80,762,0
710,6.84838,6,0,89,0,69.633,6,8189,63,0,218,4,12.253,800,84,851,0
588,5.67193,24,0,45,0,32.193,24,8189,45,0,268,0,15.1667,845,84,896,0
200,1.92934,6,0,48,0,65.22,6,8191,48,0,90,0,14.7228,893,84,944,0
172,1.65927,6,0,19,0,53.674,6,8191,19,0,81,0,14.4527,912,84,963,0
147,1.41795,9,0,13,0,28.334,9,8191,13,0,72,0,12.7547,925,84,976,0
394,3.80035,22,0,0,0,35.329,22,8189,0,0,196,0,11.1241,925,84,976,0
664,6.40446,33,0,0,0,47.165,33,8191,0,0,333,0,14.8483,925,84,976,0
860,8.29498,44,0,0,0,53.287,44,8189,0,0,429,0,12.3784,925,84,976,0
788,7.6008,48,0,0,0,55.766,52,8189,0,0,396,0,13.8931,925,84,976,0
889,8.57523,60,0,1,0,61.557,60,8189,1,0,417,1,17.1927,926,85,977,0
807,7.78451,65,0,2,0,75.805,65,8189,2,0,347,2,13.6326,928,87,979,0
774,7.46617,63,0,3,0,67.853,70,8189,3,0,300,3,16.1508,931,90,982,0
779,7.51339,74,0,2,0,92.201,74,8189,2,0,324,2,19.5661,933,92,984,0
805,7.76357,79,0,2,0,94.378,79,8190,2,0,370,2,16.0543,935,94,986,0
906,8.73934,82,0,1,0,90.151,84,8191,1,0,419,1,18.6206,936,95,987,0
773,7.4564,88,0,4,0,90.652,88,8190,4,0,309,4,15.0412,940,99,991,0
807,7.78459,40,0,86,0,43.97,40,8189,86,0,264,5,12.9766,1026,104,1077,0
288,2.77831,9,0,74,0,29.701,9,8190,74,0,117,1,16.4112,1100,105,1151,0
116,1.11902,5,0,22,0,48.705,5,8191,22,0,54,0,19.9424,1122,105,1173,0
156,1.50485,9,0,14,0,29.93,9,8191,14,0,76,0,19.6337,1136,105,1187,0
383,3.69416,21,0,0,0,43.644,21,8191,0,0,191,0,21.9974,1136,105,1187,0
767,7.39781,30,0,0,0,34.093,35,8191,0,0,383,0,13.1695,1136,105,1187,0
832,8.02462,45,0,0,0,47.279,45,8189,0,0,415,0,18.2637,1136,105,1187,0
863,8.32409,54,0,0,0,52.888,54,8189,0,0,432,0,15.6008,1136,105,1187,0
890,8.5841,57,0,0,0,83.957,62,8189,0,0,452,0,15.6973,1136,105,1187,0
886,8.54585,64,0,2,0,66.668,67,8189,2,0,383,2,15.4464,1138,107,1189,0
848,8.1798,72,0,4,0,74.352,72,8189,4,0,296,4,11.9539,1142,111,1193,0
819,7.89965,70,0,2,0,88.573,76,8189,2,0,346,2,13.623,1144,113,1195,0
816,7.87097,80,0,3,0,74.479,80,8191,3,0,297,3,14.8965,1147,116,1198,0
815,7.86128,70,0,4,0,67.346,83,8189,4,0,279,4,16.1315,1151,120,1202,0
807,7.77597,87,0,2,0,90.035,87,8189,2,0,327,2,12.7354,1153,122,1204,0
763,7.36005,42,0,83,0,48.402,42,8189,51,0,343,1,17.0287,1204,123,1287,0
437,4.21564,14,0,67,0,31.588,14,8189,67,0,205,0,19.5565,1271,123,1354,0
185,1.78467,10,0,34,0,32.368,2,8189,34,0,84,0,20.1643,1305,123,1388,0
118,1.13833,9,0,17,0,45.458,9,8190,17,0,57,0,19.3153,1322,123,1405,0
388,3.74293,21,0,0,0,35.43,21,8189,0,0,196,0,13.787,1322,123,1405,0
701,6.7607,34,0,0,0,30.761,34,8189,0,0,348,0,11.7127,1322,123,1405,0
828,7.98648,44,0,0,0,44.475,44,8189,0,0,415,0,17.2313,1322,123,1405,0
822,7.92852,53,0,0,0,65.546,53,8189,0,0,413,0,18.2733,1322,123,1405,0
931,8.97981,59,0,0,0,60.771,61,8189,0,0,469,0,19.1513,1322,123,1405,0
867,8.36251,68,0,1,0,76.768,68,8190,1,0,433,1,16.72,1323,124,1406,0
796,7.67792,69,0,4,0,71.196,72,8189,4,0,299,4,17.3278,1327,128,1410,0
909,8.76775,74,0,1,0,74.13,77,8189,1,0,422,1,16.9901,1328,129,1411,0
751,7.24345,81,0,4,0,90.764,81,8189,4,0,261,4,16.6717,1332,133,1415,0
829,7.99634,77,0,1,0,82.492,85,8189,1,0,383,1,18.9197,1333,134,1416,0
796,7.67826,69,0,0,0,94.591,90,8189,0,0,409,0,18.7654,1333,134,1416,0
745,7.18645,76,0,3,0,58.439,93,8191,3,0,293,3,18.1961,1336,137,1419,0
372,3.58516,11,0,132,0,66.106,11,8189,131,0,132,1,17.3471,1467,138,1551,0
182,1.75572,6,0,23,0,64.65,6,8191,23,0,87,0,17.048,1490,138,1574,0
182,1.75553,11,0,10,0,34.938,11,8189,10,0,88,0,16.7393,1500,138,1584,0
386,3.72316,22,0,0,0,59.149,22,8189,0,0,194,0,12.3494,1500,138,1584,0
635,6.12482,33,0,0,0,35.912,33,8190,0,0,318,0,13.1695,1500,138,1584,0
679,6.54908,42,0,0,0,35.746,42,8189,0,0,343,0,17.1059,1500,138,1584,0
628,6.0576,49,0,0,0,62.378,49,8189,0,0,314,0,16.17,1500,138,1584,0
712,6.86762,55,0,2,0,56.393,55,8190,2,0,310,2,14.7518,1502,140,1586,0
834,8.04415,62,0,0,0,75.104,62,8189,0,0,421,0,14.0668,1502,140,1586,0
881,8.4975,68,0,2,0,63.835,68,8189,2,0,380,2,14.6553,1504,142,1588,0
784,7.56269,63,0,3,0,87.779,72,8189,3,0,307,3,17.048,1507,145,1591,0
757,7.30156,63,0,2,0,83.356,77,8189,2,0,318,2,16.199,1509,147,1593,0
836,8.06399,81,0,2,0,81.639,81,8189,2,0,337,2,13.2949,1511,149,1595,0
701,6.76165,84,0,3,0,117.043,84,8190,3,0,289,3,14.5781,1514,152,1598,0
775,7.4759,88,0,1,0,82.116,88,8189,1,0,350,1,16.6332,1515,153,1599,0
473,4.56302,13,0,154,0,34.282,13,8189,154,0,204,0,18.1382,1669,153,1753,0
136,1.31198,5,0,29,0,57.181,5,8189,29,0,63,0,19.2381,1698,153,1782,0
152,1.46614,10,0,12,0,33.547,10,8191,12,0,71,0,19.2574,1710,153,1794,0
380,3.66523,22,0,0,0,35.543,22,8189,0,0,193,0,14.3659,1710,153,1794,0
769,7.41732,35,0,0,0,30.116,35,8189,0,0,383,0,12.0311,1710,153,1794,0
705,6.80019,44,0,0,0,41.549,44,8189,0,0,355,0,16.6814,1710,153,1794,0
892,8.60438,53,0,0,0,45.158,53,8189,0,0,450,0,15.9964,1710,153,1794,0
849,8.18905,60,0,0,0,58.846,60,8189,0,0,425,0,14.9158,1710,153,1794,0
956,9.22053,68,0,0,0,76.082,68,8189,0,0,479,0,16.0832,1710,153,1794,0
842,8.12155,70,0,3,0,75.209,72,8189,3,0,325,3,16.392,1713,156,1797,0
837,8.07322,77,0,2,0,72.66,77,8189,2,0,350,2,16.1411,1715,158,1799,0
749,7.22438,57,0,4,0,95.965,81,8189,4,0,275,4,18.447,1719,162,1803,0
781,7.53347,80,0,0,0,87.85,85,8189,0,0,384,0,16.7393,1719,162,1803,0
821,7.91923,80,0,1,0,105.338,90,8189,1,0,379,1,17.376,1720,163,1804,0
730,7.0418,93,0,1,0,73.362,93,8189,1,0,323,1,16.8165,1721,164,1805,0
502,4.84276,49,0,95,0,52.196,49,8189,95,0,189,2,17.9356,1816,166,1900,0
326,3.14489,9,0,88,0,41.712,9,8191,88,0,144,0,18.0321,1904,166,1988,0
168,1.62054,10,0,19,0,31.368,10,8190,19,0,83,0,18.6882,1923,166,2007,0
424,4.08964,23,0,0,0,38.524,23,8189,0,0,215,0,16.4884,1923,166,2007,0
715,6.89649,35,0,0,0,36.136,35,8189,0,0,359,0,14.6167,1923,166,2007,0
775,7.47518,45,0,0,0,47.076,45,8189,0,0,389,0,14.8965,1923,166,2007,0
807,7.78382,53,0,0,0,46.058,53,8191,0,0,403,0,19.0934,1923,166,2007,0
923,8.90268,61,0,0,0,61.667,61,8189,0,0,464,0,19.2478,1923,166,2007,0
812,7.83196,66,0,3,0,69.235,66,8189,3,0,319,3,13.4011,1926,169,2010,0
823,7.93817,71,0,1,0,70.255,71,8189,1,0,383,1,15.2824,1927,170,2011,0
829,7.99605,76,0,2,0,72.88,76,8189,2,0,347,2,11.4232,1929,172,2013,0
658,6.34666,41,0,79,0,45.542,41,8191,59,0,285,1,13.1695,1988,173,2092,0
725,6.99288,49,0,0,0,55.559,49,8189,0,0,365,0,15.3596,1988,173,2092,0
617,5.9507,27,0,54,0,56.606,27,8191,54,0,298,0,16.1604,2042,173,2146,0
523,5.04484,35,0,0,0,50.004,35,8189,0,0,266,0,15.5333,2042,173,2146,0
365,3.52108,12,0,57,0,52.707,12,8189,57,0,168,0,10.14,2099,173,2203,0
230,2.21874,13,0,15,0,31.638,13,8191,15,0,113,0,9.15595,2114,173,2218,0
192,1.85221,8,0,30,0,29.518,8,8191,30,0,90,0,9.09806,2144,173,2248,0
417,4.0222,22,0,0,0,31.187,22,8191,0,0,206,0,13.2756,2144,173,2248,0
616,5.94219,33,0,0,0,54.201,33,8191,0,0,307,0,19.6626,2144,173,2248,0
777,7.49467,43,0,0,0,42.914,43,8191,0,0,389,0,13.43,2144,173,2248,0
835,8.05213,50,0,1,0,47.473,51,8191,1,0,397,1,16.6235,2145,174,2249,0
867,8.3623,58,0,2,0,58.244,58,8189,2,0,385,2,14.8869,2147,176,2251,0
901,8.69046,65,0,1,0,65.945,65,8191,1,0,424,1,15.7745,2148,177,2252,0
833,8.0346,67,0,2,0,67.504,70,8189,2,0,357,2,16.5656,2150,179,2254,0
847,8.16783,71,0,3,0,64.917,75,8189,3,0,324,3,13.1599,2153,182,2257,0
849,8.18856,71,0,2,0,84.534,79,8189,2,0,357,2,18.0514,2155,184,2259,0
805,7.76454,81,0,4,0,81.272,83,8189,4,0,286,4,14.6843,2159,188,2263,0
614,5.91837,19,0,88,0,50.452,19,8189,62,0,192,3,15.871,2221,191,2351,0
530,5.11248,23,0,45,0,32.704,23,8189,45,0,246,0,17.7234,2266,191,2396,0
186,1.79431,6,0,45,0,48.805,6,8189,45,0,84,0,14.9448,2311,191,2441,0
93,0.897116,5,0,17,0,48.28,5,8189,17,0,43,0,12.8801,2328,191,2458,0
182,1.75527,11,0,13,0,24.481,11,8191,13,0,89,0,12.6582,2341,191,2471,0
448,4.3213,24,0,0,0,31.696,24,8191,0,0,224,0,12.253,2341,191,2471,0
630,6.07668,34,0,0,0,65.137,34,8189,0,0,316,0,13.8642,2341,191,2471,0
812,7.83251,45,0,0,0,57.162,45,8191,0,0,408,0,14.665,2341,191,2471,0
876,8.44951,53,0,0,0,52.941,53,8191,0,0,437,0,15.3982,2341,191,2471,0
827,7.97665,60,0,1,0,66.518,60,8189,1,0,392,1,15.9964,2342,192,2472,0
721,6.95473,65,0,4,0,70.529,65,8190,4,0,271,4,11.9539,2346,196,2476,0
721,6.95432,40,0,65,0,63.411,40,8191,65,0,321,0,16.392,2411,196,2541,0
805,7.76457,48,0,1,0,43.088,48,8190,1,0,383,1,16.0446,2412,197,2542,0
846,8.16064,56,0,0,0,56.898,56,8189,0,0,423,0,12.0214,2412,197,2542,0
817,7.88045,62,0,2,0,61.003,62,8187,2,0,351,2,12.8608,2414,199,2544,0
786,7.5813,66,0,0,0,66.657,68,8190,0,0,396,0,13.2467,2414,199,2544,0
721,6.95493,71,0,2,0,52.776,72,8189,2,0,298,2,15.1184,2416,201,2546,0
470,4.53394,13,0,126,0,27.326,13,8189,126,0,207,0,17.6655,2542,201,2672,0
163,1.57242,6,0,30,0,39.726,6,8189,30,0,77,0,18.2251,2572,201,2702,0
135,1.3022,10,0,12,0,33.695,10,8189,12,0,68,0,16.5656,2584,201,2714,0
465,4.48509,24,0,0,0,29.176,24,8190,0,0,233,0,13.1792,2584,201,2714,0
717,6.91566,35,0,0,0,35.292,35,8189,0,0,358,0,15.1956,2584,201,2714,0
867,8.36281,46,0,0,0,61.013,46,8189,0,0,434,0,17.8102,2584,201,2714,0
863,8.3238,55,0,0,0,67.037,55,8189,0,0,433,0,18.3505,2584,201,2714,0
840,8.10157,62,0,0,0,70.482,62,8189,0,0,424,0,16.7779,2584,201,2714,0
874,8.43013,65,0,4,0,60.328,67,8191,4,0,349,4,14.9255,2588,205,2718,0
832,8.02495,71,0,2,0,74.746,72,8189,2,0,351,2,13.7195,2590,207,2720,0
760,7.33045,73,0,3,0,87.578,76,8191,3,0,279,3,17.9742,2593,210,2723,0
839,8.09238,59,0,4,0,82.094,80,8189,4,0,286,4,16.3148,2597,214,2727,0
873,8.4209,80,0,4,0,68.846,83,8189,4,0,316,4,14.0668,2601,218,2731,0
891,8.59362,89,0,0,0,94.556,89,8189,0,0,446,0,14.4527,2601,218,2731,0
658,6.34666,75,0,1,0,79.308,92,8191,1,0,296,1,15.9192,2602,219,2732,0
459,4.42781,12,0,134,0,40.802,12,8189,134,0,179,1,16.0543,2736,220,2866,0
210,2.02583,7,0,25,0,50.347,7,8191,25,0,100,0,14.5878,2761,220,2891,0
184,1.77468,11,0,16,0,27.498,11,8189,16,0,85,0,13.4879,2777,220,2907,0
492,4.74561,24,0,0,0,33.664,24,8189,0,0,248,0,15.1667,2777,220,2907,0
724,6.98389,36,0,0,0,41.975,36,8189,0,0,364,0,19.2285,2777,220,2907,0
820,7.90932,46,0,0,0,38.421,46,8189,0,0,410,0,18.8811,2777,220,2907,0
976,9.41389,55,0,1,0,47.322,55,8189,1,0,462,1,16.363,2778,221,2908,0
908,8.75809,60,0,2,0,52.245,62,8189,2,0,404,2,14.5106,2780,223,2910,0
861,8.30445,68,0,1,0,84.775,68,8189,1,0,404,1,18.7171,2781,224,2911,0
847,8.17025,66,0,4,0,64.953,72,8189,4,0,302,4,16.9129,2785,228,2915,0
677,6.5299,30,0,77,0,47.886,30,8189,77,0,250,2,14.1633,2862,230,2992,0
822,7.92907,36,0,0,0,41.787,46,8189,0,0,415,0,14.0089,2862,230,2992,0
815,7.86105,54,0,2,0,48.348,54,8189,2,0,380,2,13.5844,2864,232,2994,0
795,7.66813,60,0,2,0,62.232,60,8190,2,0,375,2,16.7682,2866,234,2996,0
561,5.41144,3,0,65,0,80.032,3,8191,59,0,228,1,12.8125,2925,235,3061,0
280,2.70109,11,0,50,0,30.131,11,8191,50,0,118,0,12.9187,2975,235,3111,0
139,1.34089,6,0,25,0,34.501,6,8191,25,0,64,0,12.5617,3000,235,3136,0
163,1.57238,10,0,14,0,34.119,10,8189,14,0,80,0,14.1054,3014,235,3150,0
413,3.98383,23,0,0,0,40.576,23,8191,0,0,207,0,11.346,3014,235,3150,0
696,6.71363,35,0,0,0,37.146,35,8189,0,0,350,0,11.0663,3014,235,3150,0
834,8.04439,45,0,0,0,50.298,45,8189,0,0,416,0,14.9833,3014,235,3150,0
841,8.11183,53,0,0,0,65.346,53,8187,0,0,422,0,17.9356,3014,235,3150,0
849,8.18897,58,0,3,0,52.182,60,8189,3,0,354,3,20.1257,3017,238,3153,0
811,7.82244,65,0,2,0,66.284,65,8189,2,0,347,2,14.3659,3019,240,3155,0
831,8.01529,69,0,1,0,98.707,71,8189,1,0,388,1,19.8942,3020,241,3156,0
706,6.80965,75,0,1,0,85.309,75,8189,1,0,321,1,16.6235,3021,242,3157,0
900,8.68079,80,0,3,0,84.745,80,8189,3,0,381,3,12.6968,3024,245,3160,0
865,8.34345,80,0,2,0,85.566,84,8189,2,0,324,2,12.6292,3026,247,3162,0
742,7.15691,84,0,4,0,76.648,87,8189,4,0,294,4,15.6876,3030,251,3166,0
684,6.598,44,0,92,0,92.572,44,8189,92,0,235,3,18.447,3122,254,3258,0
451,4.35071,15,0,71,0,35.945,15,8191,71,0,209,0,18.5145,3193,254,3329,0
181,1.74609,11,0,24,0,30.902,11,8189,24,0,84,0,16.8165,3217,254,3353,0
138,1.33124,6,0,26,0,48.657,6,8189,26,0,64,0,14.8869,3243,254,3379,0
368,3.55005,20,0,0,0,33.819,20,8189,0,0,184,0,17.1059,3243,254,3379,0
599,5.77794,31,0,0,0,45.334,31,8189,0,0,302,0,14.7614,3243,254,3379,0
710,6.84822,41,0,0,0,46.397,41,8189,0,0,356,0,9.92779,3243,254,3379,0
838,8.08336,50,0,0,0,54.522,50,8189,0,0,419,0,11.9346,3243,254,3379,0
850,8.19919,56,0,0,0,50.198,58,8189,0,0,424,0,12.7643,3243,254,3379,0
822,7.92894,65,0,1,0,53.969,65,8189,1,0,410,1,13.8352,3244,255,3380,0
833,8.03458,69,0,2,0,57.018,69,8189,2,0,326,2,15.7745,3246,257,3382,0
862,8.31431,71,0,1,0,77.578,75,8189,1,0,402,1,16.7007,3247,258,3383,0
852,8.21786,79,0,2,0,68.524,79,8189,2,0,351,2,15.4079,3249,260,3385,0
841,8.11171,63,0,6,0,82.733,83,8113,5,0,254,6,15.5622,3254,266,3391,0
832,8.02491,75,0,2,0,85.086,86,8189,3,0,303,2,14.5395,3257,268,3393,0
665,6.41463,21,0,91,0,52.162,21,8189,58,0,262,2,18.7557,3315,270,3484,0
491,4.73658,15,0,69,0,25.357,15,8190,69,0,221,0,20.3862,3384,270,3553,0
131,1.26373,5,0,31,0,55.775,5,8191,31,0,62,0,18.9583,3415,270,3584,0
120,1.15754,7,0,11,0,39.206,9,8191,11,0,56,0,18.3408,3426,270,3595,0
350,3.37579,21,0,0,0,40.251,21,8189,0,0,181,0,13.4493,3426,270,3595,0
600,5.78725,32,0,0,0,54.328,32,8189,0,0,300,0,12.7257,3426,270,3595,0
688,6.63563,41,0,0,0,39.588,41,8189,0,0,347,0,18.3698,3426,270,3595,0
834,8.04416,49,0,2,0,47.663,49,8189,2,0,379,2,14.7807,3428,272,3597,0
886,8.54597,57,0,1,0,53.749,57,8189,1,0,423,1,14.0378,3429,273,3598,0
813,7.84215,63,0,3,0,63.165,63,8189,3,0,329,3,12.2337,3432,276,3601,0
780,7.52378,69,0,0,0,91.34,69,8189,0,0,394,0,18.2154,3432,276,3601,0
745,7.18569,73,0,3,0,83.986,73,8190,3,0,338,3,16.2086,3435,279,3604,0
897,8.65221,78,0,2,0,85.323,78,8189,2,0,377,2,14.9255,3437,281,3606,0
840,8.10218,58,0,3,0,81.679,83,8189,3,0,355,3,13.2949,3440,284,3609,0
856,8.25637,71,0,0,0,83.881,88,8189,0,0,428,0,17.3568,3440,284,3609,0
617,5.95173,88,0,3,0,138.473,90,8189,3,0,216,3,14.7711,3443,287,3612,0
608,5.86524,45,0,91,0,52.388,45,8189,87,0,246,1,15.321,3530,288,3703,0
537,5.17955,28,0,76,0,41.891,2,8189,76,0,244,0,15.5815,3606,288,3779,0
281,2.71074,13,0,18,0,34.904,13,8189,18,0,144,0,16.2376,3624,288,3797,0
422,4.07098,24,0,0,0,45.054,24,8189,0,0,213,0,17.1831,3624,288,3797,0
700,6.75242,36,0,0,0,51.745,36,8189,0,0,351,0,13.7291,3624,288,3797,0
859,8.28612,46,0,0,0,44.438,46,8189,0,0,430,0,19.4214,3624,288,3797,0
934,9.0089,55,0,0,0,53.98,55,8189,0,0,467,0,17.0963,3624,288,3797,0
873,8.42092,59,0,0,0,66.998,63,8189,0,0,439,0,15.6008,3624,288,3797,0
835,8.0537,69,0,0,0,92.716,69,8189,0,0,418,0,14.0571,3624,288,3797,0
863,8.32399,75,0,1,0,65.276,75,8189,1,0,436,1,15.186,3625,289,3798,0
755,7.28233,57,0,3,0,83.726,78,8191,3,0,254,3,15.6008,3628,292,3801,0
905,8.72958,69,0,2,0,68.903,83,8189,2,0,382,2,14.6071,3630,294,3803,0
784,7.56222,87,0,4,0,93.825,87,8189,4,0,304,4,13.3818,3634,298,3807,0
796,7.6782,83,0,3,0,93.061,89,8189,3,0,247,3,14.279,3637,301,3810,0
778,7.50335,45,0,91,0,66.192,45,8189,89,0,325,1,12.5424,3726,302,3901,0
412,3.9745,14,0,73,0,40.391,14,8189,73,0,163,3,13.1502,3799,305,3974,0
136,1.31197,6,0,30,0,55.844,6,8191,30,0,61,0,13.9896,3829,305,4004,0
133,1.2829,9,0,12,0,35.499,9,8189,12,0,65,0,13.0923,3841,305,4016,0
405,3.90672,22,0,0,0,37.928,22,8191,0,0,205,0,16.4209,3841,305,4016,0
621,5.98997,33,0,0,0,28.222,33,8191,0,0,312,0,21.0616,3841,305,4016,0
791,7.63007,43,0,0,0,38.878,43,8189,0,0,397,0,15.186,3841,305,4016,0
946,9.12459,53,0,0,0,55.252,53,8189,0,0,475,0,13.6809,3841,305,4016,0
626,6.03805,24,0,59,0,42.863,24,8191,59,0,249,2,13.6037,3900,307,4075,0
630,6.07658,37,0,0,0,38.363,37,8189,0,0,314,0,13.8835,3900,307,4075,0
710,6.84824,46,0,0,0,74.976,46,8189,0,0,357,0,14.3466,3900,307,4075,0
704,6.79059,52,0,1,0,90.25,52,8189,1,0,335,1,13.9703,3901,308,4076,0
745,7.186,59,0,0,0,67.16,59,8189,0,0,375,0,15.6008,3901,308,4076,0
464,4.4752,33,0,60,0,39.742,33,8189,60,0,194,1,15.1763,3961,309,4136,0
461,4.44681,40,0,0,0,121.807,40,8189,0,0,231,0,14.8965,3961,309,4136,0
501,4.8328,24,0,43,0,47.539,24,8189,43,0,244,0,13.98,4004,309,4179,0
224,2.16089,8,0,48,0,40.765,8,8189,48,0,102,0,13.6423,4052,309,4227,0
89,0.858554,4,0,21,0,69.015,4,8189,21,0,43,0,13.8256,4073,309,4248,0
170,1.63982,11,0,8,0,28.74,11,8189,8,0,83,0,12.0793,4081,309,4256,0
436,4.20547,24,0,0,0,28.207,24,8189,0,0,219,0,11.3943,4081,309,4256,0
652,6.28872,35,0,0,0,49.774,35,8191,0,0,328,0,12.3591,4081,309,4256,0
755,7.2822,44,0,0,0,74.84,44,8189,0,0,379,0,15.0798,4081,309,4256,0
813,7.84168,52,0,1,0,59.306,52,8191,1,0,385,1,16.3341,4082,310,4257,0
758,7.31108,58,0,2,0,63.803,58,8191,2,0,355,2,11.8477,4084,312,4259,0
691,6.6649,18,0,64,0,51.911,18,8191,64,0,282,1,14.2308,4148,313,4323,0
726,7.00263,40,0,0,0,46.434,40,8189,0,0,358,0,17.5883,4148,313,4323,0
658,6.34644,48,0,0,0,53.462,48,8191,0,0,330,0,16.1411,4148,313,4323,0
765,7.37869,55,0,1,0,41.116,55,8189,1,0,364,1,19.3346,4149,314,4324,0
821,7.91879,60,0,0,0,63.947,62,8189,0,0,411,0,17.8102,4149,314,4324,0
818,7.88993,58,0,3,0,70.788,67,8191,3,0,324,3,16.4884,4152,317,4327,0
674,6.5018,35,0,72,0,30.334,35,8189,72,0,254,2,19.4986,4224,319,4399,0
271,2.61433,12,0,56,0,61.149,12,8189,56,0,124,0,19.0355,4280,319,4455,0
236,2.27667,12,0,27,0,47.743,2,8189,27,0,109,0,19.8556,4307,319,4482,0
160,1.54348,10,0,10,0,29.021,10,8189,10,0,82,0,14.8386,4317,319,4492,0
428,4.12879,23,0,0,0,30.9,23,8189,0,0,215,0,11.346,4317,319,4492,0
645,6.22173,34,0,0,0,61.33,34,8191,0,0,323,0,13.2178,4317,319,4492,0
832,8.02503,44,0,0,0,43.37,44,8189,0,0,419,0,18.283,4317,319,4492,0
852,8.21784,51,0,0,0,57.361,53,8189,0,0,429,0,16.5077,4317,319,4492,0
859,8.28544,61,0,0,0,75.039,61,8189,0,0,428,0,16.5753,4317,319,4492,0
885,8.53617,66,0,3,0,68.844,66,8189,3,0,362,3,14.6553,4320,322,4495,0
782,7.54262,70,0,4,0,61.015,70,8189,4,0,264,4,15.0219,4324,326,4499,0
843,8.13106,75,0,2,0,79.749,75,8190,2,0,390,2,12.0504,4326,328,4501,0
705,6.79998,39,0,80,0,60.625,39,8189,69,0,242,2,16.5174,4395,330,4581,0
803,7.74528,48,0,0,0,43.218,48,8189,0,0,402,0,14.3755,4395,330,4581,0
699,6.74213,7,0,55,0,55.702,7,8189,55,0,320,1,12.4073,4450,331,4636,0
464,4.47567,17,0,32,0,66.614,17,8191,32,0,219,0,14.6939,4482,331,4668,0
274,2.64322,8,0,33,0,50.283,8,8191,33,0,129,0,16.8551,4515,331,4701,0
148,1.42774,7,0,18,0,50.471,7,8189,18,0,70,0,15.6973,4533,331,4719,0
187,1.8038,11,0,10,0,31.848,11,8189,10,0,90,0,18.1479,4543,331,4729,0
423,4.08005,23,0,0,0,47.024,23,8191,0,0,214,0,13.0344,4543,331,4729,0
551,5.31492,33,0,0,0,38.859,33,8191,0,0,277,0,13.1888,4543,331,4729,0
743,7.16712,43,0,0,0,40.588,43,8189,0,0,374,0,17.7909,4543,331,4729,0
836,8.06387,51,0,2,0,57.551,51,8141,2,0,373,2,16.9322,4545,333,4731,0
880,8.48804,58,0,1,0,48.395,58,8189,1,0,416,1,20.9458,4546,334,4732,0
820,7.90941,59,0,0,0,70.91,65,8189,0,0,413,0,17.5497,4546,334,4732,0
825,7.95752,70,0,3,0,76.297,70,8190,3,0,353,3,11.6548,4549,337,4735,0
720,6.94473,74,0,2,0,75.999,74,8189,2,0,292,2,14.4624,4551,339,4737,0
872,8.41084,78,0,1,0,91.109,79,8189,1,0,368,1,16.8454,4552,340,4738,0
903,8.70972,82,0,1,0,78.738,84,8189,1,0,416,1,16.0832,4553,341,4739,0
840,8.10208,89,0,0,0,99.072,89,8189,0,0,423,0,16.1315,4553,341,4739,0
660,6.36658,24,0,93,0,53.918,24,8191,77,0,283,1,17.9839,4630,342,4832,0
512,4.93914,14,0,72,0,31.428,14,8189,72,0,229,0,17.8777,4702,342,4904,0
220,2.12182,9,0,36,0,35.985,2,8191,36,0,101,0,17.762,4738,342,4940,0
124,1.19621,8,0,12,0,31.628,8,8189,12,0,62,0,17.6655,4750,342,4952,0
428,4.12884,22,0,0,0,35.192,22,8191,0,0,214,0,14.2887,4750,342,4952,0
746,7.19586,35,0,0,0,38.257,35,8191,0,0,371,0,12.6678,4750,342,4952,0
791,7.62919,45,0,0,0,47.16,45,8191,0,0,397,0,13.3625,4750,342,4952,0
798,7.69696,53,0,0,0,83.537,53,8191,0,0,401,0,13.102,4750,342,4952,0
769,7.41769,56,0,0,0,51.881,60,8189,0,0,390,0,15.157,4750,342,4952,0
900,8.6811,65,0,1,0,58.25,66,8189,1,0,419,1,13.6037,4751,343,4953,0
815,7.86042,70,0,4,0,68.683,70,8190,4,0,282,4,14.1343,4755,347,4957,0
794,7.6584,75,0,2,0,71.393,75,8189,2,0,327,2,15.2728,4757,349,4959,0
844,8.14123,78,0,2,0,64.292,79,8189,2,0,349,2,12.7064,4759,351,4961,0
801,7.726,61,0,2,0,92.515,83,8189,2,0,334,2,11.6934,4761,353,4963,0
798,7.69703,87,0,3,0,73.856,87,8189,3,0,272,3,17.212,4764,356,4966,0
764,7.36967,87,0,2,0,50.642,90,8189,2,0,301,2,16.9322,4766,358,4968,0
449,4.33141,13,0,157,0,35.37,13,8189,157,0,164,1,16.3727,4923,359,5125,0
155,1.49524,6,0,29,0,40.388,6,8189,29,0,71,0,14.5395,4952,359,5154,0
120,1.15754,9,0,12,0,33.168,9,8189,12,0,57,0,14.5781,4964,359,5166,0
462,4.45637,23,0,0,0,32.541,23,8189,0,0,235,0,12.774,4964,359,5166,0
721,6.95455,35,0,0,0,42.287,35,8189,0,0,361,0,15.6973,4964,359,5166,0
761,7.34006,45,0,0,0,45.864,45,8189,0,0,378,0,15.5236,4964,359,5166,0
905,8.72804,54,0,0,0,59.961,54,8189,0,0,452,0,12.7257,4964,359,5166,0
920,8.8724,60,0,1,0,65.66,61,8189,1,0,434,1,13.0248,4965,360,5167,0
589,5.68152,37,0,63,0,41.021,37,8191,20,0,271,1,14.4527,4985,361,5230,0
858,8.27614,47,0,0,0,50.186,47,8189,0,0,431,0,16.3148,4985,361,5230,0
892,8.60399,54,0,0,0,61.165,56,8189,0,0,449,0,13.5458,4985,361,5230,0
786,7.58132,61,0,2,0,73.633,61,8189,2,0,343,2,13.2371,4987,363,5232,0
769,7.41695,66,0,4,0,69.995,66,8189,4,0,295,4,15.9288,4991,367,5236,0
879,8.47827,63,0,1,0,66.288,72,8189,1,0,412,1,14.1054,4992,368,5237,0
689,6.64622,76,0,1,0,142.473,76,8190,1,0,341,1,15.6008,4993,369,5238,0
531,5.12248,40,0,79,0,62.035,40,8191,79,0,192,1,15.0895,5072,370,5317,0
323,3.1159,8,0,75,0,50.024,8,8189,75,0,146,0,14.9448,5147,370,5392,0
175,1.68805,11,0,15,0,25.273,11,8191,15,0,86,0,15.9481,5162,370,5407,0
475,4.58131,24,0,0,0,31.885,24,8189,0,0,239,0,15.1377,5162,370,5407,0
683,6.58806,35,0,0,0,40.763,35,8189,0,0,341,0,12.7547,5162,370,5407,0
788,7.59984,45,0,0,0,72.481,45,8191,0,0,394,0,13.1309,5162,370,5407,0
830,8.00561,53,0,1,0,49.309,53,8190,1,0,416,1,14.0185,5163,371,5408,0
870,8.39131,59,0,1,0,77.996,60,8189,1,0,389,1,13.6616,5164,372,5409,0
890,8.58231,66,0,2,0,57.482,66,8189,2,0,392,2,15.9867,5166,374,5411,0
959,9.25018,56,0,0,0,64.523,73,8189,0,0,491,0,11.4908,5166,374,5411,0
714,6.88684,40,0,76,0,78.232,40,8189,76,0,321,1,15.5815,5242,375,5487,0
735,7.08937,48,0,0,0,50.839,48,8189,0,0,372,0,13.2371,5242,375,5487,0
773,7.45588,55,0,1,0,59.127,55,8191,1,0,366,1,11.1338,5243,376,5488,0
908,8.7552,60,0,1,0,54.95,63,8189,1,0,428,1,12.9283,5244,377,5489,0
751,7.24422,68,0,68,0,55.89,2,8189,41,0,356,0,15.6298,5285,377,5557,0
469,4.52435,22,0,57,0,41.145,2,8191,84,0,221,0,15.6684,5369,377,5614,0
273,2.63352,19,0,19,0,25.895,2,8191,19,0,130,0,13.7484,5388,377,5633,0
190,1.83288,8,0,20,0,37.287,8,8189,20,0,99,0,12.9766,5408,377,5653,0
422,4.07097,22,0,0,0,26.712,22,8189,0,0,212,0,12.1179,5408,377,5653,0
768,7.40802,35,0,0,0,29.328,35,8189,0,0,384,0,12.581,5408,377,5653,0
832,8.02516,45,0,0,0,63.605,45,8189,0,0,416,0,17.3375,5408,377,5653,0
875,8.43593,54,0,1,0,52.567,54,8189,1,0,424,1,16.5367,5409,378,5654,0
893,8.61369,59,0,1,0,64.208,61,8191,1,0,421,1,13.5458,5410,379,5655,0
869,8.38191,63,0,2,0,70.075,67,8187,2,0,375,2,16.9226,5412,381,5657,0
865,8.34353,68,0,3,0,66.071,72,8191,3,0,341,3,15.3017,5415,384,5660,0
816,7.87099,76,0,2,0,73.637,76,8191,2,0,341,2,16.556,5417,386,5662,0
889,8.57515,81,0,4,0,65.032,81,8189,4,0,369,4,15.0123,5421,390,5666,0
871,8.40116,74,0,3,0,71.926,85,8189,3,0,328,3,11.5872,5424,393,5669,0
935,9.01845,83,0,2,0,92.086,89,8191,2,0,397,2,11.1917,5426,395,5671,0
597,5.75881,63,0,2,0,71.395,92,8189,2,0,224,2,14.1633,5428,397,5673,0
431,4.15776,11,0,121,0,32.559,2,8191,113,0,170,1,18.4084,5541,398,5794,0
114,1.09974,6,0,15,0,55.832,6,8191,15,0,59,0,18.5724,5556,398,5809,0
238,2.2958,15,0,6,0,25.087,15,8189,6,0,118,0,18.3023,5562,398,5815,0
571,5.50747,28,0,0,0,36.752,28,8189,0,0,288,0,11.7127,5562,398,5815,0
796,7.67767,40,0,0,0,45.862,40,8191,0,0,400,0,10.7189,5562,398,5815,0
923,8.90264,50,0,0,0,48.731,50,8189,0,0,464,0,13.43,5562,398,5815,0
928,8.9509,58,0,1,0,50.157,58,8189,1,0,440,1,14.5106,5563,399,5816,0
968,9.33672,64,0,0,0,69.051,66,8189,0,0,486,0,12.6485,5563,399,5816,0
819,7.89935,71,0,4,0,84.543,71,8191,4,0,346,4,13.073,5567,403,5820,0
919,8.86383,76,0,1,0,67.158,76,8189,1,0,390,1,16.1797,5568,404,5821,0
884,8.52708,79,0,2,0,85.465,81,8191,2,0,371,2,16.6042,5570,406,5823,0
878,8.46889,74,0,4,0,78.662,84,8191,4,0,295,4,15.8999,5574,410,5827,0
650,6.26946,17,0,90,0,64.496,17,8191,62,0,206,3,15.7069,5636,413,5917,0
759,7.31949,49,0,2,0,65.889,49,8189,2,0,325,2,19.7784,5638,415,5919,0
791,7.63013,56,0,56,0,50.678,2,8191,13,0,390,0,18.9004,5651,415,5975,0
378,3.64648,11,0,46,0,27.271,11,8191,89,0,154,1,18.0996,5740,416,6021,0
175,1.68817,8,0,27,0,35.407,8,8191,27,0,82,0,16.9419,5767,416,6048,0
195,1.88097,12,0,15,0,30.979,12,8189,15,0,98,0,14.3562,5782,416,6063,0
533,5.14107,26,0,0,0,27.182,26,8189,0,0,268,0,12.7354,5782,416,6063,0
751,7.24374,38,0,0,0,34.349,38,8189,0,0,374,0,11.0952,5782,416,6063,0
886,8.54587,48,0,0,0,47.881,48,8189,0,0,442,0,15.6491,5782,416,6063,0
928,8.95123,56,0,1,0,50.976,56,8191,1,0,439,1,15.4272,5783,417,6064,0
894,8.62298,64,0,1,0,71.038,64,8189,1,0,448,1,14.7518,5784,418,6065,0
863,8.32429,69,0,2,0,55.795,69,8189,2,0,342,2,17.048,5786,420,6067,0
836,8.06332,58,0,2,0,73.703,74,8191,2,0,364,2,12.7161,5788,422,6069,0
826,7.96666,79,0,2,0,90.1,79,8191,2,0,371,2,14.0475,5790,424,6071,0
848,8.17911,58,0,4,0,76.763,82,8189,4,0,285,4,12.8897,5794,428,6075,0
954,9.20193,72,0,0,0,64.002,88,8189,0,0,475,0,10.8251,5794,428,6075,0
747,7.20407,91,0,3,0,80.723,91,8191,3,0,284,3,10.8251,5797,431,6078,0
826,7.9678,29,0,71,0,80.265,22,8187,71,0,241,4,15.2149,5868,435,6149,0
352,3.39569,7,0,63,0,44.118,4,8191,63,0,147,0,15.2342,5931,435,6212,0
186,1.79427,5,0,19,0,29.421,5,8189,19,0,89,0,17.762,5950,435,6231,0
149,1.43735,8,0,14,0,33.675,8,8189,14,0,73,0,17.4725,5964,435,6245,0
406,3.91661,21,0,0,0,27.273,21,8191,0,0,201,0,15.0605,5964,435,6245,0
634,6.11547,33,0,0,0,43.812,33,8189,0,0,317,0,14.1922,5964,435,6245,0
850,8.19835,44,0,0,0,47.936,44,8189,0,0,425,0,15.4947,5964,435,6245,0
682,6.57817,51,0,0,0,62.813,51,8189,0,0,341,0,15.2438,5964,435,6245,0
847,8.169,59,0,0,0,66.435,59,8189,0,0,427,0,17.9742,5964,435,6245,0
860,8.29507,63,0,0,0,68.628,66,8189,0,0,430,0,19.7784,5964,435,6245,0
986,9.51017,67,0,0,0,71.747,73,8191,0,0,497,0,19.3442,5964,435,6245,0
857,8.26562,74,0,1,0,99.259,78,8191,1,0,398,1,14.6071,5965,436,6246,0
890,8.58493,63,0,3,0,73.39,82,8191,3,0,361,3,16.2086,5968,439,6249,0
883,8.51752,80,0,5,0,78.714,86,8190,5,0,333,5,14.6457,5973,444,6254,0
812,7.8325,69,0,1,0,101.619,90,8189,1,0,349,1,12.1854,5974,445,6255,0
779,7.51445,47,0,142,0,46.706,2,8191,118,0,267,3,16.9226,6092,448,6397,0
237,2.28627,15,0,24,0,73.604,15,8189,48,0,114,0,18.0128,6140,448,6421,0
233,2.24772,8,0,30,0,52.595,8,8189,30,0,110,0,18.1093,6170,448,6451,0
134,1.29254,10,0,14,0,41.701,10,8189,14,0,70,0,17.7137,6184,448,6465,0
478,4.61049,24,0,0,0,23.779,24,8191,0,0,240,0,13.4204,6184,448,6465,0
712,6.86747,36,0,0,0,32.939,36,8189,0,0,356,0,11.3268,6184,448,6465,0
799,7.70689,45,0,0,0,56.977,45,8189,0,0,402,0,12.06,6184,448,6465,0
810,7.8128,54,0,0,0,51.831,54,8189,0,0,405,0,10.497,6184,448,6465,0
882,8.50716,60,0,1,0,68.563,61,8189,1,0,416,1,13.5072,6185,449,6466,0
857,8.26609,59,0,3,0,62.947,67,8190,3,0,375,3,15.186,6188,452,6469,0
872,8.41077,71,0,1,0,91.409,72,8189,1,0,373,1,13.4204,6189,453,6470,0
857,8.2663,77,0,2,0,84.661,77,8189,2,0,361,2,18.804,6191,455,6472,0
762,7.34984,13,0,84,0,75.286,13,8189,74,0,237,4,16.7875,6265,459,6556,0
857,8.26591,48,0,0,0,39.726,48,8189,0,0,415,0,13.6712,6265,459,6556,0
826,7.96751,56,0,0,0,59.686,56,8189,0,0,415,0,13.7388,6265,459,6556,0
704,6.79095,62,0,3,0,79.343,62,8191,3,0,321,3,13.5168,6268,462,6559,0
488,4.70769,32,0,62,0,31.457,32,8189,62,0,185,2,13.4783,6330,464,6621,0
256,2.46956,8,0,61,0,36.835,8,8189,61,0,115,0,14.7518,6391,464,6682,0
155,1.49511,10,0,15,0,29.498,10,8189,15,0,75,0,12.2337,6406,464,6697,0
378,3.64624,22,0,0,0,31.583,22,8191,0,0,187,0,12.0214,6406,464,6697,0
644,6.2116,33,0,0,0,51.999,33,8189,0,0,322,0,16.199,6406,464,6697,0
887,8.55542,45,0,0,0,52.214,45,8189,0,0,444,0,15.6394,6406,464,6697,0
828,7.98681,53,0,1,0,51.267,53,8189,1,0,392,1,13.1985,6407,465,6698,0
850,8.19864,60,0,0,0,60.265,60,8189,0,0,428,0,17.3471,6407,465,6698,0
941,9.07663,67,0,1,0,60.676,67,8189,1,0,440,1,14.144,6408,466,6699,0
844,8.14132,68,0,1,0,67.606,73,8189,1,0,395,1,13.1985,6409,467,6700,0
781,7.53277,43,0,74,0,42.894,43,8189,74,0,371,0,13.4686,6483,467,6774,0
565,5.44958,49,0,0,0,76.825,49,8189,0,0,285,0,14.8579,6483,467,6774,0
604,5.82581,55,0,0,0,63.908,55,8189,0,0,306,0,17.4339,6483,467,6774,0
868,8.37256,61,0,2,0,50.103,61,8189,2,0,381,2,15.6298,6485,469,6776,0
667,6.43354,32,0,65,0,142.145,32,8189,65,0,321,0,15.6201,6550,469,6841,0
288,2.77839,20,0,34,0,77.644,20,8191,34,0,137,0,15.1377,6584,469,6875,0
192,1.8522,10,0,34,0,40.978,10,8191,34,0,92,0,15.0895,6618,469,6909,0
130,1.25407,12,0,10,0,55.529,12,8189,10,0,64,0,16.0832,6628,469,6919,0
418,4.03205,23,0,0,0,59.516,23,8189,0,0,211,0,13.9221,6628,469,6919,0
553,5.33424,33,0,0,0,79.449,33,8189,0,0,276,0,13.7098,6628,469,6919,0
741,7.1475,43,0,0,0,54.393,43,8189,0,0,374,0,14.7711,6628,469,6919,0
777,7.49468,51,0,0,0,62.551,51,8189,0,0,390,0,16.5946,6628,469,6919,0
735,7.08923,57,0,1,0,76.875,57,8189,1,0,342,1,16.6042,6629,470,6920,0
743,7.16647,59,0,1,0,62.056,63,8189,1,0,347,1,18.6785,6630,471,6921,0
905,8.72908,61,0,0,0,61.376,70,8191,0,0,457,0,13.5361,6630,471,6921,0
749,7.22439,37,0,76,0,58.253,37,8189,76,0,268,3,13.2467,6706,474,6997,0
730,7.04109,45,0,0,0,47.586,45,8189,0,0,365,0,16.5077,6706,474,6997,0
839,8.09293,53,0,1,0,54.11,53,8189,1,0,395,1,15.0702,6707,475,6998,0
904,8.71936,61,0,0,0,48.893,61,8189,0,0,451,0,16.527,6707,475,6998,0
648,6.25074,66,0,1,0,100.402,66,8189,1,0,295,1,15.0605,6708,476,6999,0
625,6.02916,18,0,105,0,78.309,18,8191,105,0,273,1,12.7836,6813,477,7104,0
306,2.95195,12,0,24,0,64.547,12,8191,24,0,151,0,13.5844,6837,477,7128,0
204,1.96791,9,0,23,0,35.561,9,8190,23,0,97,0,13.3239,6860,477,7151,0
431,4.15778,22,0,0,0,43.802,22,8189,0,0,216,0,14.4334,6860,477,7151,0
633,6.1061,34,0,0,0,41.322,34,8191,0,0,318,0,12.2916,6860,477,7151,0
786,7.58135,44,0,0,0,59.889,44,8189,0,0,394,0,12.0021,6860,477,7151,0
768,7.40763,51,0,2,0,46.873,51,8189,2,0,341,2,11.7899,6862,479,7153,0
867,8.36254,58,0,1,0,62.531,58,8189,1,0,410,1,12.552,6863,480,7154,0
935,9.019,63,0,0,0,50.36,66,8189,0,0,471,0,16.3148,6863,480,7154,0
973,9.38562,73,0,0,0,74.895,73,8189,0,0,489,0,17.7234,6863,480,7154,0
897,8.65246,77,0,1,0,73.112,78,8189,1,0,415,1,14.144,6864,481,7155,0
834,8.04436,83,0,0,0,101.507,83,8189,0,0,422,0,15.3982,6864,481,7155,0
904,8.72017,87,0,2,0,93.081,88,8191,2,0,377,2,17.5594,6866,483,7157,0
920,8.87398,79,0,2,0,85.025,92,8189,2,0,382,2,19.5565,6868,485,7159,0
751,7.24437,92,0,2,0,80.153,95,8189,2,0,287,2,17.2506,6870,487,7161,0
537,5.18042,27,0,167,0,51.949,2,8191,141,0,215,1,18.5145,7011,488,7328,0
241,2.32491,6,0,28,0,39.21,6,8190,28,0,124,0,17.4339,7039,488,7356,0
174,1.67855,8,0,16,0,31.617,8,8189,16,0,84,0,16.7682,7055,488,7372,0
394,3.80067,21,0,0,0,47.699,21,8189,0,0,198,0,14.6167,7055,488,7372,0
610,5.884,32,0,0,0,37.668,32,8191,0,0,305,0,14.3369,7055,488,7372,0
746,7.19566,42,0,0,0,56.307,42,8189,0,0,376,0,12.1758,7055,488,7372,0
861,8.30472,51,0,0,0,41.585,51,8189,0,0,432,0,16.8165,7055,488,7372,0
895,8.63277,59,0,0,0,63.34,60,8189,0,0,449,0,18.8232,7055,488,7372,0
989,9.53883,67,0,2,0,59.945,67,8190,2,0,466,2,13.98,7057,490,7374,0
956,9.22152,72,0,1,0,53.874,73,8189,1,0,420,1,12.3494,7058,491,7375,0
789,7.61069,74,0,5,0,70.326,76,8191,5,0,255,5,13.5361,7063,496,7380,0
842,8.12186,80,0,4,0,59.888,80,8189,4,0,324,4,12.0986,7067,500,7384,0
851,8.20874,78,0,2,0,69.941,85,8191,2,0,349,2,15.514,7069,502,7386,0
895,8.63281,84,0,1,0,74.552,89,8189,1,0,411,1,17.5401,7070,503,7387,0
708,6.82942,44,0,134,0,51.635,2,8191,73,0,277,2,17.3568,7143,505,7521,0
329,3.17375,15,0,26,0,27.235,15,8191,48,0,148,1,14.6071,7191,506,7547,0
179,1.72677,7,0,33,0,42.778,7,8189,33,0,82,0,15.4561,7224,506,7580,0
135,1.3022,10,0,13,0,32.181,10,8189,13,0,61,0,14.9448,7237,506,7593,0
410,3.95469,22,0,0,0,31.357,22,8189,0,0,206,0,15.9192,7237,506,7593,0
578,5.57477,33,0,0,0,49.987,33,8189,0,0,289,0,17.6172,7237,506,7593,0
760,7.33087,43,0,0,0,34.926,43,8189,0,0,381,0,16.0929,7237,506,7593,0
702,6.77153,50,0,0,0,45.864,50,8189,0,0,354,0,16.8647,7237,506,7593,0
860,8.29293,56,0,0,0,52.957,58,8189,0,0,429,0,17.897,7237,506,7593,0
906,8.73945,65,0,1,0,82.027,65,8189,1,0,423,1,15.0798,7238,507,7594,0
865,8.34263,70,0,0,0,82.694,71,8190,0,0,436,0,15.8034,7238,507,7594,0
863,8.32379,77,0,1,0,90.372,77,8189,1,0,399,1,15.485,7239,508,7595,0
655,6.31756,41,0,79,0,34.508,41,8189,60,0,281,1,17.7137,7299,509,7674,0
877,8.45938,51,0,0,0,64.965,51,8189,0,0,441,0,12.6389,7299,509,7674,0
871,8.4015,59,0,0,0,55.939,59,8189,0,0,438,0,14.5299,7299,509,7674,0
697,6.72346,63,0,65,0,68.59,2,8189,15,0,285,2,16.1411,7314,511,7739,0
415,4.00343,20,0,52,0,33.098,2,8189,102,0,159,1,15.0991,7416,512,7791,0
191,1.84255,7,0,22,0,46.827,7,8190,22,0,99,0,14.7228,7438,512,7813,0
154,1.48553,11,0,13,0,30.256,11,8189,13,0,78,0,13.9028,7451,512,7826,0
479,4.62015,24,0,0,0,26.824,24,8189,0,0,237,0,11.4908,7451,512,7826,0
668,6.44314,35,0,0,0,56.687,35,8191,0,0,335,0,11.4232,7451,512,7826,0
798,7.69701,45,0,0,0,57.4,45,8189,0,0,399,0,19.0837,7451,512,7826,0
822,7.92891,53,0,0,0,57.348,53,8189,0,0,410,0,14.1633,7451,512,7826,0
882,8.5072,61,0,0,0,56.88,61,8189,0,0,442,0,16.6139,7451,512,7826,0
813,7.84155,65,0,1,0,67.062,67,8189,1,0,408,1,12.1275,7452,513,7827,0
871,8.40013,73,0,2,0,65.404,73,8189,2,0,370,2,14.0957,7454,515,7829,0
808,7.79346,77,0,2,0,62.457,77,8189,2,0,369,2,13.594,7456,517,7831,0
875,8.44005,82,0,0,0,98.305,83,8189,0,0,441,0,16.4981,7456,517,7831,0
955,9.21145,84,0,1,0,94.181,88,8189,1,0,441,1,17.0384,7457,518,7832,0
929,8.96038,69,0,3,0,85.064,92,8189,3,0,359,3,15.2824,7460,521,7835,0
741,7.14785,29,0,119,0,44.367,7,8189,115,0,282,2,13.9607,7575,523,7954,0
310,2.99048,12,0,36,0,41.239,2,8189,39,0,134,1,15.8227,7614,524,7990,0
147,1.41809,7,0,11,0,51.285,7,8189,11,0,76,0,17.4243,7625,524,8001,0
186,1.7942,13,0,7,0,45.638,13,8189,7,0,93,0,17.8006,7632,524,8008,0
473,4.56235,25,0,0,0,63.837,25,8189,0,0,236,0,15.0509,7632,524,8008,0
746,7.19627,37,0,0,0,52.078,37,8189,0,0,372,0,15.5429,7632,524,8008,0
888,8.56526,47,0,0,0,42.688,47,8189,0,0,445,0,15.5043,7632,524,8008,0
840,8.10207,55,0,1,0,71.107,55,8189,1,0,394,1,13.6133,7633,525,8009,0
934,9.00858,62,0,2,0,63.293,62,8189,2,0,414,2,18.8522,7635,527,8011,0
952,9.183,69,0,0,0,73.75,69,8189,0,0,478,0,16.199,7635,527,8011,0
925,8.92283,75,0,1,0,62.071,75,8191,1,0,432,1,17.5304,7636,528,8012,0
789,7.61061,80,0,1,0,145.85,80,8191,1,0,361,1,18.3601,7637,529,8013,0
914,8.81593,84,0,2,0,68.381,84,8191,2,0,377,2,16.6814,7639,531,8015,0
1013,9.77075,90,0,0,0,57.98,90,8189,0,0,510,0,14.6457,7639,531,8015,0
908,8.75806,93,0,3,0,75.301,94,8190,3,0,329,3,12.9766,7642,534,8018,0
804,7.75563,96,0,2,0,53,98,8189,2,0,359,2,13.6519,7644,536,8020,0
536,5.17066,16,0,186,0,32.357,2,8190,183,0,224,0,15.6684,7827,536,8206,0
153,1.47595,7,0,18,0,45.64,7,8191,18,0,78,0,18.2733,7845,536,8224,0
126,1.21546,10,0,12,0,38.783,10,8189,12,0,60,0,16.8551,7857,536,8236,0
442,4.26354,23,0,0,0,49.568,23,8189,0,0,220,0,16.8936,7857,536,8236,0
588,5.67201,33,0,0,0,29.305,33,8189,0,0,296,0,12.2433,7857,536,8236,0
741,7.14757,43,0,0,0,33.77,43,8189,0,0,373,0,13.0344,7857,536,8236,0
779,7.51409,51,0,0,0,53.192,51,8189,0,0,393,0,13.9028,7857,536,8236,0
965,9.30822,59,0,1,0,55.727,59,8191,1,0,457,1,17.3857,7858,537,8237,0
815,7.86083,64,0,3,0,64.388,64,8189,3,0,319,3,14.1536,7861,540,8240,0
823,7.93754,67,0,1,0,57.586,70,8191,1,0,388,1,15.6298,7862,541,8241,0
756,7.29205,74,0,2,0,81.446,74,8189,2,0,311,2,13.9607,7864,543,8243,0
852,8.21789,80,0,1,0,79.301,80,8191,1,0,426,1,15.9385,7865,544,8244,0
691,6.66408,45,0,80,0,53.252,45,8189,80,0,287,0,15.5622,7945,544,8324,0
639,6.16388,52,0,0,0,59.241,52,8189,0,0,322,0,16.2472,7945,544,8324,0
670,6.463,53,0,58,0,53.963,4,8189,17,0,308,1,15.9674,7962,545,8382,0
414,3.99371,18,0,48,0,36.312,2,8191,89,0,184,0,16.3051,8051,545,8430,0
141,1.36021,10,0,11,0,50.539,10,8190,11,0,75,0,17.0094,8062,545,8441,0
247,2.38253,13,0,14,0,37.377,13,8189,14,0,121,0,15.0123,8076,545,8455,0
431,4.157,24,0,0,0,44.705,24,8189,0,0,216,0,9.60941,8076,545,8455,0
638,6.15413,35,0,0,0,36.582,35,8189,0,0,322,0,10.0822,8076,545,8455,0
773,7.45625,43,0,0,0,51.94,45,8189,0,0,388,0,16.5174,8076,545,8455,0
819,7.8997,53,0,0,0,47.906,53,8191,0,0,412,0,11.3075,8076,545,8455,0
907,8.74873,60,0,0,0,58.698,61,8189,0,0,456,0,14.1054,8076,545,8455,0
818,7.89023,66,0,3,0,65.307,66,8189,3,0,319,3,14.5299,8079,548,8458,0
789,7.61045,71,0,73,0,50.504,2,8191,61,0,330,2,18.0514,8140,550,8531,0
638,6.15382,41,0,0,0,44.306,41,8191,12,0,299,0,15.3596,8152,550,8531,0
658,6.3465,49,0,0,0,85.544,49,8191,0,0,335,0,13.0634,8152,550,8531,0
750,7.23461,53,0,0,0,59.646,56,8191,0,0,381,0,14.9062,8152,550,8531,0
1621,15.6353,63,0,2,0,77.574,63,8189,2,0,408,2,15.514,8154,552,8533,0
740,7.13824,29,0,86,0,36.425,2,8191,86,0,317,0,17.2796,8240,552,8619,0
190,1.83286,12,0,27,0,38.509,2,8189,27,0,94,0,17.3085,8267,552,8646,0
90,0.868217,5,0,13,0,55.149,5,8191,13,0,46,0,17.3471,8280,552,8659,0
222,2.14135,13,0,9,0,44.486,13,8189,9,0,106,0,15.5815,8289,552,8668,0
455,4.38864,24,0,0,0,26.473,24,8189,0,0,225,0,14.7036,8289,552,8668,0
653,6.29856,35,0,0,0,27.238,35,8189,0,0,326,0,14.0475,8289,552,8668,0
832,8.02462,45,0,0,0,33.621,45,8189,0,0,415,0,13.3335,8289,552,8668,0
867,8.36298,54,0,0,0,61.323,54,8189,0,0,434,0,14.3755,8289,552,8668,0
889,8.5753,61,0,2,0,51.645,61,8190,2,0,420,2,16.8068,8291,554,8670,0
909,8.76793,68,0,0,0,63.275,68,8189,0,0,428,0,17.7716,8291,554,8670,0
871,8.40144,73,0,3,0,56.982,73,8189,3,0,369,3,16.8936,8294,557,8673,0
910,8.77816,79,0,1,0,80.138,79,8189,1,0,419,1,15.3114,8295,558,8674,0
844,8.1415,81,0,2,0,62.829,83,8191,2,0,350,2,17.7137,8297,560,8676,0
840,8.10201,87,0,2,0,98.317,87,8189,2,0,348,2,14.0282,8299,562,8678,0
915,8.8263,89,0,2,0,104.376,91,8189,2,0,383,2,17.2699,8301,564,8680,0
864,8.33441,28,0,136,0,76.889,11,8189,125,0,405,0,17.733,8426,564,8816,0
387,3.73328,16,0,27,0,56.685,16,8189,37,0,186,0,18.3698,8463,564,8843,0
249,2.40204,4,0,38,0,60.961,4,8189,38,0,118,0,19.489,8501,564,8881,0
138,1.33123,9,0,12,0,30.11,9,8189,12,0,67,0,18.8136,8513,564,8893,0
439,4.23496,23,0,0,0,32.459,23,8191,0,0,220,0,16.884,8513,564,8893,0
684,6.59785,34,0,0,0,40.976,34,8189,0,0,342,0,13.7484,8513,564,8893,0
670,6.46227,43,0,0,0,56.145,43,8189,0,0,338,0,13.0344,8513,564,8893,0
818,7.89037,52,0,0,0,57.788,52,8189,0,0,409,0,15.6008,8513,564,8893,0
853,8.22785,59,0,2,0,63.23,59,8191,2,0,401,2,15.1956,8515,566,8895,0
849,8.18824,64,0,2,0,65.726,64,8191,2,0,342,2,16.8165,8517,568,8897,0
871,8.40128,70,0,1,0,74.762,70,8189,1,0,405,1,12.5713,8518,569,8898,0
727,7.01278,75,0,1,0,84.759,75,8191,1,0,366,1,16.8165,8519,570,8899,0


