SendPacket,SendRate(Mb/s),FlightSize,ReceiveRate(Mb/s),Send Loss,Recv Loss,RTT(ms),CWnd,FlowWindow,Retrans,PktSndPeriod(us),RecvACK,RecvNAK,EstimatedBandwidth(Mb/s),Retrans_Total,NAK_TotalRecv,Total Send Loss,Total Recv Loss
548,6.06038,36,0,68,0,40.622,36,8191,65,0,208,1,12.5915,65,1,68,0
816,9.49905,46,0,0,0,48.907,46,8191,0,0,407,0,13.3719,65,1,68,0
747,8.69739,53,0,1,0,68.202,53,8189,1,0,356,1,15.7132,66,2,69,0
790,9.19936,59,0,2,0,58.394,59,8189,2,0,346,2,17.7632,68,4,71,0
761,8.85487,63,0,2,0,65.425,65,8189,2,0,325,2,11.7295,70,6,73,0
795,9.25729,68,0,3,0,71.428,69,8189,3,0,315,3,14.8861,73,9,76,0
719,8.37261,73,0,2,0,67.531,73,8189,2,0,290,2,18.5669,75,11,78,0
609,7.09146,75,0,5,0,99.42,75,8189,5,0,168,5,15.2589,80,16,83,0
799,9.30465,75,0,5,0,85.391,79,8191,5,0,296,5,16.3538,85,21,88,0
706,8.2217,75,0,5,0,76.286,82,8189,5,0,210,5,15.1657,90,26,93,0
713,8.30318,81,0,4,0,72.806,85,8189,4,0,251,4,17.7283,94,30,97,0
697,8.11642,88,0,6,0,102.612,88,8189,6,0,240,6,20.7334,100,36,103,0
770,8.96727,89,0,3,0,59.798,91,8189,3,0,268,3,21.5372,103,39,106,0
480,5.59014,14,0,158,0,34.73,14,8189,155,0,183,2,17.1575,258,41,264,0
218,2.53896,12,0,24,0,24.158,12,8189,24,0,105,0,16.3771,282,41,288,0
167,1.94501,6,0,28,0,41.293,6,8191,28,0,80,0,16.0859,310,41,316,0
405,4.71688,21,0,0,0,35.064,21,8189,0,0,203,0,15.1191,310,41,316,0
690,8.03529,33,0,0,0,42.741,33,8189,0,0,345,0,15.5734,310,41,316,0
768,8.944,43,0,0,0,53.153,43,8189,0,0,382,0,16.0393,310,41,316,0
762,8.87351,51,0,1,0,51.654,51,8189,1,0,360,1,15.2938,311,42,317,0
655,7.62759,3,0,59,0,70.6,3,8136,59,0,229,4,13.2088,370,46,376,0
610,7.10355,35,0,0,0,43.202,35,8189,0,0,295,0,15.585,370,46,376,0
586,6.82386,42,0,1,0,46.941,42,8189,1,0,277,1,15.7597,371,47,377,0
636,7.40598,48,0,2,0,58.191,48,8189,2,0,278,2,16.7149,373,49,379,0
727,8.46569,55,0,1,0,67.584,55,8189,1,0,337,1,16.9944,374,50,380,0
582,6.77732,59,0,4,0,71.497,59,8189,4,0,215,4,16.1325,378,54,384,0
698,8.12836,62,0,4,0,80.515,62,8189,4,0,216,4,17.274,382,58,388,0
568,6.61489,22,0,66,0,100.745,22,8189,65,0,195,3,18.9629,447,61,454,0
428,4.98471,12,0,52,0,31.699,12,8191,52,0,198,0,18.532,499,61,506,0
123,1.43254,8,0,21,0,42.776,8,8191,21,0,58,0,17.7748,520,61,527,0
113,1.31598,5,0,21,0,50.614,5,8187,21,0,53,0,18.4038,541,61,548,0
374,4.3558,20,0,0,0,31.694,20,8189,0,0,185,0,16.2024,541,61,548,0
641,7.46479,32,0,0,0,31.266,32,8189,0,0,322,0,15.6549,541,61,548,0
704,8.19796,41,0,0,0,46.93,41,8189,0,0,352,0,15.1191,541,61,548,0
696,8.10484,48,0,2,0,50.876,48,8191,2,0,312,2,12.5216,543,63,550,0
654,7.61561,53,0,5,0,71.124,53,8191,5,0,254,5,11.2403,548,68,555,0
728,8.47733,59,0,2,0,66.744,59,8190,2,0,314,2,11.7761,550,70,557,0
638,7.42935,63,0,4,0,62.468,63,8189,4,0,238,4,15.154,554,74,561,0
593,6.90569,37,0,63,0,51.898,37,8189,62,0,254,0,14.1873,616,74,624,0
681,7.93006,45,0,0,0,63.614,45,8189,0,0,343,0,14.3736,616,74,624,0
610,7.1039,24,0,51,0,38.724,25,8189,51,0,271,1,15.7248,667,75,675,0
502,5.84558,33,0,0,0,40.684,33,8191,0,0,255,0,15.189,667,75,675,0
664,7.73288,42,0,0,0,58.615,42,8189,0,0,332,0,15.0725,667,75,675,0
347,4.04137,14,0,67,0,38.468,14,8189,67,0,146,1,18.9629,734,76,742,0
249,2.89997,14,0,17,0,29.721,14,8191,17,0,122,0,17.6351,751,76,759,0
186,2.16625,8,0,32,0,31.716,8,8189,32,0,91,0,18.0311,783,76,791,0
378,4.40242,21,0,0,0,29.193,21,8191,0,0,192,0,14.3154,783,76,791,0
649,7.55833,33,0,0,0,40.852,33,8189,0,0,323,0,18.299,783,76,791,0
762,8.87421,43,0,0,0,39.738,43,8189,0,0,382,0,15.7248,783,76,791,0
634,7.3831,49,0,1,0,65.046,49,8189,1,0,299,1,14.6066,784,77,792,0
706,8.22127,55,0,3,0,52.847,55,8189,3,0,280,3,14.3969,787,80,795,0
694,8.08155,60,0,2,0,64.915,60,8189,2,0,322,2,14.4901,789,82,797,0
729,8.48889,64,0,3,0,89.703,65,8189,3,0,289,3,14.1057,792,85,800,0
567,6.60316,37,0,66,0,48.863,37,8191,66,0,239,1,13.0225,858,86,866,0
719,8.37281,46,0,0,0,50.308,46,8189,0,0,359,0,10.9608,858,86,866,0
660,7.68559,52,0,3,0,66.213,52,8189,3,0,283,3,14.129,861,89,869,0
659,7.67399,57,0,2,0,61.094,57,8187,2,0,283,2,16.0859,863,91,871,0
487,5.67063,30,0,60,0,40.637,30,8191,60,0,177,2,17.5535,923,93,931,0
231,2.69023,12,0,47,0,37.208,12,8189,47,0,102,1,17.3322,970,94,978,0
141,1.64215,5,0,28,0,49.945,5,8189,28,0,63,0,17.3905,998,94,1006,0
125,1.45576,8,0,13,0,33.586,8,8189,13,0,61,0,17.5768,1011,94,1019,0
323,3.76119,20,0,0,0,43.885,20,8191,0,0,165,0,17.868,1011,94,1019,0
513,5.97352,30,0,0,0,59.255,30,8191,0,0,259,0,17.5885,1011,94,1019,0
656,7.63911,39,0,0,0,33.342,39,8189,0,0,329,0,14.4668,1011,94,1019,0
644,7.49975,47,0,0,0,62.36,47,8189,0,0,322,0,14.0475,1011,94,1019,0
655,7.62734,52,0,3,0,59.043,52,8189,3,0,259,3,13.4651,1014,97,1022,0
695,8.0934,57,0,3,0,78.07,57,8187,3,0,300,3,12.0207,1017,100,1025,0
524,6.10192,34,0,57,0,59.791,34,8191,57,0,225,0,15.3521,1074,100,1082,0
687,8.00044,43,0,0,0,55.137,43,8189,0,0,343,0,15.6433,1074,100,1082,0
704,8.19798,50,0,0,0,56.472,50,8191,0,0,354,0,12.9409,1074,100,1082,0
540,6.28817,26,0,56,0,39.71,26,8190,56,0,209,2,14.327,1130,102,1138,0
701,8.16298,37,0,0,0,40.841,37,8191,0,0,351,0,12.906,1130,102,1138,0
565,6.57993,44,0,1,0,72.1,44,8191,1,0,261,1,15.8063,1131,103,1139,0
406,4.72845,24,0,47,0,28.956,24,8189,47,0,154,2,16.3654,1178,105,1186,0
240,2.79515,7,0,48,0,47.27,7,8189,48,0,111,0,16.1674,1226,105,1234,0
181,2.10776,11,0,15,0,27.897,11,8191,15,0,87,0,16.5635,1241,105,1249,0
468,5.44997,24,0,0,0,24.865,24,8191,0,0,233,0,12.5332,1241,105,1249,0
687,8.00058,35,0,0,0,41.312,35,8191,0,0,344,0,8.77094,1241,105,1249,0
668,7.77906,44,0,0,0,43.932,44,8189,0,0,334,0,13.0225,1241,105,1249,0
743,8.65269,51,0,0,0,48.538,51,8191,0,0,372,0,15.0026,1241,105,1249,0
724,8.43098,57,0,2,0,64.6,57,8189,2,0,311,2,17.0177,1243,107,1251,0
756,8.8031,62,0,3,0,73.232,62,8190,3,0,324,3,16.9828,1246,110,1254,0
800,9.31632,65,0,2,0,73.824,67,8190,2,0,309,2,18.5786,1248,112,1256,0
667,7.76706,68,0,4,0,81.256,70,8189,4,0,205,4,16.9478,1252,116,1260,0
641,7.46499,54,0,2,0,72.148,74,8189,2,0,265,2,15.1424,1254,118,1262,0
526,6.1252,37,0,77,0,33.466,37,8191,65,0,172,3,14.4086,1319,121,1339,0
643,7.48759,45,0,0,0,51.289,45,8189,0,0,323,0,13.8844,1319,121,1339,0
301,3.50543,27,0,45,0,36.311,27,8189,45,0,145,0,14.9793,1364,121,1384,0
195,2.27106,7,0,51,0,44.845,7,8189,51,0,90,0,15.9345,1415,121,1435,0
109,1.26945,5,0,19,0,52.557,5,8187,19,0,52,0,16.214,1434,121,1454,0
108,1.25776,6,0,11,0,37.196,8,8189,11,0,54,0,17.6234,1445,121,1465,0
381,4.43678,21,0,0,0,44.281,21,8191,0,0,191,0,15.7132,1445,121,1465,0
555,6.46293,31,0,0,0,35.541,31,8189,0,0,279,0,14.3387,1445,121,1465,0
768,8.94347,42,0,0,0,37.719,42,8189,0,0,385,0,16.3654,1445,121,1465,0
713,8.3027,48,0,3,0,57.27,48,8189,3,0,298,3,15.5967,1448,124,1468,0
715,8.32602,54,0,2,0,56.098,54,8189,2,0,312,2,12.5216,1450,126,1470,0
680,7.91851,59,0,2,0,74.278,59,8189,2,0,289,2,15.8879,1452,128,1472,0
666,7.75552,63,0,5,0,82.991,63,8189,5,0,243,5,16.6916,1457,133,1477,0
681,7.93069,63,0,3,0,74.568,67,8189,3,0,252,3,13.4767,1460,136,1480,0
663,7.72055,68,0,4,0,78.695,70,8191,4,0,207,4,15.3404,1464,140,1484,0
680,7.91832,60,0,5,0,89.529,73,8191,5,0,214,5,16.1208,1469,145,1489,0
578,6.73065,5,0,79,0,92.769,5,8190,65,0,152,4,13.6165,1534,149,1568,0
592,6.89435,43,0,0,0,44.216,43,8189,0,0,282,0,17.1459,1534,149,1568,0
351,4.08799,14,0,68,0,49.519,14,8189,68,0,149,1,14.9327,1602,150,1636,0
212,2.46909,13,0,29,0,33.706,2,8191,29,0,96,0,14.8163,1631,150,1665,0
234,2.7253,10,0,26,0,32.992,10,8189,26,0,113,0,15.5384,1657,150,1691,0
352,4.09945,21,0,0,0,49.024,21,8189,0,0,177,0,17.0177,1657,150,1691,0
609,7.09231,32,0,0,0,42.587,32,8189,0,0,304,0,18.0311,1657,150,1691,0
703,8.18568,42,0,0,0,56.761,42,8189,0,0,354,0,16.5518,1657,150,1691,0
801,9.32787,50,0,0,0,48.97,50,8189,0,0,400,0,16.2839,1657,150,1691,0
728,8.47683,56,0,2,0,60.551,56,8189,2,0,319,2,13.6049,1659,152,1693,0
716,8.33806,61,0,6,0,62.573,61,8189,6,0,276,6,15.9694,1665,158,1699,0
688,8.01213,62,0,3,0,88.783,65,8189,3,0,259,3,12.7429,1668,161,1702,0
674,7.84906,65,0,6,0,81.277,69,8189,6,0,242,6,13.5117,1674,167,1708,0
700,8.15173,67,0,3,0,93.569,73,8189,3,0,283,3,13.3253,1677,170,1711,0
688,8.01193,66,0,6,0,95.821,76,8190,6,0,240,6,15.9345,1683,176,1717,0
668,7.77929,78,0,3,0,79.104,78,8189,3,0,196,3,16.7731,1686,179,1720,0
600,6.98722,34,0,71,0,111.048,34,8191,71,0,221,3,14.991,1757,182,1791,0
410,4.77495,19,0,40,0,32.805,19,8189,40,0,181,2,12.8943,1797,184,1831,0
350,4.07629,20,0,20,0,29.364,20,8189,20,0,170,0,13.733,1817,184,1851,0
209,2.43413,11,0,33,0,42.804,11,8189,33,0,97,0,16.1558,1850,184,1884,0
423,4.92649,23,0,0,0,30.815,23,8189,0,0,215,0,15.7714,1850,184,1884,0
671,7.81442,35,0,0,0,46.846,35,8189,0,0,336,0,15.0492,1850,184,1884,0
730,8.50015,44,0,0,0,61.232,44,8189,0,0,366,0,12.3003,1850,184,1884,0
773,9.00174,51,0,1,0,58.688,51,8191,1,0,364,1,15.0725,1851,185,1885,0
677,7.8836,56,0,3,0,69.439,56,8191,3,0,264,3,14.1989,1854,188,1888,0
738,8.5939,59,0,3,0,60.565,61,8191,3,0,289,3,16.7032,1857,191,1891,0
618,7.19652,32,0,66,0,42.046,32,8191,65,0,208,3,16.3188,1922,194,1957,0
732,8.5246,42,0,0,0,53.764,42,8189,0,0,365,0,16.8663,1922,194,1957,0
551,6.41641,26,0,46,0,58.333,26,8189,46,0,248,1,15.387,1968,195,2003,0
687,8.0005,37,0,0,0,36.662,37,8189,0,0,343,0,14.3969,1968,195,2003,0
743,8.65227,45,0,1,0,43.309,45,8189,1,0,350,1,16.5868,1969,196,2004,0
420,4.89117,13,0,85,0,42.928,2,8189,85,0,167,1,16.9828,2054,197,2089,0
137,1.59556,7,0,11,0,52.505,7,8189,11,0,70,0,16.4586,2065,197,2100,0
134,1.5606,6,0,17,0,46.825,6,8189,17,0,64,0,14.3037,2082,197,2117,0
185,2.15459,11,0,14,0,30.765,11,8189,14,0,92,0,13.4185,2096,197,2131,0
355,4.13401,22,0,0,0,27.443,22,8191,0,0,178,0,12.5216,2096,197,2131,0
603,7.02198,33,0,0,0,42.164,33,8189,0,0,301,0,14.7813,2096,197,2131,0
619,7.20826,41,0,0,0,47.212,41,8191,0,0,308,0,13.9543,2096,197,2131,0
715,8.32609,48,0,1,0,58.69,48,8189,1,0,337,1,13.8495,2097,198,2132,0
682,7.94182,54,0,3,0,68.841,54,8189,3,0,297,3,15.3288,2100,201,2135,0
672,7.82535,59,0,3,0,66.804,59,8189,3,0,284,3,14.9327,2103,204,2138,0
613,7.13852,59,0,3,0,82.852,63,8189,3,0,224,3,13.2321,2106,207,2141,0
697,8.11633,66,0,1,0,102.441,68,8187,1,0,323,1,16.4703,2107,208,2142,0
649,7.55722,71,0,4,0,83.416,71,8189,4,0,229,4,15.1075,2111,212,2146,0
743,8.65212,76,0,2,0,98.115,76,8189,2,0,339,2,16.447,2113,214,2148,0
619,7.20817,58,0,5,0,114.173,78,8189,5,0,212,5,16.5751,2118,219,2153,0
654,7.61636,81,0,4,0,149.476,81,8189,4,0,203,4,15.1191,2122,223,2157,0
517,6.02126,22,0,125,0,34.176,22,8189,125,0,188,2,16.5285,2247,225,2282,0
255,2.96985,10,0,61,0,29.304,10,8189,61,0,108,0,15.2472,2308,225,2343,0
120,1.39761,7,0,22,0,42.016,7,8191,22,0,57,0,13.9194,2330,225,2365,0
289,3.36583,18,0,0,0,33.274,18,8191,0,0,146,0,14.2804,2330,225,2365,0
380,4.42519,26,0,0,0,61.231,26,8190,0,0,191,0,13.5117,2330,225,2365,0
606,7.05709,36,0,0,0,49.802,36,8191,0,0,305,0,15.6433,2330,225,2365,0
742,8.64098,45,0,0,0,81.63,45,8191,0,0,372,0,16.1907,2330,225,2365,0
765,8.90898,53,0,0,0,52.784,53,8191,0,0,381,0,11.3102,2330,225,2365,0
692,8.05828,57,0,1,0,70.198,59,8189,1,0,324,1,15.387,2331,226,2366,0
503,5.85682,35,0,59,0,43.817,35,8189,59,0,237,0,20.2559,2390,226,2425,0
422,4.91438,21,0,38,0,93.082,21,8189,38,0,204,0,21.0829,2428,226,2463,0
552,6.42782,31,0,0,0,50.997,31,8191,0,0,275,0,18.2641,2428,226,2463,0
663,7.72053,40,0,2,0,50.46,40,8185,2,0,316,2,13.8495,2430,228,2465,0
747,8.69828,48,0,1,0,48.311,48,8191,1,0,335,1,12.708,2431,229,2466,0
568,6.61495,26,0,53,0,42.252,26,8189,53,0,225,2,15.5268,2484,231,2519,0
253,2.9466,8,0,51,0,34.693,8,8189,51,0,116,0,15.818,2535,231,2570,0
126,1.46744,6,0,22,0,46.309,6,8191,22,0,58,0,16.1558,2557,231,2592,0
145,1.6886,10,0,13,0,32.712,10,8189,13,0,73,0,16.1092,2570,231,2605,0
461,5.36811,23,0,0,0,33.461,23,8189,0,0,232,0,15.2356,2570,231,2605,0
638,7.42966,34,0,0,0,37.848,34,8189,0,0,322,0,16.7964,2570,231,2605,0
758,8.8273,44,0,0,0,55.269,44,8189,0,0,379,0,15.5268,2570,231,2605,0
746,8.68698,51,0,1,0,76.63,51,8189,1,0,352,1,14.2804,2571,232,2606,0
722,8.40822,55,0,3,0,60.24,56,8189,3,0,286,3,15.9228,2574,235,2609,0
808,9.40963,58,0,3,0,71.342,62,8129,3,0,324,3,19.4871,2577,238,2612,0
571,6.64941,28,0,67,0,38.457,28,8189,61,0,213,2,20.2442,2638,240,2679,0
682,7.94175,40,0,1,0,48.295,40,8189,1,0,322,1,18.2408,2639,241,2680,0
742,8.64049,49,0,0,0,53.292,49,8189,0,0,373,0,15.5268,2639,241,2680,0
729,8.4891,55,0,1,0,61.697,55,8189,1,0,342,1,15.0026,2640,242,2681,0
525,6.12534,32,0,57,0,36.364,33,8189,57,0,223,1,15.9345,2697,243,2738,0
505,5.88122,20,0,38,0,78.862,20,8189,38,0,242,0,15.3055,2735,243,2776,0
255,2.96751,8,0,36,0,62.846,8,8189,36,0,119,0,15.4569,2771,243,2812,0
179,2.08472,13,0,21,0,28.448,2,8189,21,0,81,0,16.3771,2792,243,2833,0
145,1.68877,10,0,9,0,34.262,10,8189,9,0,77,0,14.8745,2801,243,2842,0
380,4.42574,22,0,0,0,39.286,22,8189,0,0,194,0,14.3736,2801,243,2842,0
611,7.11551,33,0,0,0,36.261,33,8189,0,0,305,0,15.5268,2801,243,2842,0
658,7.66212,42,0,0,0,52.13,42,8189,0,0,330,0,18.4388,2801,243,2842,0
724,8.43134,49,0,1,0,57.129,49,8189,1,0,340,1,14.4202,2802,244,2843,0
708,8.24501,55,0,2,0,52.057,55,8189,2,0,303,2,14.6415,2804,246,2845,0
684,7.9656,60,0,2,0,79.4,60,8191,2,0,290,2,17.4604,2806,248,2847,0
689,8.02327,65,0,2,0,81.602,65,8190,2,0,316,2,14.5251,2808,250,2849,0
730,8.50076,69,0,3,0,84.002,69,8189,3,0,276,3,17.2973,2811,253,2852,0
622,7.24309,72,0,5,0,79.477,72,8189,5,0,218,5,14.0824,2816,258,2857,0
748,8.71033,74,0,2,0,99.998,76,8189,2,0,276,2,14.2804,2818,260,2859,0
703,8.18635,55,0,5,0,81.89,79,8189,5,0,255,5,16.6217,2823,265,2864,0
657,7.65147,78,0,5,0,63.067,81,8189,5,0,180,5,17.8447,2828,270,2869,0
520,6.05625,21,0,121,0,31.51,21,8189,121,0,213,1,19.324,2949,271,2990,0
202,2.3526,7,0,42,0,31.19,7,8191,42,0,95,0,19.6618,2991,271,3032,0
97,1.12971,5,0,18,0,53.701,5,8189,18,0,46,0,17.5069,3009,271,3050,0
293,3.41239,18,0,0,0,42.521,18,8189,0,0,149,0,16.6916,3009,271,3050,0
489,5.69464,28,0,0,0,36.153,28,8189,0,0,246,0,15.8762,3009,271,3050,0
661,7.69724,38,0,0,0,49.609,38,8189,0,0,331,0,17.076,3009,271,3050,0
733,8.53559,46,0,1,0,47.236,46,8189,1,0,347,1,17.1226,3010,272,3051,0
701,8.16321,50,0,0,0,52.613,53,8189,0,0,353,0,15.3637,3010,272,3051,0
692,8.0582,59,0,1,0,63.049,59,8189,1,0,319,1,19.4755,3011,273,3052,0
703,8.18615,64,0,1,0,82.914,64,8189,1,0,327,1,16.7848,3012,274,3053,0
681,7.93075,64,0,3,0,87.994,68,8189,3,0,252,3,15.154,3015,277,3056,0
656,7.63974,71,0,3,0,94.516,71,8191,3,0,231,3,16.4237,3018,280,3059,0
731,8.51287,75,0,4,0,101.317,75,8191,4,0,298,4,18.5902,3022,284,3063,0
731,8.51261,79,0,6,0,92.743,79,8189,6,0,290,6,14.5367,3028,290,3069,0
629,7.32516,60,0,4,0,93.54,82,8189,4,0,211,4,13.5117,3032,294,3073,0
426,4.96137,18,0,93,0,40.251,18,8189,93,0,172,1,17.3439,3125,295,3166,0
195,2.27105,6,0,39,0,45.835,6,8191,39,0,90,0,16.8081,3164,295,3205,0
157,1.82832,10,0,13,0,25.641,10,8191,13,0,79,0,17.9729,3177,295,3218,0
454,5.28682,23,0,0,0,25.139,23,8189,0,0,225,0,12.708,3177,295,3218,0
656,7.6395,34,0,0,0,38.181,34,8189,0,0,326,0,9.26016,3177,295,3218,0
734,8.54726,44,0,0,0,51.469,44,8189,0,0,366,0,9.81926,3177,295,3218,0
758,8.82673,52,0,0,0,63.794,52,8189,0,0,378,0,9.71443,3177,295,3218,0
767,8.93163,58,0,2,0,68.068,58,8189,2,0,364,2,16.3887,3179,297,3220,0
663,7.71842,57,0,3,0,74.367,62,8189,3,0,226,3,20.0928,3182,300,3223,0
543,6.3231,32,0,66,0,38.488,32,8189,60,0,198,2,17.4371,3242,302,3289,0
624,7.2664,41,0,0,0,73.989,41,8189,0,0,315,0,17.6467,3242,302,3289,0
511,5.95033,22,0,47,0,48.117,22,8189,47,0,207,2,18.9979,3289,304,3336,0
528,6.14885,32,0,0,0,42.31,32,8189,0,0,264,0,16.9245,3289,304,3336,0
616,7.17362,40,0,0,0,50.59,40,8189,0,0,308,0,15.1424,3289,304,3336,0
584,6.80121,23,0,46,0,29.903,23,8189,46,0,263,1,13.5816,3335,305,3382,0
210,2.44578,7,0,46,0,53.457,7,8189,46,0,97,0,13.7213,3381,305,3428,0
106,1.23453,5,0,20,0,57.655,5,8189,20,0,50,0,12.8244,3401,305,3448,0
130,1.51391,9,0,11,0,35.572,9,8189,11,0,66,0,12.6847,3412,305,3459,0
458,5.33346,23,0,0,0,30.333,23,8189,0,0,231,0,13.7796,3412,305,3459,0
622,7.24347,34,0,0,0,46.487,34,8191,0,0,313,0,13.7563,3412,305,3459,0
640,7.45289,42,0,0,0,44.216,42,8189,0,0,321,0,14.2339,3412,305,3459,0
662,7.70891,49,0,2,0,73.113,49,8189,2,0,290,2,14.164,3414,307,3461,0
488,5.68264,29,0,50,0,36.97,29,8189,50,0,211,1,13.8378,3464,308,3511,0
645,7.51092,39,0,0,0,44.013,39,8189,0,0,326,0,15.1773,3464,308,3511,0
664,7.73214,46,0,1,0,48.936,46,8189,1,0,311,1,15.0842,3465,309,3512,0
687,7.99991,52,0,1,0,59.966,52,8189,1,0,320,1,11.9508,3466,310,3513,0
646,7.52231,53,0,3,0,72.435,57,8191,3,0,248,3,13.8145,3469,313,3516,0
489,5.69445,14,0,63,0,72.043,14,8191,63,0,183,3,15.7481,3532,316,3579,0
646,7.5228,38,0,0,0,49.711,38,8189,0,0,317,0,15.6899,3532,316,3579,0
615,7.16226,45,0,1,0,41.564,45,8189,1,0,287,1,16.2606,3533,317,3580,0
258,3.00481,8,0,81,0,53.378,8,8189,81,0,115,0,15.0376,3614,317,3661,0
122,1.42088,11,0,19,0,47.642,2,8189,19,0,54,0,13.4651,3633,317,3680,0
108,1.25784,5,0,13,0,48.686,5,8191,13,0,54,0,13.302,3646,317,3693,0
385,4.48397,20,0,0,0,27.919,20,8191,0,0,193,0,14.2688,3646,317,3693,0
570,6.63792,31,0,0,0,36.933,31,8191,0,0,285,0,17.8913,3646,317,3693,0
641,7.46433,40,0,0,0,52.977,40,8189,0,0,320,0,13.5,3646,317,3693,0
685,7.97722,47,0,1,0,53.405,47,8189,1,0,324,1,15.818,3647,318,3694,0
612,7.12654,53,0,1,0,73.955,53,8189,1,0,286,1,17.8913,3648,319,3695,0
704,8.19794,57,0,2,0,71.932,58,8189,2,0,307,2,14.5484,3650,321,3697,0
700,8.15125,63,0,2,0,69.915,63,8189,2,0,294,2,13.302,3652,323,3699,0
628,7.31267,65,0,3,0,76.46,67,8189,3,0,228,3,13.4418,3655,326,3702,0
563,6.55607,37,0,70,0,51.823,37,8189,70,0,232,2,15.2822,3725,328,3772,0
658,7.66281,44,0,1,0,52.069,44,8191,1,0,313,1,16.0044,3726,329,3773,0
740,8.61706,52,0,0,0,52.123,52,8189,0,0,371,0,15.0725,3726,329,3773,0
374,4.35551,27,0,56,0,39.366,27,8189,56,0,123,2,13.8844,3782,331,3829,0
248,2.88835,11,0,44,0,30.48,11,8189,44,0,114,0,14.8861,3826,331,3873,0
124,1.44417,6,0,31,0,46.958,2,8191,31,0,52,0,14.8978,3857,331,3904,0
94,1.09478,6,0,11,0,50.384,6,8189,11,0,46,0,14.6648,3868,331,3915,0
314,3.65701,18,0,0,0,35.87,18,8189,0,0,160,0,12.871,3868,331,3915,0
580,6.75489,30,0,0,0,38.376,30,8189,0,0,290,0,13.0225,3868,331,3915,0
654,7.61618,39,0,0,0,46.825,39,8189,0,0,327,0,15.9345,3868,331,3915,0
699,8.13972,47,0,1,0,55.239,47,8189,1,0,330,1,20.3025,3869,332,3916,0
733,8.5357,51,0,2,0,79.684,53,8189,2,0,324,2,16.7498,3871,334,3918,0
715,8.32663,54,0,2,0,65.614,59,8189,2,0,310,2,14.9677,3873,336,3920,0
751,8.74574,64,0,2,0,69.652,64,8189,2,0,318,2,22.3525,3875,338,3922,0
689,8.02339,65,0,5,0,78.461,68,8189,5,0,254,5,19.1843,3880,343,3927,0
698,8.1281,67,0,6,0,78.914,71,8189,6,0,251,6,13.8844,3886,349,3933,0
699,8.13966,74,0,4,0,74.552,74,8189,4,0,223,4,14.4785,3890,353,3937,0
544,6.33475,41,0,75,0,53.727,41,8190,62,0,227,1,15.9578,3952,354,4012,0
644,7.49985,47,0,4,0,58.14,47,8189,4,0,241,4,13.7796,3956,358,4016,0
475,5.53213,25,0,52,0,34.421,25,8189,52,0,180,3,11.9508,4008,361,4068,0
266,3.09795,12,0,52,0,43.318,2,8189,52,0,118,0,12.5798,4060,361,4120,0
169,1.96829,8,0,16,0,29.276,8,8189,16,0,87,0,11.1471,4076,361,4136,0
444,5.17112,22,0,0,0,29.212,22,8189,0,0,223,0,12.673,4076,361,4136,0
727,8.46639,35,0,0,0,37.157,35,8189,0,0,365,0,13.0691,4076,361,4136,0
667,7.76709,43,0,0,0,59.468,43,8189,0,0,337,0,14.6881,4076,361,4136,0
605,7.04517,6,0,50,0,52.853,6,8189,50,0,277,1,13.2205,4126,362,4186,0
632,7.35971,34,0,0,0,30.104,34,8189,0,0,310,0,15.783,4126,362,4186,0
708,8.24499,42,0,1,0,56.891,42,8189,1,0,337,1,13.966,4127,363,4187,0
676,7.87177,49,0,1,0,58.741,49,8189,1,0,318,1,12.906,4128,364,4188,0
614,7.15011,53,0,4,0,62.594,53,8189,4,0,215,4,14.5367,4132,368,4192,0
504,5.86896,28,0,57,0,35.701,28,8191,57,0,191,2,14.9327,4189,370,4249,0
529,6.16013,36,0,0,0,45.015,36,8189,0,0,267,0,16.016,4189,370,4249,0
497,5.78742,23,0,40,0,64.353,23,8189,40,0,238,0,13.5583,4229,370,4289,0
491,5.718,32,0,0,0,41.349,32,8189,0,0,244,0,16.8314,4229,370,4289,0
380,4.4257,23,0,55,0,32.249,2,8191,55,0,170,0,17.3555,4284,370,4344,0
274,3.19109,14,0,28,0,26.707,2,8189,28,0,131,0,19.8715,4312,370,4372,0
179,2.08475,8,0,18,0,35.541,8,8191,18,0,90,0,16.5518,4330,370,4390,0
450,5.24096,22,0,0,0,34.075,22,8191,0,0,225,0,12.4168,4330,370,4390,0
666,7.75575,34,0,0,0,41.51,34,8189,0,0,334,0,16.3654,4330,370,4390,0
758,8.82674,44,0,0,0,55.724,44,8189,0,0,378,0,16.6916,4330,370,4390,0
726,8.454,49,0,1,0,56.488,51,8189,1,0,346,1,15.154,4331,371,4391,0
738,8.59383,56,0,3,0,61.086,56,8189,3,0,297,3,18.6834,4334,374,4394,0
758,8.82745,62,0,2,0,57.177,62,8189,2,0,323,2,17.2041,4336,376,4396,0
535,6.22971,19,0,69,0,52.232,19,8189,63,0,202,4,12.079,4399,380,4465,0
472,5.4906,23,0,33,0,29.011,23,8189,33,0,224,0,14.1057,4432,380,4498,0
462,5.38026,32,0,0,0,135.057,32,8191,0,0,230,0,18.2291,4432,380,4498,0
510,5.93914,19,0,37,0,56.628,19,8189,37,0,246,0,20.3491,4469,380,4535,0
466,5.42662,29,0,0,0,36.016,29,8189,0,0,234,0,19.9763,4469,380,4535,0
482,5.61331,18,0,35,0,73.054,18,8189,35,0,234,0,12.9875,4504,380,4570,0
239,2.78353,9,0,33,0,40.362,9,8189,33,0,117,0,11.6364,4537,380,4603,0
114,1.32754,6,0,22,0,44.704,6,8190,22,0,52,0,11.9392,4559,380,4625,0
112,1.30426,9,0,11,0,40.745,9,8189,11,0,57,0,11.5432,4570,380,4636,0
454,5.28683,23,0,0,0,24.476,23,8189,0,0,225,0,12.6963,4570,380,4636,0
721,8.39618,35,0,0,0,33.821,35,8189,0,0,360,0,16.4936,4570,380,4636,0
663,7.72054,43,0,0,0,46.204,43,8189,0,0,335,0,14.9327,4570,380,4636,0
572,6.66077,50,0,1,0,62.488,50,8190,1,0,288,1,18.101,4571,381,4637,0
732,8.52421,55,0,3,0,64.336,55,8189,3,0,296,3,15.6782,4574,384,4640,0
744,8.66441,60,0,3,0,65.817,60,8189,3,0,294,3,14.5134,4577,387,4643,0
680,7.9191,64,0,4,0,76.528,64,8191,4,0,251,4,15.3521,4581,391,4647,0
696,8.1054,68,0,3,0,87.959,68,8190,3,0,260,3,14.9793,4584,394,4650,0
678,7.89592,71,0,5,0,59.551,71,8189,5,0,216,5,14.327,4589,399,4655,0
679,7.90685,73,0,4,0,95.918,75,8189,4,0,244,4,11.0889,4593,403,4659,0
677,7.88354,78,0,5,0,95.501,78,8190,5,0,234,5,11.846,4598,408,4664,0
644,7.49992,39,0,79,0,92.894,39,8191,69,0,240,1,14.2572,4667,409,4743,0
305,3.55215,21,0,42,0,51.083,21,8189,42,0,107,2,15.3521,4709,411,4785,0
257,2.99318,9,0,38,0,63.446,9,8189,38,0,121,0,15.8413,4747,411,4823,0
195,2.27085,10,0,18,0,27.359,10,8189,18,0,94,0,15.0026,4765,411,4841,0
466,5.42652,24,0,0,0,32.384,24,8189,0,0,234,0,14.1407,4765,411,4841,0
674,7.84863,35,0,0,0,33.517,35,8189,0,0,335,0,14.6415,4765,411,4841,0
699,8.13975,44,0,0,0,52.299,44,8191,0,0,352,0,15.7481,4765,411,4841,0
643,7.48766,50,0,2,0,61.924,50,8191,2,0,279,2,13.0574,4767,413,4843,0
742,8.64052,55,0,3,0,70.211,55,8189,3,0,299,3,21.5837,4770,416,4846,0
764,8.89643,61,0,1,0,62.099,61,8189,1,0,358,1,19.522,4771,417,4847,0
736,8.57002,60,0,3,0,70.059,66,8189,3,0,282,3,17.9962,4774,420,4850,0
730,8.50147,70,0,3,0,75.349,70,8189,3,0,298,3,15.2705,4777,423,4853,0
684,7.96556,72,0,5,0,81.925,73,8189,5,0,240,5,15.783,4782,428,4858,0
672,7.82561,75,0,1,0,95.118,77,8189,1,0,305,1,17.7283,4783,429,4859,0
631,7.34707,80,0,2,0,118.856,81,8189,2,0,244,2,16.645,4785,431,4861,0
645,7.50979,83,0,1,0,136.819,84,8189,1,0,283,1,14.2572,4786,432,4862,0
497,5.78836,44,0,84,0,57.41,44,8191,73,0,190,2,14.4202,4859,434,4946,0
309,3.59876,8,0,82,0,70.646,8,8189,82,0,137,0,17.5535,4941,434,5028,0
259,3.01617,13,0,12,0,25.968,13,8191,12,0,127,0,14.793,4953,434,5040,0
475,5.53178,25,0,0,0,28.873,25,8189,0,0,237,0,18.2524,4953,434,5040,0
622,7.24316,35,0,0,0,41.308,35,8189,0,0,313,0,11.3568,4953,434,5040,0
756,8.80342,45,0,0,0,42.382,45,8189,0,0,376,0,11.3684,4953,434,5040,0
739,8.60609,52,0,0,0,89.178,52,8189,0,0,370,0,19.2541,4953,434,5040,0
744,8.66388,59,0,1,0,77.408,59,8189,1,0,352,1,16.7964,4954,435,5041,0
693,8.06986,61,0,3,0,76.048,63,8189,3,0,292,3,17.7748,4957,438,5044,0
666,7.7555,67,0,2,0,109.84,67,8187,2,0,271,2,19.8365,4959,440,5046,0
684,7.96467,62,0,3,0,82.154,71,8189,3,0,253,3,18.2874,4962,443,5049,0
710,8.26832,75,0,3,0,102.468,75,8190,3,0,290,3,19.0328,4965,446,5052,0
652,7.59297,78,0,4,0,89.47,78,8189,4,0,218,4,17.9612,4969,450,5056,0
666,7.75623,76,0,2,0,86.879,81,8189,2,0,264,2,15.8879,4971,452,5058,0
703,8.18718,82,0,2,0,75.02,85,8189,2,0,291,2,14.7697,4973,454,5060,0
495,5.7651,21,0,125,0,62.274,21,8189,111,0,183,2,17.5419,5084,456,5185,0
296,3.44737,9,0,37,0,42.425,9,8189,37,0,138,0,21.1528,5121,456,5222,0
163,1.89823,11,0,15,0,30.237,11,8189,15,0,78,0,22.3991,5136,456,5237,0
452,5.26367,24,0,0,0,33.302,24,8189,0,0,226,0,15.4569,5136,456,5237,0
667,7.76678,35,0,0,0,34.898,35,8191,0,0,337,0,14.5716,5136,456,5237,0
691,8.04609,44,0,0,0,56.616,44,8189,0,0,347,0,16.4936,5136,456,5237,0
683,7.95364,50,0,2,0,52.784,50,8185,2,0,297,2,14.7697,5138,458,5239,0
830,9.66441,55,0,1,0,59.295,57,8189,1,0,389,1,14.9327,5139,459,5240,0
673,7.83742,59,0,3,0,84.743,61,8189,3,0,257,3,14.6182,5142,462,5243,0
654,7.61597,62,0,3,0,63.652,65,8189,3,0,244,3,15.4569,5145,465,5246,0
573,6.67264,69,0,2,0,88.878,69,8189,2,0,255,2,20.0579,5147,467,5248,0
680,7.91875,68,0,3,0,89.862,73,8190,3,0,279,3,13.5117,5150,470,5251,0
651,7.58073,76,0,5,0,99.475,76,8189,5,0,222,5,15.6666,5155,475,5256,0
689,8.02305,67,0,5,0,90.381,79,8191,5,0,243,5,15.9345,5160,480,5261,0
618,7.19714,29,0,60,0,53.429,29,8189,60,0,228,2,16.4004,5220,482,5321,0
240,2.79513,8,0,55,0,37.684,8,8189,55,0,107,0,17.3439,5275,482,5376,0
114,1.32771,6,0,21,0,49.877,6,8191,21,0,54,0,17.2623,5296,482,5397,0
177,2.06126,11,0,12,0,25.921,11,8189,12,0,87,0,19.6152,5308,482,5409,0
382,4.44825,23,0,0,0,54.549,23,8191,0,0,196,0,18.334,5308,482,5409,0
596,6.94033,33,0,0,0,34.17,33,8191,0,0,299,0,15.5035,5308,482,5409,0
658,7.66225,42,0,0,0,51.536,42,8189,0,0,331,0,17.5768,5308,482,5409,0
726,8.45411,49,0,2,0,52.513,49,8191,2,0,345,2,16.6683,5310,484,5411,0
741,8.62886,55,0,2,0,61.594,55,8189,2,0,297,2,15.2589,5312,486,5413,0
738,8.59383,61,0,2,0,69.366,61,8189,2,0,342,2,18.532,5314,488,5415,0
788,9.17627,62,0,1,0,71.167,66,8185,1,0,339,1,16.1558,5315,489,5416,0
615,7.16114,69,0,5,0,93.615,69,8189,5,0,220,5,15.7015,5320,494,5421,0
757,8.81516,73,0,2,0,79.62,73,8191,2,0,280,2,17.8214,5322,496,5423,0
700,8.1514,77,0,6,0,86.817,77,8190,6,0,277,6,14.2688,5328,502,5429,0
660,7.68507,57,0,4,0,98.282,80,8189,4,0,202,4,14.8046,5332,506,5433,0
636,7.40654,34,0,71,0,87.746,34,8189,65,0,242,3,14.8163,5397,509,5504,0
275,3.20279,18,0,37,0,50.853,18,8191,37,0,98,2,12.673,5434,511,5541,0
178,2.07299,6,0,39,0,53.764,6,8191,39,0,85,0,10.5647,5473,511,5580,0
121,1.40913,9,0,12,0,43.965,9,8189,12,0,60,0,11.2986,5485,511,5592,0
299,3.48183,19,0,0,0,38.447,19,8191,0,0,149,0,11.1704,5485,511,5592,0
566,6.59094,30,0,0,0,49.486,30,8189,0,0,283,0,11.6247,5485,511,5592,0
655,7.62726,40,0,0,0,52.945,40,8189,0,0,328,0,15.7132,5485,511,5592,0
687,8.00001,48,0,0,0,74.217,48,8189,0,0,347,0,14.8978,5485,511,5592,0
736,8.57057,53,0,4,0,62.455,53,8189,4,0,277,4,17.67,5489,515,5596,0
679,7.90727,58,0,3,0,58.762,58,8189,3,0,265,3,17.7632,5492,518,5599,0
665,7.74373,62,0,3,0,72.109,62,8189,3,0,250,3,16.2257,5495,521,5602,0
659,7.67386,66,0,4,0,70.821,66,8191,4,0,271,4,16.1907,5499,525,5606,0
717,8.34948,58,0,5,0,80.217,69,8189,5,0,207,5,15.1424,5504,530,5611,0
676,7.87196,64,0,4,0,79.515,72,8189,4,0,211,4,18.101,5508,534,5615,0
753,8.7691,70,0,2,0,84.194,76,8189,2,0,317,2,14.3969,5510,536,5617,0
591,6.88247,79,0,4,0,108.766,79,8148,4,0,230,3,13.4651,5514,539,5621,0
563,6.55725,34,0,65,0,36.348,34,8189,65,0,255,3,15.3055,5579,542,5686,0
239,2.78353,7,0,64,0,67.442,7,8191,64,0,105,0,15.7597,5643,542,5750,0
187,2.1777,11,0,11,0,37.428,11,8191,11,0,92,0,15.9461,5654,542,5761,0
459,5.34529,24,0,0,0,35.145,24,8191,0,0,231,0,13.7213,5654,542,5761,0
595,6.92904,34,0,0,0,48.04,34,8189,0,0,298,0,16.9478,5654,542,5761,0
715,8.3266,41,0,0,0,44.671,43,8189,0,0,359,0,21.1994,5654,542,5761,0
761,8.86141,51,0,0,0,56.11,51,8189,0,0,381,0,18.7649,5654,542,5761,0
628,7.31278,56,0,3,0,75.013,56,8189,3,0,237,3,16.0742,5657,545,5764,0
735,8.55888,61,0,2,0,58.93,61,8189,2,0,316,2,18.6601,5659,547,5766,0
756,8.80341,66,0,3,0,68.075,66,8189,3,0,318,3,18.1592,5662,550,5769,0
632,7.35984,70,0,5,0,75.673,70,8189,5,0,252,5,13.5699,5667,555,5774,0
734,8.54716,73,0,3,0,86.68,73,8189,3,0,267,3,15.783,5670,558,5777,0
486,5.65938,38,0,78,0,56.015,38,8189,20,0,185,3,16.8314,5690,561,5855,0
711,8.27969,46,0,0,0,60.279,46,8189,0,0,359,0,16.7848,5690,561,5855,0
713,8.3035,53,0,53,0,60.47,2,8189,13,0,352,0,12.9992,5703,561,5908,0
400,4.65854,16,0,30,0,42.136,16,8189,70,0,167,1,13.9077,5773,562,5938,0
171,1.99154,6,0,41,0,50.222,2,8189,41,0,74,0,13.7446,5814,562,5979,0
117,1.36262,7,0,12,0,31.469,7,8189,12,0,59,0,14.2688,5826,562,5991,0
412,4.79829,21,0,0,0,27.068,21,8189,0,0,205,0,11.9276,5826,562,5991,0
628,7.30799,33,0,0,0,37.37,33,8189,0,0,317,0,12.7662,5826,562,5991,0
721,8.39408,41,0,0,0,51.672,42,8189,0,0,364,0,15.0376,5826,562,5991,0
577,6.71903,24,0,48,0,33.464,24,8189,48,0,257,1,15.0609,5874,563,6039,0
612,7.12551,35,0,0,0,39.172,35,8189,0,0,307,0,14.8046,5874,563,6039,0
704,8.19792,43,0,0,0,54.122,43,8189,0,0,352,0,14.991,5874,563,6039,0
686,7.98821,50,0,2,0,55.973,50,8189,2,0,298,2,16.9245,5876,565,6041,0
750,8.73358,56,0,1,0,54.808,56,8189,1,0,352,1,19.1493,5877,566,6042,0
774,9.01314,57,0,1,0,71.262,62,8189,1,0,365,1,15.1075,5878,567,6043,0
698,8.12809,66,0,2,0,68.506,67,8189,2,0,290,2,13.9077,5880,569,6045,0
688,8.01168,67,0,4,0,73.448,70,8189,4,0,249,4,14.6765,5884,573,6049,0
586,6.82453,73,0,78,0,81.198,2,8189,12,0,186,5,14.3387,5896,578,6127,0
487,5.67181,21,0,40,0,31.192,21,8189,106,0,181,2,15.62,6002,580,6167,0
205,2.38752,6,0,43,0,55.786,6,8189,43,0,94,0,17.4836,6045,580,6210,0
152,1.77024,10,0,13,0,28.491,10,8190,13,0,74,0,19.5686,6058,580,6223,0
419,4.87955,23,0,0,0,30.735,23,8187,0,0,212,0,21.409,6058,580,6223,0
683,7.95387,35,0,0,0,43.081,35,8189,0,0,341,0,19.755,6058,580,6223,0
720,8.38456,44,0,0,0,48.48,44,8189,0,0,362,0,20.78,6058,580,6223,0
666,7.75538,49,0,3,0,74.601,49,8142,3,0,268,3,17.0177,6061,583,6226,0
696,8.10473,55,0,3,0,67.037,55,8181,3,0,276,3,18.0311,6064,586,6229,0
704,8.19795,56,0,3,0,70.338,59,8189,3,0,276,3,17.239,6067,589,6232,0
611,7.11498,63,0,3,0,76.203,63,8189,3,0,220,3,15.0376,6070,592,6235,0
670,7.80206,67,0,3,0,83.672,67,8189,3,0,273,3,17.0294,6073,595,6238,0
686,7.98886,71,0,4,0,80.556,71,8189,4,0,278,4,18.9513,6077,599,6242,0
666,7.75571,72,0,5,0,84.655,74,8189,5,0,221,5,18.7067,6082,604,6247,0
720,8.38435,59,0,4,0,105.937,78,8189,4,0,261,4,16.9595,6086,608,6251,0
664,7.73141,61,0,1,0,65.133,81,8189,1,0,300,1,16.1092,6087,609,6252,0
400,4.65788,12,0,108,0,26.347,12,8189,100,0,182,0,15.5734,6187,609,6360,0
162,1.88674,6,0,28,0,42.394,6,8189,28,0,79,0,16.447,6215,609,6388,0
184,2.14268,12,0,13,0,32.101,12,8189,13,0,90,0,17.5652,6228,609,6401,0
493,5.74129,25,0,0,0,37.085,25,8191,0,0,247,0,16.9129,6228,609,6401,0
664,7.73261,36,0,0,0,45.89,36,8191,0,0,332,0,18.1942,6228,609,6401,0
712,8.29148,44,0,0,0,68.468,44,8189,0,0,360,0,18.6019,6228,609,6401,0
774,9.01397,52,0,1,0,57.612,52,8189,1,0,363,1,16.5518,6229,610,6402,0
686,7.9885,57,0,5,0,65.56,57,8189,5,0,264,5,14.7231,6234,615,6407,0
745,8.67542,62,0,2,0,69.184,62,8189,2,0,320,2,16.3305,6236,617,6409,0
711,8.27936,65,0,4,0,68.126,66,8189,4,0,267,4,17.6584,6240,621,6413,0
656,7.63896,69,0,5,0,92.134,69,8190,5,0,209,5,18.4854,6245,626,6418,0
729,8.48982,73,0,4,0,90.382,73,8189,4,0,266,4,16.7848,6249,630,6422,0
658,7.66238,76,0,4,0,73.985,76,8189,4,0,241,4,14.1407,6253,634,6426,0
681,7.93005,79,0,5,0,89.239,79,8189,5,0,234,5,13.3836,6258,639,6431,0
605,7.04555,21,0,74,0,103.981,21,8191,71,0,159,3,17.6118,6329,642,6505,0
407,4.74012,22,0,36,0,29.128,22,8189,36,0,188,0,16.7964,6365,642,6541,0
231,2.69038,8,0,46,0,48.536,8,8189,46,0,105,0,15.4802,6411,642,6587,0
166,1.93315,11,0,14,0,25.913,11,8189,14,0,82,0,14.2222,6425,642,6601,0
467,5.43814,24,0,0,0,33.401,24,8189,0,0,237,0,13.1506,6425,642,6601,0
671,7.81432,35,0,0,0,35.485,35,8189,0,0,334,0,11.7412,6425,642,6601,0
764,8.89692,45,0,0,0,55.287,45,8189,0,0,383,0,11.9625,6425,642,6601,0
775,9.02515,51,0,3,0,51.747,52,8191,3,0,347,3,15.0725,6428,645,6604,0
707,8.23349,57,0,3,0,55.539,57,8191,3,0,281,3,16.2723,6431,648,6607,0
651,7.58123,61,0,3,0,62.988,61,8191,3,0,244,3,13.6631,6434,651,6610,0
683,7.95349,65,0,4,0,72.541,65,8189,4,0,255,4,12.9875,6438,655,6614,0
623,7.25477,69,0,3,0,95.221,69,8189,3,0,283,3,11.0772,6441,658,6617,0
791,9.21125,72,0,4,0,70.867,74,8191,4,0,329,4,15.1773,6445,662,6621,0
709,8.25624,41,0,78,0,40.186,41,8191,78,0,267,3,20.4655,6523,665,6699,0
692,8.05839,48,0,2,0,50.54,48,8191,2,0,326,2,14.0708,6525,667,6701,0
625,7.27871,53,0,55,0,66.653,2,8191,12,0,236,2,15.0842,6537,669,6756,0
375,4.36604,16,0,29,0,33.162,16,8189,72,0,176,0,16.1325,6609,669,6785,0
174,2.02649,7,0,34,0,43.871,7,8189,34,0,80,0,16.7032,6643,669,6819,0
163,1.89805,11,0,13,0,27.232,11,8189,13,0,78,0,16.5751,6656,669,6832,0
443,5.1586,24,0,0,0,36.525,24,8189,0,0,224,0,14.1756,6656,669,6832,0
651,7.58077,35,0,0,0,37.118,35,8189,0,0,325,0,13.8145,6656,669,6832,0
732,8.52435,44,0,0,0,54.348,44,8191,0,0,365,0,16.2956,6656,669,6832,0
739,8.60524,51,0,2,0,55.448,51,8191,2,0,326,2,17.076,6658,671,6834,0
693,8.07037,56,0,5,0,61.238,56,8189,5,0,272,5,15.8063,6663,676,6839,0
685,7.97697,60,0,5,0,64.816,60,8191,5,0,238,5,20.5354,6668,681,6844,0
670,7.80262,63,0,3,0,105.757,64,8191,3,0,251,3,15.0725,6671,684,6847,0
659,7.67409,63,0,2,0,94.458,68,8190,2,0,304,2,14.5716,6673,686,6849,0
713,8.30279,72,0,6,0,87.231,72,8189,6,0,221,6,15.0609,6679,692,6855,0
705,8.20957,75,0,6,0,82.515,75,8189,6,0,246,6,16.3654,6685,698,6861,0
668,7.77874,57,0,5,0,83.801,78,8189,5,0,235,5,15.5501,6690,703,6866,0
579,6.74274,80,0,4,0,69.107,80,8189,4,0,205,4,18.6834,6694,707,6870,0
606,7.05776,39,0,76,0,35.624,39,8189,76,0,226,2,15.6782,6770,709,6946,0
519,6.04456,25,0,66,0,28.528,2,8189,66,0,237,0,15.9461,6836,709,7012,0
254,2.95823,10,0,25,0,22.869,10,8191,25,0,130,0,14.9327,6861,709,7037,0
438,5.10116,23,0,0,0,33.237,23,8191,0,0,220,0,16.61,6861,709,7037,0
599,6.97485,33,0,0,0,38.124,33,8189,0,0,302,0,15.7714,6861,709,7037,0
675,7.86025,42,0,0,0,46.037,42,8191,0,0,340,0,12.871,6861,709,7037,0
731,8.51259,49,0,2,0,60.573,49,8189,2,0,326,2,14.8628,6863,711,7039,0
720,8.38464,56,0,2,0,67.399,56,8190,2,0,334,2,13.5233,6865,713,7041,0
639,7.44141,59,0,3,0,57.632,59,8190,3,0,216,3,14.7813,6868,716,7044,0
721,8.39629,64,0,1,0,80.9,65,8189,1,0,332,1,15.154,6869,717,7045,0
654,7.61625,68,0,5,0,84.844,68,8189,5,0,236,5,16.0044,6874,722,7050,0
662,7.7092,72,0,4,0,74.411,72,8189,4,0,266,4,12.2537,6878,726,7054,0
681,7.93057,75,0,7,0,89.87,75,8189,7,0,239,7,15.0958,6885,733,7061,0
661,7.6975,72,0,4,0,100.488,78,8189,4,0,225,4,15.2356,6889,737,7065,0
535,6.23013,80,0,83,0,89.628,2,8189,61,0,162,3,15.154,6950,740,7148,0
346,4.02963,20,0,42,0,70.87,20,8189,64,0,130,1,16.4936,7014,741,7190,0
248,2.88836,15,0,23,0,40.129,15,8189,23,0,121,0,19.0561,7037,741,7213,0
203,2.36403,12,0,24,0,34.367,12,8189,24,0,99,0,20.4306,7061,741,7237,0
450,5.24016,24,0,0,0,45.765,24,8189,0,0,224,0,16.3887,7061,741,7237,0
564,6.56771,34,0,0,0,49.029,34,8191,0,0,282,0,14.129,7061,741,7237,0
662,7.70906,42,0,0,0,48.069,42,8191,0,0,334,0,15.9811,7061,741,7237,0
752,8.75707,50,0,0,0,47.869,50,8189,0,0,376,0,16.5052,7061,741,7237,0
721,8.39588,56,0,4,0,54.913,56,8190,4,0,286,4,14.956,7065,745,7241,0
691,8.04695,58,0,3,0,60.603,60,8131,3,0,236,3,11.9741,7068,748,7244,0
632,7.35959,7,0,66,0,81.807,7,8189,64,0,256,2,12.277,7132,750,7310,0
605,7.04529,39,0,0,0,48.804,39,8189,0,0,293,0,12.8477,7132,750,7310,0
692,8.05814,47,0,0,0,62.746,47,8191,0,0,347,0,16.6916,7132,750,7310,0
702,8.17518,49,0,2,0,67.869,53,8189,2,0,311,2,15.0143,7134,752,7312,0
706,8.22179,58,0,4,0,55.54,58,8189,4,0,252,4,12.9293,7138,756,7316,0
477,5.55503,16,0,60,0,90.011,16,8189,60,0,151,3,14.956,7198,759,7376,0
364,4.23926,10,0,47,0,43.542,10,8189,47,0,168,0,13.9892,7245,759,7423,0
162,1.88676,7,0,26,0,32.036,7,8189,26,0,75,0,12.2886,7271,759,7449,0
212,2.46884,12,0,14,0,24.597,12,8189,14,0,104,0,10.4483,7285,759,7463,0
549,6.3934,26,0,0,0,33.958,26,8191,0,0,273,0,11.2287,7285,759,7463,0
675,7.86072,37,0,0,0,44.75,37,8189,0,0,340,0,12.4867,7285,759,7463,0
753,8.76866,46,0,0,0,58.883,46,8189,0,0,375,0,16.0276,7285,759,7463,0
737,8.58219,51,0,1,0,66.697,53,8191,1,0,349,1,19.7084,7286,760,7464,0
773,9.00145,58,0,4,0,59.026,58,8189,4,0,288,4,16.9362,7290,764,7468,0
698,8.12805,57,0,3,0,74.235,63,8189,3,0,295,3,16.6916,7293,767,7471,0
649,7.55749,66,0,5,0,80.893,66,8190,5,0,233,5,14.9094,7298,772,7476,0
575,6.69573,38,0,66,0,41.31,38,8191,59,0,246,0,13.6398,7357,772,7542,0
634,7.38281,46,0,1,0,60.137,46,8190,1,0,319,1,14.2921,7358,773,7543,0
450,5.24018,29,0,46,0,41.418,29,8189,46,0,195,0,15.2472,7404,773,7589,0
610,7.10335,38,0,0,0,42.406,38,8189,0,0,303,0,14.3736,7404,773,7589,0
594,6.91751,44,0,46,0,59.579,2,8189,25,0,246,2,17.0643,7429,775,7635,0
328,3.82007,15,0,25,0,32.805,15,8191,46,0,161,0,18.2175,7475,775,7660,0
171,1.99155,7,0,33,0,40.273,7,8191,33,0,81,0,18.0078,7508,775,7693,0
121,1.4092,9,0,13,0,36.61,9,8189,13,0,59,0,15.2006,7521,775,7706,0
297,3.45855,19,0,0,0,32.263,19,8191,0,0,146,0,13.1972,7521,775,7706,0
594,6.91662,31,0,0,0,41.58,31,8189,0,0,298,0,11.846,7521,775,7706,0
683,7.9534,40,0,0,0,45.477,40,8191,0,0,342,0,14.7464,7521,775,7706,0
727,8.46588,48,0,1,0,52.103,48,8191,1,0,343,1,14.4552,7522,776,7707,0
669,7.79043,54,0,2,0,70.418,54,8189,2,0,291,2,17.0876,7524,778,7709,0
714,8.31458,58,0,4,0,55.943,58,8189,4,0,250,4,13.0691,7528,782,7713,0
741,8.62899,63,0,4,0,67.891,63,8189,4,0,286,4,14.4552,7532,786,7717,0
680,7.91857,67,0,4,0,82.98,67,8189,4,0,279,4,11.2403,7536,790,7721,0
701,8.163,71,0,4,0,86.721,71,8189,4,0,286,4,14.2804,7540,794,7725,0
787,9.16451,58,0,4,0,84.24,75,8116,4,0,276,4,13.2205,7544,798,7729,0
715,8.32607,59,0,3,0,87.407,78,8189,3,0,255,3,17.1342,7547,801,7732,0
535,6.2306,71,0,2,0,78.361,81,8189,2,0,191,2,16.6566,7549,803,7734,0
466,5.42724,13,0,140,0,34.864,2,8190,139,0,184,1,16.1208,7688,804,7874,0
143,1.66545,7,0,16,0,41.186,7,8190,16,0,73,0,14.2688,7704,804,7890,0
184,2.14278,12,0,13,0,28.705,12,8189,13,0,89,0,16.4237,7717,804,7903,0
519,6.04396,25,0,0,0,29.419,25,8189,0,0,261,0,14.9677,7717,804,7903,0
736,8.56984,37,0,0,0,57.741,37,8191,0,0,367,0,12.6148,7717,804,7903,0
773,9.00155,46,0,0,0,54.971,46,8189,0,0,385,0,15.2705,7717,804,7903,0
742,8.64078,53,0,3,0,64.955,53,8189,3,0,322,3,12.4983,7720,807,7906,0
798,9.29246,58,0,2,0,59.562,58,8189,2,0,322,2,13.4767,7722,809,7908,0
771,8.97861,63,0,4,0,73.082,63,8191,4,0,276,4,16.249,7726,813,7912,0
681,7.9277,66,0,5,0,74.061,66,8189,5,0,222,5,14.5484,7731,818,7917,0
671,7.81363,68,0,1,0,83.589,70,8189,1,0,276,1,13.9892,7732,819,7918,0
653,7.60272,71,0,7,0,86.153,73,8189,7,0,225,7,16.0044,7739,826,7925,0
702,8.17467,76,0,4,0,94.798,77,8189,4,0,281,4,15.9461,7743,830,7929,0
724,8.43081,75,0,7,0,84.165,79,8189,7,0,187,7,18.2641,7750,837,7936,0
526,6.12572,82,0,3,0,94.678,82,8190,3,0,191,3,16.4819,7753,840,7939,0
518,6.03278,77,0,5,0,189.432,84,8190,5,0,145,4,15.0725,7758,844,7944,0
604,7.03445,43,0,83,0,44.356,43,8189,76,0,262,1,16.8896,7834,845,8027,0
391,4.5537,18,0,65,0,28.539,18,8189,65,0,164,1,16.6566,7899,846,8092,0
601,6.99915,30,0,0,0,37.508,30,8189,0,0,301,0,12.2537,7899,846,8092,0
688,8.01203,40,0,0,0,50.757,40,8191,0,0,343,0,15.1191,7899,846,8092,0
760,8.85008,48,0,1,0,65.403,48,8189,1,0,362,1,18.7067,7900,847,8093,0
710,8.26788,54,0,2,0,71.997,54,8189,2,0,331,2,22.0846,7902,849,8095,0
693,8.06993,59,0,3,0,62.481,59,8189,3,0,242,3,14.2339,7905,852,8098,0
783,9.11823,59,0,3,0,66.303,64,8189,3,0,308,3,15.7248,7908,855,8101,0
715,8.32661,68,0,4,0,69.451,68,8189,4,0,266,4,16.7731,7912,859,8105,0
680,7.91842,71,0,4,0,93.694,71,8189,4,0,247,4,16.3654,7916,863,8109,0
700,8.15138,67,0,1,0,91.663,76,8189,1,0,323,1,18.7067,7917,864,8110,0
697,8.11643,79,0,4,0,75.129,79,8112,4,0,233,4,17.5069,7921,868,8114,0
740,8.61718,77,0,3,0,73.206,82,8189,3,0,261,3,17.3439,7924,871,8117,0
636,7.40685,75,0,83,0,72.731,3,8189,10,0,227,5,14.7813,7934,876,8200,0
392,4.5655,12,0,59,0,40.545,12,8189,128,0,164,1,13.5816,8062,877,8259,0
139,1.61888,5,0,27,0,55.389,5,8189,27,0,63,0,12.4051,8089,877,8286,0
111,1.29266,9,0,10,0,37.759,9,8189,10,0,52,0,12.475,8099,877,8296,0
398,4.6344,22,0,0,0,28.826,22,8189,0,0,199,0,13.0341,8099,877,8296,0
714,8.31436,34,0,0,0,35.949,34,8189,0,0,355,0,12.7196,8099,877,8296,0
641,7.46482,42,0,1,0,57.886,42,8189,1,0,304,1,13.5816,8100,878,8297,0
711,8.28024,49,0,2,0,59.314,49,8189,2,0,317,2,14.6648,8102,880,8299,0
617,7.18493,53,0,3,0,47.497,53,8189,3,0,234,3,16.4703,8105,883,8302,0
631,7.34789,59,0,1,0,67.892,59,8191,1,0,290,1,13.5233,8106,884,8303,0
606,7.05745,63,0,2,0,84.164,63,8189,2,0,248,2,16.5984,8108,886,8305,0
651,7.58113,65,0,3,0,57.885,66,8189,3,0,236,3,16.214,8111,889,8308,0
704,8.19799,70,0,4,0,73.366,70,8189,4,0,257,4,17.6467,8115,893,8312,0
712,8.29187,74,0,5,0,68.781,74,8189,5,0,257,5,17.2274,8120,898,8317,0
690,8.03488,78,0,2,0,115.11,78,8190,2,0,321,2,15.585,8122,900,8319,0
433,5.04273,41,0,120,0,51.732,2,8189,88,0,137,1,13.9776,8210,901,8439,0
269,3.13291,9,0,35,0,47.206,9,8189,57,0,130,0,13.6631,8267,901,8474,0
179,2.08474,11,0,11,0,37.421,11,8189,11,0,87,0,13.0691,8278,901,8485,0
144,1.67694,10,0,18,0,35.869,10,8189,18,0,68,0,13.0691,8296,901,8503,0
425,4.94904,23,0,0,0,36.813,23,8189,0,0,212,0,12.9875,8296,901,8503,0
691,8.0465,34,0,0,0,50.25,34,8189,0,0,346,0,13.8378,8296,901,8503,0
737,8.58248,44,0,0,0,52.656,44,8189,0,0,366,0,16.1092,8296,901,8503,0
698,8.12822,50,0,2,0,55.27,50,8189,2,0,307,2,18.5902,8298,903,8505,0
415,4.8329,8,0,57,0,34.699,8,8189,57,0,178,1,19.1726,8355,904,8562,0
388,4.51852,21,0,0,0,33.086,21,8189,0,0,194,0,17.6467,8355,904,8562,0
628,7.31343,33,0,0,0,44.806,33,8189,0,0,316,0,12.2537,8355,904,8562,0
688,8.01138,42,0,1,0,52.553,42,8190,1,0,346,1,13.8611,8356,905,8563,0
775,9.02517,49,0,1,0,46.207,49,8189,1,0,349,1,17.2856,8357,906,8564,0
749,8.72274,56,0,2,0,65.307,56,8189,2,0,326,2,15.387,8359,908,8566,0
678,7.89529,60,0,2,0,67.927,60,8189,2,0,286,2,12.7313,8361,910,8568,0
541,6.30047,30,0,61,0,88.011,30,8189,50,0,246,1,13.4418,8411,911,8629,0
421,4.90325,9,0,53,0,30.001,9,8189,53,0,199,0,13.3836,8464,911,8682,0
224,2.6084,6,0,25,0,51.883,6,8189,25,0,106,0,10.4948,8489,911,8707,0


