SendPacket,SendRate(Mb/s),FlightSize,ReceiveRate(Mb/s),Send Loss,Recv Loss,RTT(ms),CWnd,FlowWindow,Retrans,PktSndPeriod(us),RecvACK,RecvNAK,EstimatedBandwidth(Mb/s),Retrans_Total,NAK_TotalRecv,Total Send Loss,Total Recv Loss
1236,1.9381,93,0,1,0,32.394,861,8182,1,773.771,57,1,3.15757,1,1,1,0
1397,2.30143,72,0,0,0,39.994,4365,8185,0,758.626,73,0,3.2169,1,1,1,0
1479,2.43663,140,0,0,0,31.937,750,8178,0,256.609,71,0,331.184,1,1,1,0
1700,2.80098,116,0,3,0,65.953,6532,8178,3,182.853,61,3,3.84149,4,4,4,0
1678,2.76468,125,0,4,0,56.258,1395,8191,4,254.116,59,4,4.74789,8,8,8,0
1736,2.86022,125,0,7,0,60.742,11799,8159,7,581.594,55,7,3.6635,15,15,15,0
1770,2.91627,143,0,3,0,65.605,5594,8153,3,818.983,63,3,3.36851,18,18,18,0
1772,2.91955,117,0,4,0,60.966,7034,8059,4,1285.01,61,4,2.91037,22,22,22,0
1388,2.28678,21,0,2,0,34.191,343,8186,2,1570.97,62,2,3.46245,24,24,24,0
694,1.14338,37,0,0,0,31.358,551,8185,0,1508.42,61,0,4.80557,24,24,24,0
1395,2.29828,123,0,1,0,58.975,2854,8191,1,152.067,65,1,12.4869,25,25,25,0
1750,2.88309,155,0,4,0,65.051,4176,8168,4,211,62,4,243.602,29,29,29,0
1695,2.79252,137,0,9,0,59.856,3448,8171,9,185.903,38,9,215.071,38,38,38,0
1825,3.00673,222,0,3,0,64.096,669,8191,3,226,63,3,4.66714,41,41,41,0
1706,2.81065,125,0,6,0,68.15,298,8176,6,460.278,47,6,3.43443,47,47,47,0
1678,2.76462,162,0,4,0,62.223,4124,8191,4,692.463,56,4,50.5623,51,51,51,0
1777,2.92768,117,0,3,0,66.528,10357,8191,3,503.474,64,3,3.96179,54,54,54,0
1697,2.79576,221,0,4,0,59.446,261,8191,4,798,60,4,3.99146,58,58,58,0
1131,1.86337,46,0,2,0,27.921,2518,8178,2,985.882,63,2,4.12494,60,60,60,0
1593,2.62453,177,0,3,0,49.221,4601,8185,3,185,60,3,47.3273,63,63,63,0
1721,2.83534,111,0,3,0,60.72,2185,8191,3,146.407,55,3,238.007,66,66,66,0
1782,2.93609,171,0,5,0,63.337,3244,8180,5,248,61,5,3.84973,71,71,71,0
1741,2.86856,153,0,2,0,65.917,1661,8154,1,143,65,2,53.3458,72,73,73,0
1516,2.49747,157,0,5,0,75.768,8163,8176,6,200,50,5,39.8338,78,78,78,0
1497,2.46639,180,0,9,0,68.008,1882,8191,9,385,38,9,21.9777,87,87,87,0
1203,1.98193,399,0,31,0,84.22,5845,8165,31,2227,22,30,31.1406,118,117,118,0
809,1.33282,1192,0,16,0,84.22,5845,8165,16,5721,0,16,31.1406,134,133,134,0
360,0.593017,5,0,1525,0,81.026,2911,8191,27,9380.43,6,13,15.483,161,146,1659,0
401,0.660677,45,0,0,0,41.224,2319,8175,0,1491.19,37,0,17.2562,161,146,1659,0
1164,1.91767,168,0,8,0,73.356,8771,8126,8,206.411,35,8,178.417,169,154,1667,0
955,1.5734,343,0,39,0,102.33,2878,8173,39,1526,23,35,11.9546,208,189,1706,0
969,1.59651,1303,0,9,0,102.33,2878,8173,9,3919,0,9,11.9546,217,198,1715,0
852,1.40377,476,0,1350,0,68.799,4276,8147,25,562,18,15,193.406,242,213,3065,0
1301,2.1434,98,0,1556,0,70.312,3838,8191,43,483.283,7,15,80.9662,285,228,4621,0
1596,2.62962,130,0,5,0,83.328,14406,8162,5,281.181,50,5,265.689,290,233,4626,0
1771,2.91731,177,0,4,0,55.907,3662,8165,4,277.238,58,4,160.413,294,237,4630,0
1700,2.80081,117,0,6,0,61.162,6246,8154,6,300,53,6,185.703,300,243,4636,0
1791,2.95086,135,0,5,0,61.623,7860,8191,5,329,48,5,229.779,305,248,4641,0
1932,3.18315,176,0,4,0,55.301,3527,8142,4,319.795,60,4,3.76568,309,252,4645,0
1731,2.85184,125,0,4,0,65.945,596,8158,4,511.686,59,4,3.55968,313,256,4649,0
1820,2.99853,111,0,5,0,60.341,2896,8162,5,810.42,60,5,3.5811,318,261,4654,0
1844,3.03801,126,0,5,0,72.023,12121,8166,5,1276.1,55,5,3.71954,323,266,4659,0
1761,2.90132,114,0,3,0,64.211,278,8155,3,398.63,61,3,5.57189,326,269,4662,0
1620,2.66894,139,0,7,0,75.164,1509,8191,7,806,47,7,3.44762,333,276,4669,0
1806,2.97462,115,0,4,0,60.666,19574,8182,4,1266.2,54,4,3.3372,337,280,4673,0
1386,2.28344,18,0,5,0,53.372,1100,8191,5,2228.85,49,5,3.97992,342,285,4678,0
935,1.54048,246,0,1,0,35.426,2611,8165,1,202,57,1,196.339,343,286,4679,0
1704,2.80742,142,0,7,0,63.832,204,8173,7,352,53,7,4.95554,350,293,4686,0
1728,2.84704,124,0,4,0,60.475,201,8170,4,561.104,59,4,3.61242,354,297,4690,0
1730,2.85038,106,0,5,0,60.536,4761,8163,4,261,59,5,321.22,358,302,4695,0
1745,2.8741,191,0,5,0,65.466,2402,8185,6,429,56,5,4.06562,364,307,4700,0
1786,2.94247,120,0,4,0,57.835,1292,8174,4,324.24,60,4,43.7083,368,311,4704,0
1653,2.72337,122,0,12,0,61.569,3255,8172,12,839,45,12,3.31413,380,323,4716,0
1828,3.01141,125,0,4,0,53.162,7068,8173,4,200.426,56,4,139.928,384,327,4720,0
1702,2.80409,126,0,4,0,69.913,6538,8167,4,290.56,56,4,3.34214,388,331,4724,0
1653,2.72333,169,0,5,0,60.852,2448,8167,5,524,52,5,3.25645,393,336,4729,0
1789,2.94738,116,0,6,0,54.94,2057,8165,6,767.637,53,6,63.0475,399,342,4735,0
1726,2.84311,180,0,5,0,65.909,2062,8170,5,1111,56,5,3.32896,404,347,4740,0
1105,1.82063,17,0,6,0,34.973,135,8191,6,2173.78,51,6,3.05869,410,353,4746,0
526,0.866618,31,0,0,0,27.317,2116,8191,0,1333.64,57,0,27.632,410,353,4746,0
1533,2.52524,113,0,1,0,49.58,1363,8164,1,516.775,60,1,12.833,411,354,4747,0
1475,2.43007,44,0,5,0,53.468,161,8181,5,912.495,55,5,3.66186,416,359,4752,0
1289,2.12365,127,0,0,0,31.298,5655,8187,0,272.532,70,0,182.806,416,359,4752,0
1723,2.83866,169,0,5,0,67.769,7034,8186,5,155,55,5,586.154,421,364,4757,0
1730,2.85025,236,0,3,0,61.112,417,8191,3,205,59,3,4.04584,424,367,4760,0
1659,2.73332,129,0,4,0,65.458,5786,8164,4,302.411,59,4,196.29,428,371,4764,0
1705,2.80897,133,0,6,0,63.391,5810,8165,6,426.53,49,6,107.257,434,377,4770,0
1672,2.75464,134,0,4,0,63.908,1610,8191,4,145.417,55,4,144.231,438,381,4774,0
1715,2.82551,136,0,4,0,59.216,6221,8172,4,225.14,60,4,20.2704,442,385,4778,0
1762,2.90282,179,0,4,0,60.194,517,8174,4,178,56,4,12.5891,446,389,4782,0
1607,2.64759,145,0,4,0,72.575,3621,8185,4,287,57,4,3.23667,450,393,4786,0
1633,2.68979,138,0,7,0,69.806,4329,8191,7,518.032,47,7,3.24491,457,400,4793,0
1697,2.79597,106,0,3,0,64.268,12242,8159,3,186.881,57,3,220.188,460,403,4796,0
1679,2.76614,203,0,3,0,63.474,8684,8191,3,247,61,3,3.86126,463,406,4799,0
1709,2.81579,119,0,4,0,63.818,1011,8153,4,260.185,53,4,11.4717,467,410,4803,0
1655,2.72672,134,0,4,0,63.063,1926,8167,4,416,55,4,3.98651,471,414,4807,0
1635,2.69389,125,0,3,0,74.959,443,8176,3,588.749,56,3,3.22678,474,417,4810,0
1624,2.67568,125,0,4,0,61.307,9321,8165,4,931.39,56,4,3.74426,478,421,4814,0
1704,2.8074,189,0,7,0,64.228,445,8166,7,1693,46,7,5.2357,485,428,4821,0
1415,2.3306,11,0,3,0,40.562,3012,8170,3,2299.11,60,3,3.4229,488,431,4824,0
478,0.787498,25,0,0,0,29.383,1933,8189,0,2178.88,56,0,4.9819,488,431,4824,0
1272,2.09577,90,0,0,0,38.933,118,8163,0,575.125,65,0,4.10352,488,431,4824,0
1604,2.64176,88,0,1,0,39.804,227,8173,1,632.747,69,1,3.55803,489,432,4825,0
1545,2.54554,102,0,0,0,38.242,134,8190,0,622.351,70,0,3.78051,489,432,4825,0
1609,2.65091,107,0,0,0,34.346,107,8191,0,611.392,70,0,4.30787,489,432,4825,0
1670,2.7513,127,0,0,0,36.222,898,8191,0,600.597,76,0,3.42949,489,432,4825,0
1531,2.52235,61,0,3,0,66.465,3342,8187,3,844.425,59,3,3.35203,492,435,4828,0
1270,2.0924,51,0,0,0,28.604,271,8173,0,827.241,69,0,5.81414,492,435,4828,0
1338,2.20446,73,0,0,0,29.671,2777,8180,0,749.155,66,0,7.65331,492,435,4828,0
1512,2.49091,97,0,0,0,33.304,283,8161,0,654.434,69,0,3.5053,492,435,4828,0
1641,2.70354,92,0,3,0,58.894,1349,8058,3,847.569,64,3,3.28941,495,438,4831,0
1270,2.09235,34,0,0,0,28.188,226,8157,0,828.606,70,0,3.93707,495,438,4831,0
1307,2.15345,54,0,0,0,27.959,2256,8173,0,798.055,67,0,54.8735,495,438,4831,0
1627,2.68056,150,0,5,0,76.801,3699,8191,5,246.55,42,5,138.297,500,443,4836,0
1763,2.90457,146,0,3,0,60.928,1525,8167,3,340.257,61,3,4.30458,503,446,4839,0
1702,2.80411,126,0,4,0,61.695,174,8191,4,485,65,4,3.57946,507,450,4843,0
1565,2.57857,79,0,2,0,37.17,98,8161,2,606.874,62,2,3.82171,509,452,4845,0
1598,2.63291,62,0,2,0,50.282,1802,8171,2,755.594,68,2,4.02277,511,454,4847,0
1414,2.32979,51,0,0,0,38.015,992,8184,0,740.817,71,0,3.38499,511,454,4847,0
1397,2.30162,53,0,1,0,49.196,136,8167,1,819.596,66,1,4.04254,512,455,4848,0
1322,2.17765,99,0,0,0,32.214,1856,8176,0,800.697,63,0,4.37214,512,455,4848,0
1346,2.21762,76,0,0,0,34.272,6371,8170,0,783.384,69,0,3.46739,512,455,4848,0
1762,2.90313,165,0,0,0,62.26,1495,8191,0,75.9016,70,0,4.39027,512,455,4848,0
1664,2.74138,152,0,5,0,71.192,892,8076,5,127,49,5,21.1191,517,460,4853,0
1684,2.77441,201,0,5,0,61.516,1147,8191,5,226,51,5,12.2067,522,465,4858,0
1626,2.67892,111,0,5,0,69.268,2491,8191,5,360.74,47,5,3.19218,527,470,4863,0
1697,2.79572,148,0,5,0,69.367,7494,8191,5,183,57,5,116.629,532,475,4868,0
1856,3.05762,145,0,2,0,89.364,41203,8191,2,114.883,56,2,624.276,534,477,4870,0
1821,3.00038,128,0,3,0,55.405,12892,8175,3,110.132,61,3,239.468,537,480,4873,0
1562,2.57333,125,0,8,0,68.439,6866,8160,8,137.207,45,8,127.247,545,488,4881,0
1583,2.60804,152,0,6,0,76.691,10969,8191,6,207,44,6,144.62,551,494,4887,0
1687,2.77923,135,0,4,0,64.08,9177,8191,4,208,58,4,160.889,555,498,4891,0
1845,3.03996,111,0,1,0,76.718,6811,8152,1,87.9907,69,1,28.8631,556,499,4892,0
1686,2.77788,256,0,2,0,62.506,3291,8172,2,97,58,2,14.4167,558,501,4894,0
1743,2.87178,131,0,3,0,70.209,301,8173,3,139.984,58,3,3.98486,561,504,4897,0
1699,2.79917,121,0,2,0,60.461,29561,8187,2,177.848,66,2,3.9173,563,506,4899,0
1675,2.75971,161,0,6,0,67.623,7838,8119,6,324,53,6,3.15427,569,512,4905,0
1614,2.65904,121,0,4,0,66.013,2911,8190,4,461.063,55,4,3.47893,573,516,4909,0
1876,3.09071,139,0,4,0,66.584,4272,8183,4,349.513,58,4,86.1228,577,520,4913,0
1652,2.72157,125,0,4,0,75.329,7122,8169,4,416.904,55,4,47.3437,581,524,4917,0
1727,2.84544,116,0,4,0,73.815,10589,8185,4,582.5,64,4,85.7323,585,528,4921,0
1634,2.69211,103,0,2,0,68.313,1133,8191,2,659,64,2,11.0482,587,530,4923,0
1743,2.87175,143,0,4,0,69.67,1657,8153,4,935.023,55,4,118.638,591,534,4927,0
1753,2.88806,134,0,4,0,68.305,6251,8079,4,210.733,54,4,28.3209,595,538,4931,0
1611,2.65414,273,0,6,0,79.244,6597,8189,6,312,50,6,248.368,601,544,4937,0
1706,2.81061,187,0,2,0,72.798,4395,8160,2,351.85,61,2,3.87445,603,546,4939,0
1628,2.68204,146,0,5,0,67.933,5121,8191,5,632.519,54,5,3.2103,608,551,4944,0
1757,2.89468,177,0,7,0,60.525,967,8167,7,263,54,7,21.8195,615,558,4951,0
1741,2.86837,121,0,4,0,69.208,727,8191,4,397.04,48,4,136.062,619,562,4955,0
1705,2.80903,124,0,3,0,62.821,21562,8180,3,265.323,61,3,212.604,622,565,4958,0
1797,2.96056,130,0,2,0,63.108,4818,8191,2,132.224,65,2,36.6812,624,567,4960,0
1654,2.72458,194,0,2,0,68.686,840,8191,2,164.804,57,2,3.24326,626,569,4962,0
1659,2.73324,141,0,4,0,73.273,11949,8187,4,187,63,4,269.389,630,573,4966,0
1611,2.6543,126,0,3,0,68.531,2019,8166,3,198.605,54,3,181.168,633,576,4969,0
1583,2.60806,117,0,3,0,78.63,1047,8191,3,210.115,55,3,18.1428,636,579,4972,0
1770,2.91614,114,0,5,0,80.392,10640,8023,5,377,48,5,27.9863,641,584,4977,0
1749,2.88163,173,0,3,0,62.916,1862,8191,3,365.705,53,3,4.37214,644,587,4980,0
1772,2.9192,126,0,4,0,57.926,6599,8191,4,212.635,57,4,9.56994,648,591,4984,0
1829,3.01345,125,0,4,0,62.77,6213,8191,4,303.216,56,4,7.44237,652,595,4988,0
1647,2.71364,236,0,6,0,64.835,3228,8166,6,438,54,6,22.2068,658,601,4994,0
1769,2.91438,251,0,3,0,67.31,6731,8168,3,615,60,3,2.9664,661,604,4997,0
1673,2.75637,194,0,3,0,79.269,13730,8174,3,722.427,56,3,307.38,664,607,5000,0
1653,2.72348,205,0,7,0,64.887,11591,8180,7,559,51,7,4.43642,671,614,5007,0
1813,2.98685,138,0,4,0,64.272,300,8181,4,888.053,57,4,3.67834,675,618,5011,0
1117,1.84035,35,0,1,0,63.398,11869,8191,1,976.368,60,1,3.78216,676,619,5012,0
1669,2.74988,160,0,2,0,58.723,4973,8161,2,221.626,61,2,5.04782,678,621,5014,0
1755,2.89164,104,0,2,0,65.439,7128,8161,2,279.812,67,2,3.54814,680,623,5016,0
1651,2.71998,122,0,4,0,69.315,367,8191,4,446.719,63,4,3.68163,684,627,5020,0
1675,2.75954,207,0,3,0,55.824,5300,8171,3,630.046,55,3,4.25019,687,630,5023,0
1301,2.14334,47,0,3,0,29.876,3023,8169,3,881.237,64,3,3.09659,690,633,5026,0
1223,2.01495,42,0,0,0,35.069,247,8154,0,857.656,69,0,61.7258,690,633,5026,0
1836,3.02481,110,0,1,0,64.072,1196,8172,1,165.257,79,1,3.09989,691,634,5027,0
1808,2.97877,125,0,3,0,62.543,1363,8191,3,236.82,57,3,3.35698,694,637,5030,0
1676,2.76135,205,0,7,0,64.896,894,8153,7,484,50,7,3.63384,701,644,5037,0
1549,2.55213,39,0,4,0,61.532,10370,8191,4,768.086,62,4,3.69811,705,648,5041,0
1426,2.34928,73,0,0,0,38.154,4706,8191,0,724.671,72,0,4.60122,705,648,5041,0
1480,2.43849,85,0,0,0,39.553,1565,8173,0,710.764,73,0,3.27622,705,648,5041,0
1518,2.50091,120,0,0,0,37.738,149,8177,0,697.673,74,0,4.19251,705,648,5041,0
1545,2.54541,72,0,0,0,46.526,1667,8170,0,684.211,73,0,3.37181,705,648,5041,0
1571,2.58826,60,0,0,0,39.244,3234,8150,0,672.886,65,0,3.36027,705,648,5041,0
1568,2.58328,63,0,1,0,45.256,2849,8191,1,744.334,69,1,4.00464,706,649,5042,0
1447,2.38397,164,0,0,0,37.213,346,8158,0,730.309,69,0,4.09363,706,649,5042,0
1683,2.77266,216,0,1,0,61.598,5951,8171,1,114.358,73,1,198.642,707,650,5043,0
1643,2.70685,109,0,2,0,70.04,25952,8174,2,138.938,71,2,3.04715,709,652,5045,0
1538,2.53387,115,0,4,0,73.333,9571,8167,4,181.543,52,4,361.378,713,656,5049,0
1729,2.8486,107,0,18,0,72.714,9882,8165,18,453.02,34,18,25.46,731,674,5067,0
1727,2.84532,125,0,6,0,65.653,17470,8191,6,798.384,55,6,3.03067,737,680,5073,0
1618,2.66581,119,0,4,0,77.025,3274,8191,4,1255.26,53,4,4.11341,741,684,5077,0
1607,2.64772,128,0,6,0,71.635,456,8027,6,2210.07,48,6,4.26667,747,690,5083,0
533,0.878176,23,0,0,0,36.68,3458,8191,0,2106.7,60,0,4.37544,747,690,5083,0
857,1.41194,137,0,0,0,36.712,1713,8176,0,167.738,59,0,210.822,747,690,5083,0
1655,2.72655,144,0,3,0,76.495,4250,8030,3,92.9964,52,3,16.4816,750,693,5086,0
1793,2.95418,152,0,3,0,69.527,3835,8173,3,122.405,66,3,6.99246,753,696,5089,0
1749,2.88113,240,0,4,0,58.976,4034,8171,4,166,60,4,241.015,757,700,5093,0
1781,2.93409,278,0,2,0,62.741,2685,8191,2,119.259,62,2,4.85171,759,702,5095,0
1252,2.06269,211,0,6,0,88.849,17862,8087,6,218,38,6,2.50002,765,708,5101,0
1077,1.77437,260,0,11,0,100.354,16312,8098,11,463.728,18,11,154.614,776,719,5112,0
878,1.44652,463,0,37,0,106.102,19028,8191,37,1658,15,29,133.534,813,748,5149,0
1167,1.92264,1617,0,13,0,106.102,19028,8191,13,2992,0,12,133.534,826,760,5162,0
848,1.39704,2448,0,17,0,106.102,19028,8191,17,8643,0,16,133.534,843,776,5179,0
940,1.54866,168,0,2459,0,77.585,14661,8191,47,374,24,11,138.735,890,787,7638,0
968,1.59485,965,0,25,0,78.84,14871,8191,25,1223,4,25,214.261,915,812,7663,0
1210,1.99343,299,0,1432,0,90.21,15083,8174,267,886,10,8,237.024,1182,820,9095,0
1203,1.98205,179,0,17,0,92.954,10344,8191,17,839,25,17,229.003,1199,837,9112,0
1117,1.8403,351,0,38,0,91.251,11988,8177,38,3741,22,35,174.985,1237,872,9150,0
1010,1.66397,135,0,456,0,56.259,4618,8191,40,447.583,28,11,8.95688,1277,883,9606,0
1807,2.97708,115,0,4,0,56.745,7221,8176,4,632.63,62,4,103.475,1281,887,9610,0
1804,2.97189,143,0,3,0,58.45,15649,8175,3,196.707,58,3,20.1699,1284,890,9613,0
1639,2.69998,121,0,3,0,70.271,2608,8171,3,278.782,63,3,3.35038,1287,893,9616,0
1816,2.99203,128,0,4,0,53.199,4780,8165,4,445.884,59,4,4.25019,1291,897,9620,0
1748,2.87996,231,0,8,0,64.598,3203,8176,8,1011,50,8,3.37016,1299,905,9628,0
1718,2.83044,129,0,6,0,58.325,1002,8191,6,2002.33,53,6,3.44926,1305,911,9634,0
619,1.01986,19,0,1,0,32.463,100,8191,1,2131.99,57,1,3.02902,1306,912,9635,0
509,0.838576,58,0,0,0,32.436,165,8180,0,2035.65,47,0,3.30589,1306,912,9635,0
526,0.866265,50,0,1,0,45.097,2375,8185,1,2116.03,38,1,4.25843,1307,913,9636,0
899,1.48122,232,0,7,0,75.293,5884,8159,7,430,36,7,246.462,1314,920,9643,0
981,1.61632,761,0,39,0,98.339,8430,8131,39,1406,6,32,258.858,1353,952,9682,0
568,0.935575,7,0,1295,0,99.958,5743,8191,70,3415.29,3,33,174.035,1423,985,10977,0
1064,1.75296,764,0,69,0,86.357,11156,8189,69,1215,13,53,32.37,1492,1038,11046,0
584,0.962102,697,0,1239,0,80.548,10484,8067,165,1021.48,5,35,96.5843,1657,1073,12285,0
1381,2.27515,970,0,25,0,69.393,8049,8148,363,1150,8,20,80.4751,2020,1093,12310,0
807,1.32956,1723,0,1727,0,69.393,8049,8148,54,1638,0,4,80.4751,2074,1097,14037,0
1347,2.21921,125,0,4,0,71.224,11730,8166,36,384.422,40,4,180.507,2110,1101,14041,0
1724,2.84041,150,0,4,0,55.63,4314,8191,4,150,61,4,88.3806,2114,1105,14045,0
1787,2.94413,183,0,4,0,62.386,514,8173,4,219,55,4,119.945,2118,1109,14049,0
1702,2.80419,130,0,4,0,59.332,3510,8191,4,333,59,4,3.66515,2122,1113,14053,0
1719,2.83222,125,0,5,0,70.346,2390,8178,5,505.625,54,5,10.6477,2127,1118,14058,0
1171,1.92939,196,0,9,0,79.093,7749,8191,9,588,35,8,11.981,2136,1126,14067,0
1046,1.72327,774,0,38,0,94.965,12417,8139,38,2731,7,34,6.73867,2174,1160,14105,0
724,1.19282,1441,0,57,0,94.965,12417,8139,57,11238,0,47,6.73867,2231,1207,14162,0
486,0.800731,228,0,1458,0,64.193,6992,8179,48,1424,23,7,42.0191,2279,1214,15620,0
1008,1.66068,430,0,454,0,76.746,11728,8191,31,259,17,14,261.615,2310,1228,16074,0
1221,2.01152,1643,0,8,0,76.746,11728,8191,8,597,0,8,261.615,2318,1236,16082,0
1103,1.81719,2732,0,14,0,76.746,11728,8191,14,1536,0,13,261.615,2332,1249,16096,0
962,1.58493,47,0,3635,0,79.657,12121,8189,15,2144.36,2,5,237.605,2347,1254,19731,0
1244,2.04911,151,0,17,0,90.333,15168,8186,17,432,33,17,87.8021,2364,1271,19748,0
1546,2.5471,141,0,755,0,80.137,8216,8167,131,368,18,9,207.025,2495,1280,20503,0
1845,3.0387,126,0,3,0,50.847,2654,8187,3,238.132,60,3,16.3679,2498,1283,20506,0
1724,2.84048,114,0,5,0,60.846,878,8170,5,379.711,51,5,3.82171,2503,1288,20511,0
1734,2.85702,80,0,4,0,50.482,158,8155,4,605.24,56,4,3.98816,2507,1292,20515,0
1511,2.48937,72,0,2,0,40.468,3621,8182,2,744.755,63,2,42.3355,2509,1294,20517,0
1758,2.89646,150,0,3,0,64.509,7002,8179,3,148.601,56,3,262.751,2512,1297,20520,0
1578,2.59976,141,0,6,0,66.929,2680,8191,6,246.927,44,6,4.79074,2518,1303,20526,0
1405,2.31471,117,0,5,0,68.778,13870,8175,5,124,43,5,215.362,2523,1308,20531,0
880,1.44979,198,0,15,0,102.943,16043,8191,15,246,19,14,260.913,2538,1322,20546,0
1057,1.74143,981,0,41,0,114.348,16849,8152,41,1148,7,37,253.307,2579,1359,20587,0
1135,1.87006,2067,0,49,0,114.348,16849,8152,49,9587,0,41,253.307,2628,1400,20636,0
574,0.945693,311,0,2117,0,89.313,11817,8191,105,322,12,9,58.1662,2733,1409,22753,0
1225,2.01822,279,0,11,0,90.362,14802,8191,11,501.445,28,11,248.747,2744,1420,22764,0
1198,1.97366,135,0,9,0,93.036,15300,8079,9,445.751,31,9,174.271,2753,1429,22773,0
1039,1.71174,189,0,37,0,95.004,11889,8161,37,1602,24,35,217.554,2790,1464,22810,0
795,1.30966,885,0,28,0,98.139,13602,8191,28,5865,2,26,221.308,2818,1490,22838,0
1235,2.03482,111,0,907,0,64.393,10410,8191,27,212.314,44,2,229.004,2845,1492,23745,0
1810,2.98206,204,0,4,0,63.5,9721,8156,4,162.126,55,4,79.9659,2849,1496,23749,0
1841,3.03333,124,0,5,0,58.509,3662,8150,5,212.545,58,5,102.132,2854,1501,23754,0
1753,2.88811,120,0,3,0,64.372,6117,8168,3,229.609,60,3,211.989,2857,1504,23757,0
1689,2.78259,110,0,5,0,66.357,6459,8191,5,167.775,53,5,271.315,2862,1509,23762,0
1325,2.18294,233,0,7,0,62.452,4903,8191,7,266,32,7,190.512,2869,1516,23769,0
1148,1.89132,194,0,23,0,88.648,8151,8144,23,763,20,20,164.096,2892,1536,23792,0
1263,2.08102,501,0,67,0,92.441,10462,8169,67,6315,25,61,20.478,2959,1597,23859,0
454,0.747997,21,0,888,0,60.446,1674,8181,46,2477.12,13,32,6.07453,3005,1629,24747,0
834,1.37399,198,0,6,0,46.675,7961,8158,6,236,48,5,193.942,3011,1634,24753,0
1106,1.82216,1189,0,86,0,49.89,8412,8162,86,1997,1,58,200.639,3097,1692,24839,0
613,1.00993,254,0,1499,0,59.699,9405,7996,334,590.842,7,18,81.9847,3431,1710,26338,0
1004,1.65409,813,0,69,0,63.497,10029,8191,175,2883,3,59,57.184,3606,1769,26407,0
933,1.53706,409,0,925,0,64.622,7537,8163,97,1068,22,27,11.8689,3703,1796,27332,0
657,1.08238,34,0,848,0,53.732,6177,8181,112,1815.53,12,25,5.65099,3815,1821,28180,0
606,0.998384,31,0,0,0,29.199,294,8181,0,1727.11,63,0,2.70437,3815,1821,28180,0
629,1.03626,35,0,0,0,29.955,2224,8183,0,1663.33,56,0,3.18723,3815,1821,28180,0
1582,2.60643,190,0,4,0,57.699,2561,8191,4,149,58,4,37.0108,3819,1825,28184,0
1612,2.65578,144,0,5,0,59.415,179,8191,5,269,46,5,3.43443,3824,1830,28189,0
1609,2.65098,125,0,4,0,59.287,152,8180,4,185.716,54,4,235.222,3828,1834,28193,0
1557,2.56524,123,0,4,0,63.877,157,8171,4,190.899,57,4,101.848,3832,1838,28197,0
1522,2.50743,138,0,6,0,69.737,1746,8054,6,344,43,6,4.26008,3838,1844,28203,0
1672,2.75466,135,0,4,0,61.532,1028,8159,4,549,62,4,3.24326,3842,1848,28207,0
1566,2.58026,109,0,4,0,65.404,3277,8191,4,180.98,48,4,452.702,3846,1852,28211,0
1656,2.72846,132,0,4,0,63.056,8177,8170,4,144.787,52,4,148.729,3850,1856,28215,0
1652,2.72165,139,0,5,0,67.3,7533,8166,5,149.865,52,5,29.1976,3855,1861,28220,0
1677,2.76285,231,0,7,0,59.709,7120,8191,7,304,50,7,3.5399,3862,1868,28227,0
1710,2.81719,125,0,4,0,61.188,5241,8191,4,432.85,54,4,3.02408,3866,1872,28231,0
1754,2.88981,161,0,4,0,58.073,4835,8191,4,688.575,57,4,3.57946,3870,1876,28235,0
1792,2.9525,160,0,4,0,59.47,6171,8191,4,1085,59,4,3.89752,3874,1880,28239,0
1669,2.74967,114,0,3,0,63.535,5093,8191,3,1460.43,56,3,16.9266,3877,1883,28242,0
1452,2.3921,123,0,9,0,72.095,8063,8043,9,275.374,37,9,79.9115,3886,1892,28251,0
938,1.54535,197,0,10,0,92.434,14105,8135,9,692,29,9,104.671,3895,1901,28261,0
1095,1.804,802,0,30,0,99.041,9805,8161,31,2167,13,27,90.6631,3926,1928,28291,0
733,1.20759,1511,0,1533,0,99.041,9805,8161,24,10030,0,20,90.6631,3950,1948,29824,0
849,1.39874,245,0,20,0,90.007,6034,8169,21,408,34,18,18.5614,3971,1966,29844,0
899,1.48109,977,0,47,0,97.81,6288,8191,47,1894,4,43,11.9908,4018,2009,29891,0
636,1.04781,1175,0,1567,0,101.643,5896,8066,87,3756.38,2,30,9.53368,4105,2039,31458,0
297,0.48931,12,0,0,0,34.233,405,8188,80,3389.68,40,0,2.06165,4185,2039,31458,0
324,0.533771,14,0,0,0,36.144,902,8176,0,3164.42,46,0,2.82138,4185,2039,31458,0
382,0.629346,18,0,0,0,34.86,1733,8183,0,2193.88,50,0,3.6668,4185,2039,31458,0
639,1.05281,53,0,0,0,28.903,4256,8191,0,1355.36,55,0,4.20075,4185,2039,31458,0
1516,2.49774,144,0,2,0,58.22,1238,8181,2,190.898,56,2,4.92422,4187,2041,31460,0
1742,2.86979,189,0,3,0,62.212,10519,8177,3,250.735,61,3,158.541,4190,2044,31463,0
1737,2.86171,126,0,5,0,56.314,4947,8159,5,143.749,51,5,179.543,4195,2049,31468,0
1711,2.8188,123,0,4,0,62.838,4905,8162,4,191.119,57,4,29.0987,4199,2053,31472,0
1718,2.83038,122,0,7,0,63.909,654,8163,7,388,55,7,3.57616,4206,2060,31479,0
1522,2.50751,120,0,8,0,74.631,820,8089,8,885.529,44,8,3.2581,4214,2068,31487,0
1281,2.11062,14,0,2,0,28.601,89,8191,2,1018.83,66,2,271.287,4216,2070,31489,0
1527,2.51578,150,0,3,0,56.926,3868,8183,3,159,63,3,4.0343,4219,2073,31492,0
1687,2.77934,136,0,4,0,64.003,8811,8191,4,227.068,55,4,12.6945,4223,2077,31496,0
1607,2.64746,193,0,5,0,66.721,6169,8167,5,314,47,5,5.78778,4228,2082,31501,0
1551,2.55525,138,0,5,0,70.821,11345,8175,5,497.594,44,5,221.373,4233,2087,31506,0
1597,2.63105,242,0,6,0,65.649,3526,8191,6,243,49,6,62.6932,4239,2093,31512,0
1718,2.83047,126,0,4,0,64.718,3210,8165,4,382.473,53,4,3.708,4243,2097,31516,0
1605,2.64439,140,0,4,0,66.455,1600,8173,3,611,57,4,2.84774,4246,2101,31520,0
1702,2.80409,139,0,4,0,61.317,9013,8153,5,970.434,53,4,3.53331,4251,2105,31524,0
1654,2.72503,124,0,4,0,64.138,2467,8170,4,1517.06,54,4,3.02902,4255,2109,31528,0
1658,2.7316,126,0,3,0,59.115,6912,8165,3,2054.08,58,3,45.8605,4258,2112,31531,0
602,0.991786,32,0,1,0,32.172,969,8191,1,1452.15,61,1,4.33754,4259,2113,31532,0
992,1.63432,138,0,0,0,31.766,3607,8159,0,254.541,55,0,287.004,4259,2113,31532,0
1059,1.74469,116,0,7,0,91.858,12260,8168,7,230.446,21,7,276.297,4266,2120,31539,0
1131,1.86331,225,0,29,0,96.932,7465,8151,29,968,24,28,250.855,4295,2148,31568,0
1284,2.11545,122,0,19,0,84.329,10387,8154,19,807.667,21,19,202.196,4314,2167,31587,0
1010,1.66397,194,0,12,0,95.83,14133,8130,12,819,20,12,246.63,4326,2179,31599,0
1111,1.8304,210,0,18,0,99.361,11474,8133,18,1295.52,28,17,185.001,4344,2196,31617,0
1143,1.88313,212,0,12,0,88.896,15873,8159,12,566,27,12,166.375,4356,2208,31629,0
1182,1.94739,1382,0,12,0,88.896,15873,8159,12,1150,0,12,166.375,4368,2220,31641,0
1184,1.95066,2541,0,25,0,88.896,15873,8159,25,3741,0,24,166.375,4393,2244,31666,0
875,1.44164,257,0,2610,0,67.581,10586,8076,21,201,21,6,115.706,4414,2250,34276,0
1463,2.4103,125,0,9,0,81.717,6345,8166,9,358.451,39,9,12.0568,4423,2259,34285,0
1671,2.75309,187,0,5,0,60.602,348,8156,5,641,55,5,3.36686,4428,2264,34290,0
1636,2.69555,76,0,1,0,43.547,4168,8163,1,694.01,66,1,5.62298,4429,2265,34291,0
1905,3.13854,127,0,1,0,52.798,2580,8044,1,52.9986,75,1,18.1,4430,2266,34292,0
1729,2.84853,130,0,3,0,59.345,862,8162,3,71.9896,56,3,12.1606,4433,2269,34295,0
1586,2.61298,123,0,5,0,66.022,1277,8165,5,116.596,53,5,18.5977,4438,2274,34300,0
1686,2.7776,150,0,7,0,59.799,318,8190,7,270,49,7,3.2993,4445,2281,34307,0
1619,2.66729,123,0,2,0,75.93,8573,8191,2,149.165,58,2,25.3594,4447,2283,34309,0
1329,2.18961,139,0,6,0,65.186,6367,8191,5,235,40,6,267.185,4452,2289,34315,0
1270,2.09239,232,0,9,0,81.955,8627,8158,10,539,31,9,261.913,4462,2298,34324,0
1054,1.73653,744,0,28,0,109.329,16028,8148,28,2390,15,28,126.736,4490,2326,34352,0
811,1.33612,1521,0,34,0,109.329,16028,8148,34,12449,0,30,126.736,4524,2356,34386,0
1033,1.70012,803,0,1546,0,88.378,5933,8159,30,409,15,22,112.357,4554,2378,35932,0
1223,2.0149,1998,0,28,0,88.378,5933,8159,28,1505,0,27,112.357,4582,2405,35960,0
665,1.09557,2631,0,2642,0,88.378,5933,8159,32,3056,0,11,112.357,4614,2416,38602,0
1101,1.81389,179,0,11,0,78.098,11401,8182,138,352,29,11,20.8357,4752,2427,38613,0
1728,2.84687,115,0,833,0,70.035,14964,8175,172,472.308,28,5,18.1692,4924,2432,39446,0
1553,2.55831,243,0,6,0,69.592,3836,8191,6,904,40,6,6.87875,4930,2438,39452,0
1548,2.55035,30,0,6,0,62.677,3643,8176,6,1799.24,46,6,2.84939,4936,2444,39458,0
607,1.00006,20,0,0,0,29.517,2714,8191,0,1721.19,56,0,3.04056,4936,2444,39458,0
831,1.36907,119,0,0,0,28.696,4491,8169,0,182.722,56,0,243.695,4936,2444,39458,0
1703,2.80561,309,0,5,0,64.904,4150,8180,5,202,44,5,206.616,4941,2449,39463,0
1864,3.07104,120,0,4,0,62.796,2113,8186,4,192.873,64,4,4.76107,4945,2453,39467,0
1720,2.8338,198,0,4,0,64.586,7786,8191,4,274.979,57,4,263.411,4949,2457,39471,0
1622,2.67243,207,0,5,0,70.728,1157,8146,5,251.473,52,5,12.6319,4954,2462,39476,0
1564,2.57558,126,0,5,0,73.354,3824,8161,5,453.753,56,5,3.62395,4959,2467,39481,0
1592,2.62304,117,0,5,0,69.203,1076,8157,5,812.604,52,5,3.11472,4964,2472,39486,0
1620,2.66898,118,0,4,0,69.571,283,8191,4,1277.15,51,4,3.59429,4968,2476,39490,0
800,1.31804,30,0,2,0,28.372,1273,8179,2,1420.7,52,2,10.155,4970,2478,39492,0
886,1.45977,37,0,0,0,30.97,2380,8174,0,1039.63,60,0,3.22019,4970,2478,39492,0
1261,2.0775,109,0,0,0,31.748,3968,8155,0,538.829,65,0,77.8383,4970,2478,39492,0
1727,2.84518,124,0,4,0,62.552,8201,8191,4,195.905,58,4,237.935,4974,2482,39496,0
1677,2.76293,128,0,5,0,56.7,10932,8155,5,216.333,52,5,5.38402,4979,2487,39501,0
1693,2.78938,232,0,5,0,59.324,3041,8191,5,239,53,5,148.079,4984,2492,39506,0
1712,2.82049,160,0,7,0,63.541,4489,8063,7,325,50,7,201.081,4991,2499,39513,0
1672,2.75469,224,0,7,0,60.178,2950,8109,7,434,45,7,18.6026,4998,2506,39520,0
1582,2.60645,132,0,5,0,68.533,5275,8184,5,749.231,52,5,56.4984,5003,2511,39525,0
1651,2.72003,134,0,6,0,66.823,7137,8190,5,155,52,6,13.9421,5008,2517,39531,0
1618,2.66571,192,0,8,0,69.83,9498,8191,9,218,43,8,172.104,5017,2525,39539,0
1681,2.76942,149,0,5,0,58.218,2295,8190,5,328.784,58,5,4.04584,5022,2530,39544,0
1666,2.74482,181,0,6,0,70.307,10003,8191,5,220,53,6,77.0934,5027,2536,39550,0
1576,2.59652,113,0,8,0,69.535,8578,8191,9,346.637,38,8,208.543,5036,2544,39558,0
1542,2.54046,131,0,5,0,72.571,1976,8173,5,294.447,50,5,111.814,5041,2549,39563,0
1631,2.68717,184,0,4,0,66.845,6563,8178,4,327,57,4,3.85632,5045,2553,39567,0
1701,2.80135,133,0,4,0,61.668,400,8161,4,523.177,60,4,2.95322,5049,2557,39571,0
1702,2.80406,158,0,7,0,66.531,555,8153,7,1173.78,47,7,41.1522,5056,2564,39578,0
1710,2.81634,227,0,4,0,63.561,1594,8167,4,348,55,4,5.04618,5060,2568,39582,0
1710,2.81729,109,0,4,0,66.621,3915,8072,4,556,54,4,3.33555,5064,2572,39586,0
1715,2.82562,114,0,5,0,59.686,387,8164,5,988.648,58,5,3.19877,5069,2577,39591,0
1240,2.04301,31,0,3,0,36.431,380,8187,3,1308.3,55,3,4.13318,5072,2580,39594,0
827,1.36255,23,0,0,0,28.071,840,8174,0,1263.67,59,0,4.01123,5072,2580,39594,0
860,1.41683,82,0,0,0,27.948,92,8191,0,1226.47,57,0,3.27952,5072,2580,39594,0
885,1.45808,43,0,0,0,28.767,2368,8166,0,1102.36,65,0,95.4653,5072,2580,39594,0
1640,2.70181,198,0,6,0,78.175,1251,8191,6,323,50,6,4.00958,5078,2586,39600,0
1642,2.70533,195,0,10,0,68.745,5766,8092,10,829,37,10,3.22678,5088,2596,39610,0
1716,2.82716,116,0,5,0,66.079,5377,8166,5,249.217,51,5,89.3842,5093,2601,39615,0
1596,2.62898,124,0,7,0,66.674,1755,8182,7,488.426,43,7,3.82006,5100,2608,39622,0
1708,2.81411,125,0,3,0,60.93,2589,8159,3,665.389,60,3,5.41038,5103,2611,39625,0
1625,2.67725,154,0,9,0,63.219,5350,8091,9,1685,43,9,3.47398,5112,2620,39634,0
1638,2.69668,128,0,6,0,57.77,1342,8080,6,458,54,6,6.82766,5118,2626,39640,0
1710,2.81688,198,0,5,0,66.13,5982,8188,5,247,54,5,270.989,5123,2631,39645,0
1767,2.91119,188,0,5,0,66.475,928,8191,5,381.097,58,5,3.86456,5128,2636,39650,0
1642,2.70518,120,0,4,0,67.849,524,8175,4,608.777,56,4,3.75414,5132,2640,39654,0
1663,2.73979,164,0,2,0,70.125,220,8169,2,759.077,59,2,4.38038,5134,2642,39656,0
1701,2.80242,132,0,4,0,57.666,287,8154,4,1197.46,58,4,3.17899,5138,2646,39660,0
1338,2.20436,29,0,1,0,34.252,138,8186,1,1304.76,62,1,4.88467,5139,2647,39661,0
832,1.37069,34,0,0,0,29.853,2827,8185,0,1268.03,58,0,3.50365,5139,2647,39661,0
851,1.40202,28,0,0,0,27.8,2049,8167,0,1226.96,56,0,4.19581,5139,2647,39661,0
882,1.45261,12,0,0,0,31.313,1269,8170,0,1191.01,61,0,3.15592,5139,2647,39661,0
994,1.63757,39,0,0,0,26.569,100,8173,0,943.552,59,0,4.2024,5139,2647,39661,0
1267,2.08752,81,0,0,0,33.524,1982,8191,0,755.386,66,0,3.65856,5139,2647,39661,0
1638,2.69869,112,0,2,0,52.024,2922,8151,2,182.969,66,2,262.078,5141,2649,39663,0
1580,2.6031,115,0,5,0,72.941,209,8177,5,309.961,53,5,3.5877,5146,2654,39668,0
1660,2.7349,217,0,5,0,66.629,1122,8191,5,560,53,5,3.45915,5151,2659,39673,0
1561,2.57182,43,0,7,0,55.165,571,8182,7,1121.22,50,7,3.77392,5158,2666,39680,0
965,1.59,55,0,0,0,40.211,1193,8191,0,1090.41,65,0,3.31578,5158,2666,39680,0
986,1.62457,42,0,0,0,26.724,276,8180,0,1047.24,70,0,13.6817,5158,2666,39680,0
1721,2.83528,198,0,5,0,54.848,290,8179,5,203,54,5,10.3709,5163,2671,39685,0
1616,2.66186,126,0,5,0,62.238,1547,8182,5,366.677,50,5,3.66845,5168,2676,39690,0
1587,2.61463,135,0,7,0,69.906,1358,8191,7,743,46,7,3.52178,5175,2683,39697,0
1508,2.48449,64,0,4,0,60.174,216,8159,4,1037.59,53,4,3.59264,5179,2687,39701,0
1042,1.71599,86,0,0,0,33.672,3425,8185,0,1009.32,65,0,3.65691,5179,2687,39701,0
1072,1.76624,54,0,0,0,26.344,1838,8177,0,982.54,62,0,3.75085,5179,2687,39701,0
1104,1.81887,86,0,0,0,31.38,524,8177,0,958.249,57,0,4.20405,5179,2687,39701,0
1412,2.32637,197,0,2,0,52.473,3114,8191,2,201,63,2,121.746,5181,2689,39703,0
1689,2.78275,111,0,4,0,62.613,397,8191,4,245.806,54,4,4.42982,5185,2693,39707,0
1698,2.7975,110,0,2,0,58.334,5173,8191,2,156.825,65,2,212.61,5187,2695,39709,0
1754,2.88975,124,0,3,0,58.416,1646,8179,3,154.121,59,3,7.02378,5190,2698,39712,0
1624,2.67555,122,0,4,0,69.843,1122,8173,4,220.98,55,4,76.342,5194,2702,39716,0
1596,2.62934,117,0,6,0,63.076,2313,8074,6,310,44,6,47.7788,5200,2708,39722,0
1818,2.99513,129,0,3,0,65.687,11829,8161,3,123.911,62,3,107.056,5203,2711,39725,0
1697,2.79584,131,0,6,0,58.279,480,8173,6,160.535,53,6,12.4012,5209,2717,39731,0
1713,2.82225,138,0,2,0,73.342,4036,8191,2,204,66,2,3.56298,5211,2719,39733,0
1670,2.75143,104,0,3,0,65.4,301,8158,3,258.973,60,3,4.75118,5214,2722,39736,0
1470,2.42185,137,0,4,0,65.079,173,8176,4,416.583,54,4,3.36027,5218,2726,39740,0
1626,2.67878,105,0,3,0,69.175,5203,8154,3,588.602,62,3,3.45091,5221,2729,39743,0
1751,2.88486,120,0,3,0,57.009,8085,8168,3,193.307,62,3,11.4239,5224,2732,39746,0
1681,2.76967,119,0,5,0,63.274,255,8174,5,342,60,5,3.52672,5229,2737,39751,0
1524,2.51076,81,0,5,0,50.576,116,8174,5,486.575,49,5,3.44926,5234,2742,39756,0
1694,2.7909,153,0,5,0,60.918,2186,8180,5,453,58,5,7.73077,5239,2747,39761,0
1595,2.62786,134,0,2,0,67.405,6225,8181,2,569.092,57,2,3.20206,5241,2749,39763,0
1594,2.62602,100,0,7,0,69.107,9182,8181,7,952.133,48,7,150.937,5248,2756,39770,0
1539,2.53547,256,0,5,0,64.009,2071,8178,5,238,51,5,33.7247,5253,2761,39775,0
1608,2.64919,131,0,5,0,66.531,6209,8191,5,173.495,49,5,156.527,5258,2766,39780,0
1591,2.62117,140,0,4,0,61.216,5417,8187,4,132,59,4,83.7415,5262,2770,39784,0
1644,2.70853,124,0,4,0,72.654,7032,8162,4,187.324,52,4,50.0333,5266,2774,39788,0
1695,2.79251,173,0,4,0,65.68,3432,8161,4,274.304,58,4,3.38005,5270,2778,39792,0
1640,2.70183,142,0,3,0,62.153,10397,8191,3,365.893,56,3,3.01914,5273,2781,39795,0
1632,2.68883,128,0,6,0,63.633,2043,8156,6,739.015,57,6,2.76205,5279,2787,39801,0
1646,2.71197,122,0,4,0,62.407,3080,8181,4,315,55,4,33.9158,5283,2791,39805,0
1545,2.54539,275,0,6,0,65.571,3674,8191,6,621,48,6,3.55638,5289,2797,39811,0
1561,2.57185,143,0,4,0,69.734,7393,8177,4,312,53,4,149.538,5293,2801,39815,0
1661,2.7366,140,0,4,0,67.725,6143,8191,4,121.429,51,4,127.441,5297,2805,39819,0
1624,2.67555,144,0,5,0,69.331,656,8190,5,219,54,5,4.1167,5302,2810,39824,0
1565,2.57835,133,0,4,0,69.611,4531,8191,4,347,52,4,26.6004,5306,2814,39828,0
1582,2.60636,145,0,8,0,65.83,8533,8166,8,690.108,43,8,26.3054,5314,2822,39836,0
1668,2.74794,215,0,3,0,69.304,3207,8173,3,151,60,3,8.00104,5317,2825,39839,0
1627,2.68051,152,0,2,0,82.332,5537,8191,2,175.416,63,2,68.8172,5319,2827,39841,0
1763,2.90455,168,0,2,0,64.548,2675,8191,2,219.679,60,2,3.22184,5321,2829,39843,0
1639,2.70018,122,0,6,0,70.872,1059,8173,6,350.758,53,6,283.476,5327,2835,39849,0
1796,2.95892,119,0,3,0,64.587,190,8175,3,349.633,63,3,4.27821,5330,2838,39852,0
1535,2.52896,125,0,5,0,62.935,417,8180,5,628.288,51,5,2.80654,5335,2843,39857,0
1496,2.46462,150,0,4,0,44.806,1163,8191,4,110.407,57,4,77.629,5339,2847,39861,0
1655,2.72669,415,0,2,0,88.441,10634,8191,2,137,53,2,3.74096,5341,2849,39863,0
1659,2.73344,120,0,581,0,66.253,2186,8191,120,139.298,48,1,18.8333,5461,2850,40444,0
1245,2.05108,221,0,10,0,74.708,3100,8149,10,320,33,10,3.54485,5471,2860,40454,0
903,1.4877,529,0,42,0,101.055,11935,8168,42,1538,13,37,160.861,5513,2897,40496,0
875,1.44158,1332,0,72,0,101.055,11935,8168,72,12845,0,63,160.861,5585,2960,40568,0
1213,1.99845,129,0,1343,0,55.75,3589,8158,427,490.231,34,0,4.83853,6012,2960,41911,0
1590,2.61956,125,0,3,0,78.032,10955,8143,3,251.193,54,3,206.199,6015,2963,41914,0
1595,2.62782,187,0,5,0,65.846,3988,8191,5,337,52,5,29.5931,6020,2968,41919,0
1778,2.92914,119,0,2,0,63.691,5266,8180,2,416.919,65,2,3.7904,6022,2970,41921,0
1668,2.74809,131,0,4,0,66.162,230,8191,4,664.142,55,4,3.2581,6026,2974,41925,0
1368,2.25382,71,0,1,0,41.478,1576,8154,1,733.847,63,1,3.23832,6027,2975,41926,0
1181,1.94571,87,0,4,0,39.013,1820,8179,4,1027.52,52,4,3.31083,6031,2979,41930,0
1053,1.73482,55,0,0,0,32.883,1566,8179,0,996.2,69,0,3.00266,6031,2979,41930,0
1087,1.79078,91,0,0,0,30.022,2837,8186,0,970.671,63,0,3.69976,6031,2979,41930,0
1213,1.99855,89,0,0,0,31.389,4482,8144,0,448.749,65,0,94.699,6031,2979,41930,0
1702,2.80423,179,0,4,0,70.109,4374,8186,4,175,54,4,12.4638,6035,2983,41934,0
1643,2.70682,187,0,4,0,63.522,4673,8191,4,251,55,4,101.421,6039,2987,41938,0
1616,2.66237,132,0,6,0,69.233,755,8191,6,429.778,46,6,4.05078,6045,2993,41944,0
1658,2.73157,223,0,5,0,55.66,3894,8191,5,769,52,5,3.87115,6050,2998,41949,0
1658,2.7315,133,0,3,0,60.283,5935,8191,3,111.973,54,3,208.37,6053,3001,41952,0
1659,2.73318,142,0,5,0,78.028,10523,8191,5,148,54,5,263.81,6058,3006,41957,0
1773,2.92103,142,0,3,0,67.254,1654,8191,3,165.406,58,3,15.9658,6061,3009,41960,0
1629,2.68363,153,0,4,0,66.399,5601,8191,4,232.732,50,4,169.045,6065,3013,41964,0
1471,2.42351,224,0,7,0,68.449,3984,8191,7,386,46,7,4.26667,6072,3020,41971,0
1747,2.87821,127,0,4,0,61.047,1288,8170,4,613.867,55,4,3.60088,6076,3024,41975,0
1695,2.79239,133,0,4,0,60.504,3067,8191,4,965.536,57,4,8.09498,6080,3028,41979,0
1588,2.6162,116,0,6,0,74.062,7399,8175,6,221.31,41,6,215.42,6086,3034,41985,0
1618,2.66573,173,0,6,0,65.251,1405,8179,5,355,48,6,4.2881,6091,3040,41991,0
1626,2.67904,109,0,5,0,66.967,4405,8191,6,262.716,51,5,206.638,6097,3045,41996,0
1516,2.4977,164,0,11,0,73.639,3367,8191,11,400,41,11,15.3742,6108,3056,42007,0
1682,2.77114,126,0,9,0,66.779,2927,8180,9,785.589,56,9,2.99936,6117,3065,42016,0
1674,2.7578,138,0,6,0,66.021,457,8181,6,1192.58,51,6,4.25843,6123,3071,42022,0
1806,2.97537,199,0,5,0,71.42,9380,8184,5,159.145,52,5,62.0802,6128,3076,42027,0
1674,2.75792,118,0,4,0,66.706,5224,8144,4,254.844,52,4,3.66845,6132,3080,42031,0
1674,2.75787,174,0,9,0,79.917,4817,8166,9,519.19,42,9,2.95322,6141,3089,42040,0
1584,2.60964,277,0,5,0,66.363,5010,8191,5,929,52,5,3.44762,6146,3094,42045,0
1629,2.68357,117,0,5,0,72.767,1115,8174,5,1645.74,49,5,3.45421,6151,3099,42050,0
1295,2.13346,27,0,2,0,60.803,136,8191,2,2011.33,58,2,2.86258,6153,3101,42052,0
541,0.891293,25,0,0,0,31.408,312,8185,0,1923.14,55,0,2.89059,6153,3101,42052,0
566,0.932428,36,0,0,0,29.096,1010,8190,0,1838.29,59,0,3.50035,6153,3101,42052,0
619,1.01978,29,0,0,0,27.003,425,8191,0,1492.57,55,0,3.45421,6153,3101,42052,0
858,1.41358,46,0,0,0,33.18,1947,8187,0,1070.68,61,0,2.80654,6153,3101,42052,0
1215,2.00172,93,0,0,0,52.905,5052,8191,0,556.179,67,0,10.6148,6153,3101,42052,0
1706,2.81054,205,0,2,0,60.5,4863,8154,2,538.265,55,2,4.01947,6155,3103,42054,0
1722,2.8369,168,0,4,0,76.773,8514,8191,4,283.794,60,4,384.131,6159,3107,42058,0
1658,2.73134,113,0,4,0,65.071,3508,8153,4,129.762,56,4,144.958,6163,3111,42062,0
1651,2.71984,102,0,4,0,65.074,5915,8191,4,144.114,56,4,283.894,6167,3115,42066,0
1690,2.7843,128,0,2,0,72.49,1402,8191,2,79.6487,58,2,174.915,6169,3117,42068,0
1667,2.74643,118,0,5,0,69.504,2072,8191,5,112.099,48,5,213.025,6174,3122,42073,0
1691,2.786,120,0,5,0,72.55,8465,8191,5,169.481,48,5,89.048,6179,3127,42078,0
1528,2.51747,126,0,7,0,72.554,4323,8191,7,288.282,35,7,4.76107,6186,3134,42085,0
1745,2.87511,140,0,3,0,67.274,11481,8167,3,103,61,3,208.924,6189,3137,42088,0
1762,2.90292,125,0,3,0,65.187,3608,8191,3,121.454,56,3,235.85,6192,3140,42091,0
1567,2.58178,225,0,5,0,65.696,5134,8186,5,212,54,5,5.03134,6197,3145,42096,0
1701,2.80234,243,0,1,0,66.992,622,8191,1,238,65,1,4.18262,6198,3146,42097,0
1423,2.3444,182,0,7,0,86.564,12145,8191,7,431,41,7,3.19053,6205,3153,42104,0
1237,2.0379,223,0,6,0,83.084,6424,8191,6,468,30,6,116.57,6211,3159,42110,0
832,1.3707,214,0,23,0,122.882,14610,8169,23,1523,14,21,97.5896,6234,3180,42133,0
1191,1.96218,1040,0,42,0,115.156,16020,8145,42,6450,7,37,148.486,6276,3217,42175,0
706,1.16314,1724,0,22,0,115.156,16020,8145,22,18627,0,20,148.486,6298,3237,42197,0
638,1.05111,278,0,1756,0,96.844,4060,8191,169,1418,15,21,23.0061,6467,3258,43953,0
585,0.963792,26,0,643,0,64.99,1510,8191,66,2065.46,15,17,5.35106,6533,3275,44596,0
526,0.866571,33,0,0,0,35.865,1440,8189,0,1967.91,47,0,2.29566,6533,3275,44596,0
553,0.911056,45,0,0,0,46.822,5736,8191,0,1894.11,46,0,2.26106,6533,3275,44596,0
1104,1.81886,482,0,21,0,71.818,8765,8171,21,475,26,21,241.175,6554,3296,44617,0
1441,2.3741,1900,0,23,0,71.818,8765,8171,23,2208,0,23,241.175,6577,3319,44640,0
1206,1.98697,116,0,2017,0,69.806,4158,8163,181,283.389,38,1,4.95224,6758,3320,46657,0
1761,2.90147,119,0,4,0,60.44,3656,8161,4,393.059,60,4,135.444,6762,3324,46661,0
1745,2.87472,110,0,4,0,54.931,6503,8191,4,253.735,58,4,166.601,6766,3328,46665,0
1625,2.67725,149,0,5,0,64.847,6717,8191,5,204,48,5,189.571,6771,3333,46670,0
1574,2.59319,162,0,8,0,68.067,10463,8159,8,193.103,41,8,97.9884,6779,3341,46678,0
1726,2.84359,118,0,5,0,64.352,5528,8155,5,268.262,56,5,21.2229,6784,3346,46683,0
1660,2.73482,224,0,6,0,63.298,4774,8191,6,541,53,6,3.20701,6790,3352,46689,0
1606,2.6459,161,0,12,0,71.448,3771,8191,12,542,34,12,218.357,6802,3364,46701,0
1631,2.68703,126,0,4,0,71.317,1879,8161,4,147.347,46,4,89.6957,6806,3368,46705,0
1519,2.50253,138,0,3,0,66.601,3373,8191,3,203.214,55,3,90.729,6809,3371,46708,0
1655,2.72658,134,0,4,0,67.601,2177,8191,4,163,55,4,250.862,6813,3375,46712,0
1739,2.865,117,0,11,0,61.984,3536,8172,11,401.083,41,11,17.9171,6824,3386,46723,0
1556,2.56358,217,0,11,0,66.93,7230,8191,11,900,43,11,3.54979,6835,3397,46734,0
1607,2.64746,125,0,4,0,60.071,9070,8191,4,450.88,58,4,5.20109,6839,3401,46738,0
1651,2.71994,173,0,4,0,55.957,10324,8166,4,104,57,4,327.222,6843,3405,46742,0
1661,2.73652,133,0,6,0,60.928,8079,8191,6,154.492,45,6,136.402,6849,3411,46748,0
1626,2.67882,124,0,5,0,66.038,9881,8182,5,203.886,50,5,222.892,6854,3416,46753,0
1467,2.41685,201,0,5,0,81.115,4979,8167,5,255,48,5,13.2565,6859,3421,46758,0
1724,2.8405,168,0,7,0,58.458,4817,8191,7,492,50,7,9.95722,6866,3428,46765,0
1666,2.74492,171,0,7,0,61.715,2586,8191,7,1104.8,43,7,2.98782,6873,3435,46772,0
1761,2.90116,127,0,3,0,67.767,1908,8167,3,1529.78,64,3,4.02442,6876,3438,46775,0
1252,2.06261,14,0,4,0,55.285,182,8191,4,2363.99,51,4,4.13648,6880,3442,46779,0
464,0.764476,28,0,0,0,33.962,67,8188,0,2228.09,57,0,3.98651,6880,3442,46779,0
496,0.81711,25,0,0,0,30.744,68,8191,0,1911.26,61,0,3.88434,6880,3442,46779,0
639,1.05268,44,0,0,0,39.686,2568,8191,0,1375.11,55,0,3.48882,6880,3442,46779,0
1138,1.87483,179,0,1,0,40.931,179,8183,1,279,67,1,16.597,6881,3443,46780,0
1726,2.84365,121,0,4,0,70.607,3156,8191,4,402,63,4,127.527,6885,3447,46784,0
1764,2.90642,107,0,3,0,58.903,5115,8191,3,349.266,61,3,5.11704,6888,3450,46787,0
1676,2.76135,115,0,2,0,65.161,3096,8191,2,361.581,62,2,4.05408,6890,3452,46789,0
1638,2.69865,141,0,6,0,62.949,3052,8191,6,650.492,46,6,2.68954,6896,3458,46795,0
1612,2.65569,545,0,6,0,65.662,3600,8191,6,1199,32,6,58.4447,6902,3464,46801,0
1622,2.67235,160,0,669,0,67.677,3957,8191,120,1619.68,40,4,5.68725,7022,3468,47470,0
1390,2.29011,151,0,4,0,63.6,4674,8182,4,306,63,4,3.55803,7026,3472,47474,0
1597,2.63109,125,0,9,0,61.892,1634,8191,9,622.845,45,9,2.75381,7035,3481,47483,0
1762,2.9029,141,0,5,0,64.982,3526,8165,5,1109,53,5,3.38005,7040,3486,47488,0
1713,2.82224,199,0,3,0,61.161,7944,8176,3,105,55,3,102.927,7043,3489,47491,0
1681,2.76951,136,0,2,0,74.49,9906,8187,2,127.879,64,2,120.823,7045,3491,47493,0
1689,2.7827,128,0,6,0,63.612,8992,8162,6,109.541,49,6,164.141,7051,3497,47499,0
1705,2.80912,109,0,5,0,68.947,2016,8161,5,171.834,53,5,56.5841,7056,3502,47504,0
1551,2.55532,199,0,8,0,73.349,3177,8191,8,370.512,41,8,10.4697,7064,3510,47512,0
1646,2.71176,149,0,4,0,67.317,3738,8191,4,585.382,59,4,2.7983,7068,3514,47516,0
1585,2.61147,221,0,10,0,73.619,3986,8130,10,450,47,10,108.173,7078,3524,47526,0
1615,2.66088,126,0,27,0,65.313,2417,8160,27,2269.44,39,27,3.78216,7105,3551,47553,0
1165,1.91934,9,0,14,0,50.294,1135,8191,14,6120.36,44,14,3.41466,7119,3565,47567,0
195,0.321253,20,0,0,0,38.338,43,8190,0,4022.7,47,0,3.82006,7119,3565,47567,0
403,0.663936,29,0,0,0,35.662,65,8183,0,1997.65,57,0,3.8316,7119,3565,47567,0
660,1.08734,36,0,0,0,33.318,2031,8178,0,1361.31,54,0,4.27656,7119,3565,47567,0
908,1.49594,41,0,0,0,32.851,4837,8183,0,1013.59,59,0,4.00464,7119,3565,47567,0
1471,2.42352,238,0,3,0,54.405,3710,8191,3,234,58,3,234.512,7122,3568,47570,0
1685,2.77624,134,0,4,0,63.585,4056,8191,4,183.852,58,4,71.0651,7126,3572,47574,0
1757,2.89471,142,0,4,0,66.034,9058,8191,4,194.552,57,4,135.85,7130,3576,47578,0
1671,2.75299,119,0,6,0,67.026,7282,8191,6,174.12,50,6,179.068,7136,3582,47584,0
1450,2.38889,115,0,7,0,70.618,3906,8191,7,236.668,42,7,213.428,7143,3589,47591,0
1310,2.1583,395,0,7,0,74.601,10292,8191,7,371,36,7,116.308,7150,3596,47598,0
1470,2.42186,198,0,1353,0,80.865,4463,8177,117,601,12,7,35.076,7267,3603,48951,0
1366,2.25064,107,0,1052,0,74.22,3799,8056,177,1063.17,7,5,15.979,7444,3608,50003,0
1124,1.85191,220,0,38,0,97.456,7029,8191,38,4213.7,25,37,56.8659,7482,3645,50041,0
845,1.39216,32,0,9,0,44.7,284,8188,9,4655.72,43,9,3.93542,7491,3654,50050,0
240,0.395405,11,0,0,0,33.633,39,8187,0,4241.07,45,0,4.75118,7491,3654,50050,0
267,0.439877,25,0,0,0,35.566,1224,8187,0,3516.3,49,0,5.35106,7491,3654,50050,0
680,1.1203,205,0,2,0,52.905,5958,8191,2,794,41,2,94.5639,7493,3656,50052,0
1051,1.73153,117,0,13,0,62.475,9331,8152,13,184.33,27,12,202.653,7506,3668,50065,0
1055,1.73805,170,0,14,0,101.342,6579,8132,14,303.375,28,14,134.315,7520,3682,50079,0
1367,2.25215,124,0,21,0,81.006,11495,8191,21,572.732,34,19,105.498,7541,3701,50100,0
1697,2.79586,213,0,6,0,69.03,3618,8191,6,163,49,6,81.1772,7547,3707,50106,0
1776,2.92615,121,0,3,0,63.549,7372,8191,3,228.916,62,3,3.73602,7550,3710,50109,0
1590,2.61968,126,0,4,0,67.692,530,8191,4,184.558,58,4,12.5611,7554,3714,50113,0
1692,2.7876,117,0,5,0,65.004,2032,8191,5,159,53,5,140.683,7559,3719,50118,0
1524,2.5107,209,0,7,0,70.05,4540,8186,7,313,44,7,8.07026,7566,3726,50125,0
1167,1.92274,205,0,14,0,84.68,8560,8151,14,590,27,14,160.158,7580,3740,50139,0
1011,1.66565,154,0,8,0,110.869,16368,8189,8,580,32,8,168.399,7588,3748,50147,0
1272,2.09562,168,0,12,0,90.443,11715,8191,12,958,29,11,214.99,7600,3759,50159,0
1061,1.74803,266,0,19,0,126.907,12519,8130,19,1795,16,17,243.711,7619,3776,50178,0
1004,1.65412,1210,0,60,0,126.907,12519,8130,60,8313,0,55,243.711,7679,3831,50238,0
469,0.77268,16,0,1424,0,104.155,6129,8191,263,319.822,7,17,167.763,7942,3848,51662,0
959,1.57971,837,0,102,0,99.106,4532,8191,98,4310,2,62,129.111,8040,3910,51764,0
459,0.756209,77,0,909,0,47.628,1332,8167,207,932.819,21,1,10.8307,8247,3911,52673,0
1636,2.69536,276,0,10,0,61.258,5136,8185,10,267,52,10,11.3531,8257,3921,52683,0
1672,2.75418,140,0,4,0,60.88,10936,8191,4,180.461,45,4,255.117,8261,3925,52687,0
1736,2.8601,171,0,4,0,62.93,4958,8149,4,191.496,54,4,247.79,8265,3929,52691,0
1697,2.79582,198,0,1,0,64.888,5740,8164,1,84.2222,64,1,220.27,8266,3930,52692,0
1698,2.79731,127,0,4,0,60.958,3555,8183,4,111.97,57,4,3.44432,8270,3934,52696,0
1522,2.50772,116,0,3,0,63.63,2694,8191,3,159.388,56,3,25.4682,8273,3937,52699,0
1352,2.22757,174,0,6,0,75.717,11361,8191,6,318,38,6,9.32109,8279,3943,52705,0
1119,1.84358,199,0,6,0,86.649,30429,8185,6,558,28,6,31.49,8285,3949,52711,0
962,1.58496,268,0,21,0,116.248,25642,8191,21,1394,18,21,6.13056,8306,3970,52732,0
996,1.64097,1244,0,20,0,116.248,25642,8191,20,5741,0,17,6.13056,8326,3987,52752,0
671,1.10543,1878,0,37,0,116.248,25642,8191,37,16578,0,33,6.13056,8363,4020,52789,0
853,1.40533,498,0,1897,0,72.535,6951,8143,30,268,21,16,124.317,8393,4036,54686,0
1202,1.98037,1691,0,9,0,72.535,6951,8143,9,546,0,9,124.317,8402,4045,54695,0
1053,1.73485,2731,0,13,0,72.535,6951,8143,13,1781,0,13,124.317,8415,4058,54708,0
931,1.53385,125,0,3325,0,53.45,1961,8191,37,189.181,17,13,150.337,8452,4071,58033,0
1680,2.76792,225,0,826,0,59.041,7327,8191,139,281,26,15,180.596,8591,4086,58859,0
1563,2.57495,121,0,3,0,69.763,6095,8171,3,153.965,59,3,71.4738,8594,4089,58862,0
1536,2.53056,259,0,10,0,70.915,7608,8185,10,339,42,10,104.936,8604,4099,58872,0
1743,2.87178,123,0,4,0,57.001,5878,8171,4,260.908,59,4,50.2409,8608,4103,58876,0
1726,2.8438,221,0,9,0,61.991,1226,8191,9,521.347,44,9,3.67339,8617,4112,58885,0
1657,2.73011,81,0,2,0,51.44,1888,8173,2,652.464,67,2,4.76272,8619,4114,58887,0
1642,2.70525,200,0,4,0,63.368,5812,8191,4,228,49,4,19.6672,8623,4118,58891,0
1543,2.54203,111,0,5,0,69.714,3252,8191,5,343.528,50,5,84.1172,8628,4123,58896,0
1611,2.65401,198,0,8,0,74.001,15546,8076,8,759,45,8,2.94662,8636,4131,58904,0
1865,3.07278,118,0,6,0,76.769,2919,8160,6,83.6089,57,6,264.436,8642,4137,58910,0
1759,2.89757,124,0,4,0,66.814,4733,8177,4,87.8036,54,4,14.1728,8646,4141,58914,0
1914,3.15338,176,0,2,0,67.333,7369,8191,2,96.1442,61,2,158.632,8648,4143,58916,0
1773,2.92032,112,0,2,0,63.936,2136,8191,2,114.508,68,2,142.305,8650,4145,58918,0
1684,2.77428,131,0,4,0,64.675,1197,8167,4,159,58,4,5.82074,8654,4149,58922,0
1800,2.96561,117,0,3,0,62.818,2207,8160,3,173.424,59,3,217.088,8657,4152,58925,0
1709,2.81577,135,0,5,0,64.076,2953,8189,5,209,58,5,142.32,8662,4157,58930,0
1552,2.55679,252,0,5,0,72.393,10881,8168,5,358,40,5,3.75085,8667,4162,58935,0


