SendPacket,SendRate(Mb/s),FlightSize,ReceiveRate(Mb/s),Send Loss,Recv Loss,RTT(ms),CWnd,FlowWindow,Retrans,PktSndPeriod(us),RecvACK,RecvNAK,EstimatedBandwidth(Mb/s),Retrans_Total,NAK_TotalRecv,Total Send Loss,Total Recv Loss
325,2.97213,58,0,5,0,107.369,77,8189,5,0,75,5,9.35856,5,5,5,0
176,1.6975,92,0,25,0,193.921,92,8176,25,0,15,23,9.19454,30,28,30,0
130,1.25394,16,0,94,0,165.472,16,8191,94,0,14,2,8.48059,124,30,124,0
182,1.75552,19,0,43,0,52.133,19,8191,43,0,57,4,8.22974,167,34,167,0
234,2.25695,24,0,4,0,99.396,24,8191,4,0,100,4,7.11058,171,38,171,0
263,2.53664,27,0,5,0,92.212,27,8189,5,0,84,5,5.67302,176,43,176,0
266,2.56565,31,0,3,0,103.018,31,8189,3,0,110,3,5.01696,179,46,179,0
274,2.64131,34,0,7,0,73.583,34,8189,7,0,91,7,5.17133,186,53,186,0
320,3.08653,37,0,6,0,77.164,37,8191,6,0,121,6,4.79506,192,59,192,0
408,3.93525,40,0,5,0,86.207,40,8189,5,0,135,5,5.81774,197,64,197,0
328,3.16372,43,0,8,0,104.945,43,8191,8,0,105,8,6.42557,205,72,205,0
320,3.08657,45,0,7,0,128.119,45,8190,7,0,97,7,6.5317,212,79,212,0
341,3.28918,45,0,5,0,101.589,47,8189,5,0,88,5,6.03965,217,84,217,0
348,3.3563,49,0,6,0,104.293,49,8190,6,0,106,6,4.88189,223,90,223,0
364,3.51113,51,0,6,0,106.498,51,8146,6,0,90,6,4.89154,229,96,229,0
316,3.04803,28,0,54,0,64.512,28,8189,54,0,107,2,5.38358,283,98,283,0
298,2.87422,17,0,32,0,45.414,17,8189,32,0,119,2,5.63443,315,100,315,0
324,3.12513,25,0,1,0,71.324,25,8189,1,0,164,1,4.86259,316,101,316,0
337,3.25046,29,0,3,0,62.855,29,8189,3,0,124,3,4.46702,319,104,319,0
303,2.9225,16,0,34,0,44.015,16,8189,34,0,105,3,4.70822,353,107,353,0
367,3.53948,25,0,1,0,60.463,25,8189,1,0,176,1,5.18098,354,108,354,0
362,3.4915,30,0,3,0,75.146,30,8189,3,0,160,3,7.00445,357,111,357,0
281,2.71016,18,0,34,0,46.178,18,8189,34,0,107,3,7.36142,391,114,391,0
328,3.16353,25,0,2,0,63.246,25,8189,2,0,150,2,5.3064,393,116,393,0
328,3.16368,30,0,2,0,75.282,30,8189,2,0,141,2,4.04251,395,118,395,0
329,3.17351,16,0,36,0,38.452,16,8191,36,0,115,3,3.27067,431,121,431,0
377,3.63611,25,0,1,0,60.771,25,8189,1,0,180,1,3.3575,432,122,432,0
346,3.33712,30,0,4,0,78.957,30,8189,4,0,127,4,4.51526,436,126,436,0
296,2.85495,18,0,33,0,44.077,18,8191,33,0,116,2,5.0652,469,128,469,0
344,3.31789,26,0,0,0,60.929,26,8191,0,0,176,0,6.9755,469,128,469,0
361,3.48186,31,0,5,0,70.328,31,8169,5,0,148,5,5.75021,474,133,474,0
345,3.32768,35,0,3,0,78.555,35,8191,3,0,139,3,6.03965,477,136,477,0
328,3.16373,38,0,6,0,95.653,38,8189,6,0,116,6,5.05555,483,142,483,0
361,3.48084,42,0,5,0,91.489,42,8189,5,0,127,5,5.46077,488,147,488,0
342,3.29856,44,0,8,0,90.538,44,8190,8,0,113,8,5.89493,496,155,496,0
328,3.16182,46,0,7,0,114.762,46,8191,7,0,102,7,4.94942,503,162,503,0
353,3.40486,49,0,5,0,97.915,49,8191,5,0,111,5,5.44147,508,167,508,0
345,3.32755,50,0,9,0,113.244,50,8190,9,0,86,9,5.62478,517,176,517,0
344,3.31796,25,0,56,0,48.023,25,8189,51,0,91,5,5.68267,568,181,573,0
215,2.07381,7,0,32,0,41.039,7,8190,32,0,81,2,4.62139,600,183,605,0
268,2.58498,18,0,0,0,38.443,18,8189,0,0,138,0,3.89779,600,183,605,0
337,3.25035,26,0,1,0,60.926,26,8191,1,0,171,1,4.43808,601,184,606,0
341,3.28897,30,0,3,0,76.07,30,8189,3,0,124,3,5.71162,604,187,609,0
321,3.09604,34,0,3,0,83.404,34,8191,3,0,122,3,5.87563,607,190,612,0
326,3.14432,37,0,3,0,87.933,37,8191,3,0,117,3,5.75021,610,193,615,0
329,3.17335,39,0,7,0,95.156,39,8191,7,0,98,7,5.18098,617,200,622,0
332,3.20215,24,0,41,0,52.981,24,8189,41,0,141,1,4.93978,658,201,663,0
327,3.154,29,0,4,0,61.616,29,8191,4,0,126,4,5.02661,662,205,667,0
347,3.34688,22,0,29,0,50.364,22,8189,29,0,156,0,4.40914,691,205,696,0
389,3.7521,29,0,1,0,69.991,29,8189,1,0,183,1,4.15829,692,206,697,0
348,3.35653,33,0,4,0,56.815,33,8189,4,0,127,4,3.78202,696,210,701,0
346,3.33726,36,0,5,0,73.283,36,8189,5,0,126,5,4.53456,701,215,706,0
322,3.10578,39,0,5,0,82.355,39,8191,5,0,113,5,5.59584,706,220,711,0
324,3.12515,21,0,45,0,52.052,21,8189,45,0,99,4,5.63443,751,224,756,0
292,2.81635,15,0,25,0,40.139,15,8191,25,0,131,1,5.90458,776,225,781,0
332,3.2021,24,0,1,0,54.827,24,8189,1,0,169,1,5.39323,777,226,782,0
292,2.81638,19,0,24,0,45.026,19,8189,24,0,130,0,5.71162,801,226,806,0
324,3.12518,26,0,1,0,61.931,26,8191,1,0,152,1,5.0652,802,227,807,0
352,3.3951,31,0,1,0,80.663,31,8189,1,0,166,1,5.35464,803,228,808,0
367,3.53967,35,0,6,0,81.406,35,8156,6,0,136,6,5.09414,809,234,814,0
376,3.62656,39,0,6,0,75.627,39,8189,6,0,137,6,4.42843,815,240,820,0
370,3.56893,42,0,3,0,93.441,42,8191,3,0,133,3,5.85634,818,243,823,0
351,3.38545,45,0,4,0,99.747,45,8189,4,0,128,4,5.75021,822,247,827,0
253,2.44025,24,0,48,0,56.408,24,8191,48,0,96,3,5.7888,870,250,875,0
330,3.18282,29,0,2,0,80.004,29,8191,2,0,142,2,5.83704,872,252,877,0
335,3.23108,34,0,5,0,79.582,34,8189,5,0,140,5,6.21331,877,257,882,0
259,2.49804,21,0,34,0,85.488,21,8189,34,0,108,0,5.7695,911,257,916,0
333,3.212,28,0,2,0,65.599,28,8190,2,0,156,2,4.73717,913,259,918,0
347,3.34706,32,0,2,0,66.554,32,8189,2,0,137,2,4.35125,915,261,920,0
333,3.21193,36,0,3,0,91.761,36,8191,3,0,143,3,3.67589,918,264,923,0
317,3.05747,23,0,36,0,71.249,23,8189,36,0,134,0,3.56976,954,264,959,0
335,3.23105,29,0,4,0,71.106,29,8191,4,0,144,4,3.47328,958,268,963,0
313,3.01891,4,0,36,0,78.663,4,8189,36,0,101,4,5.10379,994,272,999,0
310,2.99002,23,0,0,0,57.227,23,8189,0,0,154,0,5.95282,994,272,999,0
320,3.08645,28,0,3,0,68.308,28,8191,3,0,127,3,5.01696,997,275,1002,0
356,3.43377,33,0,4,0,94.694,33,8189,4,0,151,4,5.63443,1001,279,1006,0
348,3.35645,36,0,3,0,117.227,36,8189,3,0,130,3,5.19062,1004,282,1009,0
314,3.02856,39,0,6,0,98.536,39,8191,6,0,106,6,5.27746,1010,288,1015,0
310,2.99008,20,0,44,0,58.758,20,8191,44,0,94,4,4.74682,1054,292,1059,0
312,3.00953,27,0,1,0,67.958,27,8191,1,0,148,1,4.63104,1055,293,1060,0
244,2.35347,15,0,45,0,43.509,2,8191,30,0,105,1,5.43182,1085,294,1105,0
128,1.23457,12,0,0,0,60.473,12,8190,15,0,64,0,5.48006,1100,294,1105,0
188,1.81327,9,0,19,0,98.559,9,8190,19,0,89,1,5.3064,1119,295,1124,0
208,2.00622,17,0,1,0,69.566,17,8190,1,0,105,1,4.38984,1120,296,1125,0
191,1.84218,20,0,4,0,67.625,20,8171,4,0,58,4,4.07146,1124,300,1129,0
199,1.91936,15,0,22,0,50.243,15,8191,4,0,93,2,3.80131,1128,302,1151,0
187,1.80322,20,0,2,0,69.06,20,8191,2,0,82,2,3.28032,1130,304,1153,0
191,1.84229,13,0,23,0,55.545,13,8189,23,0,83,1,3.28997,1153,305,1176,0
203,1.95786,19,0,1,0,76.707,19,8189,1,0,95,1,3.60835,1154,306,1177,0
277,2.67159,25,0,4,0,55.71,25,8191,4,0,123,4,3.49258,1158,310,1181,0
344,3.31801,30,0,1,0,66.436,30,8189,1,0,149,1,5.55725,1159,311,1182,0
310,2.99017,21,0,31,0,45.793,21,8191,31,0,137,1,5.3257,1190,312,1213,0
373,3.59762,28,0,0,0,66.623,28,8189,0,0,188,0,5.81774,1190,312,1213,0
363,3.50119,33,0,4,0,66.999,33,8189,4,0,146,4,5.88528,1194,316,1217,0
310,2.99023,20,0,36,0,42.728,20,8189,36,0,134,1,6.40627,1230,317,1253,0
355,3.42415,27,0,1,0,75.233,27,8189,1,0,170,1,6.86938,1231,318,1254,0
320,3.0864,31,0,4,0,80.519,31,8191,4,0,126,4,6.28085,1235,322,1258,0
370,3.56871,35,0,3,0,91.214,35,8191,3,0,128,3,6.5317,1238,325,1261,0
346,3.33737,38,0,3,0,101.157,38,8189,3,0,129,3,5.36429,1241,328,1264,0
372,3.58808,41,0,6,0,94.423,41,8150,6,0,109,6,5.5476,1247,334,1270,0
341,3.28889,44,0,5,0,114.381,44,8191,5,0,112,5,4.03286,1252,339,1275,0
313,3.01901,46,0,8,0,110.041,46,8189,8,0,85,8,3.8592,1260,347,1283,0
317,3.05752,48,0,7,0,99.196,48,8191,7,0,98,7,3.73378,1267,354,1290,0
323,3.11534,26,0,50,0,61.198,26,8191,50,0,107,2,4.06181,1317,356,1340,0
293,2.82592,16,0,30,0,40.024,16,8189,30,0,129,1,4.24512,1347,357,1370,0
371,3.57799,25,0,0,0,57.82,25,8191,0,0,189,0,3.8592,1347,357,1370,0
252,2.43047,29,0,2,0,118.242,29,8189,2,0,104,2,4.54421,1349,359,1372,0
315,3.03831,4,0,39,0,67.344,2,8191,39,0,113,3,4.8047,1388,362,1411,0
177,1.70726,13,0,0,0,38.268,13,8189,0,0,89,0,5.75021,1388,362,1411,0
240,2.31505,20,0,0,0,73.024,20,8191,0,0,124,0,6.06859,1388,362,1411,0
354,3.41449,27,0,2,0,65.099,27,8190,2,0,167,2,6.52205,1390,364,1413,0
369,3.55912,33,0,1,0,92.286,33,8159,1,0,160,1,5.85634,1391,365,1414,0
232,2.23757,9,0,40,0,110.468,9,8189,40,0,80,5,5.35464,1431,370,1454,0
332,3.20212,24,0,0,0,84.606,24,8189,0,0,163,0,4.81435,1431,370,1454,0
320,3.08646,29,0,5,0,71.89,29,8189,5,0,126,5,4.50562,1436,375,1459,0
350,3.37583,33,0,4,0,77.663,33,8189,4,0,137,4,4.74682,1440,379,1463,0
363,3.5013,37,0,7,0,74.577,37,8190,7,0,134,7,5.65373,1447,386,1470,0
345,3.32752,40,0,4,0,79.578,40,8189,4,0,104,4,5.72126,1451,390,1474,0
327,3.15386,42,0,6,0,97.396,42,8189,6,0,109,6,5.82739,1457,396,1480,0
369,3.55901,45,0,6,0,110.849,45,8187,6,0,104,6,5.77915,1463,402,1486,0
300,2.89363,23,0,48,0,62.35,23,8169,48,0,90,3,5.94317,1511,405,1534,0
329,3.17365,28,0,3,0,74.91,28,8189,3,0,133,3,5.36429,1514,408,1537,0
286,2.75873,3,0,36,0,81.941,3,8159,36,0,103,4,5.37394,1550,412,1573,0
322,3.10585,23,0,1,0,54.249,23,8191,1,0,157,1,4.79506,1551,413,1574,0
254,2.4498,14,0,27,0,44.844,14,8189,27,0,99,1,4.19688,1578,414,1601,0
337,3.25041,23,0,0,0,45.993,23,8189,0,0,171,0,4.30301,1578,414,1601,0
304,2.93222,15,0,28,0,40.246,15,8190,12,0,145,1,4.24512,1590,415,1629,0
327,3.154,23,0,0,0,51.564,23,8189,0,0,167,0,5.45112,1590,415,1629,0
346,3.33743,29,0,1,0,78.122,29,8189,1,0,165,1,6.09754,1591,416,1630,0
364,3.51073,34,0,4,0,81.367,34,8189,4,0,139,4,6.14578,1595,420,1634,0
329,3.17285,37,0,4,0,81.131,37,8189,4,0,120,4,3.93638,1599,424,1638,0
345,3.32751,40,0,5,0,93.428,40,8189,5,0,120,5,3.88814,1604,429,1643,0
327,3.154,24,0,43,0,56.185,24,8190,43,0,137,3,4.38984,1647,432,1686,0
294,2.83578,28,0,3,0,64.731,28,8191,3,0,104,3,4.88189,1650,435,1689,0
353,3.40479,33,0,3,0,71.682,33,8189,3,0,149,3,5.5669,1653,438,1692,0
339,3.27019,36,0,3,0,74.28,36,8189,3,0,112,3,5.26781,1656,441,1695,0
310,2.99004,39,0,6,0,86.804,39,8189,6,0,105,6,7.00445,1662,447,1701,0
333,3.21198,42,0,5,0,83.984,42,8191,5,0,114,5,7.87277,1667,452,1706,0
303,2.92267,16,0,49,0,79.201,16,8189,49,0,84,6,6.84043,1716,458,1755,0
272,2.62354,26,0,1,0,64.857,26,8190,1,0,138,1,6.96586,1717,459,1756,0
283,2.72974,5,0,31,0,85.893,5,8190,31,0,117,1,6.19402,1748,460,1787,0
183,1.76507,19,0,0,0,57.311,19,8191,0,0,93,0,5.48971,1748,460,1787,0
273,2.63323,25,0,1,0,65.68,25,8189,1,0,129,1,5.15203,1749,461,1788,0
240,2.31491,14,0,29,0,48.471,14,8189,29,0,93,2,4.48632,1778,463,1817,0
335,3.23121,22,0,1,0,49.708,22,8189,1,0,161,1,4.24512,1779,464,1818,0
302,2.91308,28,0,0,0,74.646,28,8189,0,0,154,0,5.41253,1779,464,1818,0
311,2.9997,5,0,35,0,90.066,5,8189,35,0,113,3,5.97211,1814,467,1853,0
287,2.76813,22,0,0,0,57.711,22,8189,0,0,141,0,5.79845,1814,467,1853,0
324,3.12495,28,0,2,0,66.135,28,8191,2,0,145,2,5.0459,1816,469,1855,0
291,2.80671,3,0,35,0,66.595,3,8160,9,0,105,4,4.89154,1825,473,1890,0
298,2.87423,22,0,0,0,49.203,22,8191,0,0,149,0,4.65034,1825,473,1890,0
279,2.69104,27,0,1,0,81.406,27,8189,1,0,141,1,5.61514,1826,474,1891,0
238,2.2956,17,0,30,0,50.92,17,8189,30,0,95,1,5.29675,1856,475,1921,0
301,2.90336,24,0,1,0,60.072,24,8189,1,0,145,1,4.76611,1857,476,1922,0
315,3.03821,28,0,3,0,81.587,28,8189,3,0,130,3,5.27746,1860,479,1925,0
335,3.23115,34,0,1,0,91.831,34,8189,1,0,159,1,5.71162,1861,480,1926,0
316,3.04792,36,0,2,0,105.636,37,8189,2,0,130,2,5.85634,1863,482,1928,0
351,3.38579,40,0,7,0,98.807,40,8189,7,0,125,7,5.72126,1870,489,1935,0
350,3.37597,43,0,5,0,95.367,43,8189,5,0,99,5,4.33195,1875,494,1940,0
230,2.21856,23,0,46,0,72.661,23,8191,46,0,88,3,3.80131,1921,497,1986,0
225,2.17014,3,0,30,0,64.556,3,8189,30,0,90,1,5.03626,1951,498,2016,0
196,1.89058,11,0,0,0,35.065,14,8189,0,0,103,0,5.35464,1951,498,2016,0
351,3.38552,23,0,0,0,57.68,23,8190,0,0,175,0,5.2871,1951,498,2016,0
354,3.41464,30,0,0,0,80.624,30,8189,0,0,179,0,5.88528,1951,498,2016,0
335,3.23118,34,0,3,0,76.981,34,8191,3,0,126,3,6.16507,1954,501,2019,0
324,3.12521,37,0,6,0,88.23,37,8190,6,0,130,6,7.24565,1960,507,2025,0
291,2.80676,19,0,43,0,45.155,19,8191,43,0,85,4,6.54134,2003,511,2068,0
311,2.9997,26,0,1,0,55.654,26,8189,1,0,147,1,6.68606,2004,512,2069,0
312,3.00941,18,0,28,0,45.764,18,8189,28,0,141,1,6.28085,2032,513,2097,0
332,3.20233,25,0,2,0,60.621,25,8189,2,0,146,2,7.44826,2034,515,2099,0
323,3.1153,28,0,3,0,82.797,30,8189,3,0,140,3,7.60262,2037,518,2102,0
242,2.33427,19,0,31,0,62.469,19,8191,31,0,101,1,6.48346,2068,519,2133,0
348,3.35659,26,0,1,0,69.217,26,8189,1,0,164,1,6.00106,2069,520,2134,0
337,3.25043,31,0,2,0,73.429,31,8189,2,0,145,2,5.20992,2071,522,2136,0
363,3.50117,35,0,4,0,75.116,35,8189,4,0,136,4,5.53795,2075,526,2140,0
289,2.78733,19,0,40,0,45.94,19,8189,40,0,105,3,5.47042,2115,529,2180,0
323,3.11538,26,0,0,0,77.333,26,8189,0,0,168,0,6.31944,2115,529,2180,0
323,3.11554,31,0,3,0,66.627,31,8189,3,0,137,3,5.69232,2118,532,2183,0
315,3.03809,34,0,3,0,71.86,34,8189,3,0,116,3,5.12309,2121,535,2186,0
298,2.87432,4,0,39,0,92.718,4,8189,39,0,84,3,5.38358,2160,538,2225,0
318,3.06748,24,0,1,0,52.913,24,8189,1,0,144,1,5.07485,2161,539,2226,0
329,3.17356,4,0,31,0,72.995,4,8190,31,0,141,2,5.75986,2192,541,2257,0
285,2.749,21,0,0,0,54.923,21,8191,0,0,139,0,5.10379,2192,541,2257,0
344,3.31805,28,0,1,0,61.361,28,8189,1,0,168,1,6.45451,2193,542,2258,0
337,3.2503,33,0,3,0,82.518,33,8189,3,0,156,3,5.68267,2196,545,2261,0
282,2.71909,21,0,35,0,60.968,21,8191,35,0,114,2,5.67302,2231,547,2296,0
336,3.2409,28,0,0,0,70.391,28,8189,0,0,169,0,4.49597,2231,547,2296,0
302,2.91287,31,0,3,0,72.685,31,8191,3,0,113,3,3.90744,2234,550,2299,0
296,2.85495,21,0,33,0,56.041,21,8191,33,0,132,1,3.77237,2267,551,2332,0
335,3.23109,28,0,1,0,64.212,28,8191,1,0,158,1,4.01357,2268,552,2333,0
380,3.66503,33,0,4,0,67.447,33,8189,4,0,150,4,4.62139,2272,556,2337,0
277,2.67165,3,0,40,0,78.335,3,8156,40,0,91,5,4.52491,2312,561,2377,0
299,2.88389,23,0,0,0,62.079,23,8190,0,0,147,0,5.37394,2312,561,2377,0
380,3.6656,30,0,1,0,63.245,30,8191,1,0,179,1,4.31266,2313,562,2378,0
280,2.70081,18,0,33,0,45.921,18,8191,33,0,123,2,4.61174,2346,564,2411,0
337,3.25083,25,0,1,0,64.889,25,8189,1,0,161,1,3.91709,2347,565,2412,0
332,3.2022,30,0,3,0,68.936,30,8189,3,0,143,3,4.1197,2350,568,2415,0
354,3.41429,35,0,2,0,86.405,35,8190,2,0,152,2,5.16168,2352,570,2417,0
293,2.82601,20,0,38,0,52.746,20,8189,38,0,124,2,5.97211,2390,572,2455,0
342,3.29862,27,0,1,0,78.999,27,8189,1,0,165,1,5.97211,2391,573,2456,0
272,2.62238,6,0,33,0,72.835,6,8189,33,0,96,3,5.77915,2424,576,2489,0
289,2.78762,22,0,0,0,55.069,22,8189,0,0,144,0,5.11344,2424,576,2489,0
345,3.32742,28,0,1,0,77.704,28,8189,1,0,165,1,4.59245,2425,577,2490,0
316,3.04788,32,0,4,0,76.929,32,8190,4,0,119,4,4.53456,2429,581,2494,0
313,3.01897,35,0,3,0,81.874,35,8189,3,0,114,3,5.05555,2432,584,2497,0
396,3.81981,40,0,2,0,87.988,40,8189,2,0,169,2,6.78254,2434,586,2499,0
327,3.15405,42,0,7,0,85.319,42,8190,7,0,89,7,7.03339,2441,593,2506,0
367,3.54018,45,0,3,0,111.019,45,8189,3,0,149,3,7.74734,2444,596,2509,0
336,3.24093,47,0,52,0,102.586,2,8190,52,0,80,5,6.95621,2496,601,2561,0
334,3.2215,28,0,1,0,77.854,28,8189,1,0,159,1,6.13613,2497,602,2562,0
318,3.06724,32,0,2,0,83.013,32,8189,2,0,139,2,4.72752,2499,604,2564,0
387,3.73278,37,0,4,0,76.393,37,8170,4,0,146,4,4.46702,2503,608,2568,0
334,3.22148,40,0,3,0,93.189,40,8189,3,0,116,3,4.37054,2506,611,2571,0
270,2.60425,12,0,45,0,78.131,12,8189,45,0,73,4,4.62139,2551,615,2616,0
318,3.06709,26,0,2,0,67.057,26,8189,2,0,147,2,4.81435,2553,617,2618,0
320,3.08668,17,0,30,0,51.771,17,8189,30,0,144,1,5.43182,2583,618,2648,0
318,3.06723,24,0,0,0,65.142,24,8190,0,0,163,0,6.96586,2583,618,2648,0
352,3.39525,30,0,1,0,77.534,30,8189,1,0,167,1,6.46416,2584,619,2649,0
338,3.26006,34,0,4,0,72.318,34,8190,4,0,112,4,5.20027,2588,623,2653,0
270,2.60427,18,0,38,0,43.369,18,8189,38,0,94,3,4.95907,2626,626,2691,0
313,3.01881,25,0,1,0,68.455,25,8189,1,0,158,1,4.88189,2627,627,2692,0
243,2.34376,15,0,28,0,43.542,15,8189,28,0,95,1,5.2871,2655,628,2720,0
317,3.05773,23,0,1,0,52.892,23,8189,1,0,151,1,4.62139,2656,629,2721,0
268,2.58512,28,0,0,0,70.635,28,8189,0,0,141,0,4.68893,2656,629,2721,0
327,3.1542,32,0,4,0,72.347,32,8191,4,0,125,4,4.85294,2660,633,2725,0
280,2.70081,19,0,35,0,49.255,19,8189,35,0,118,1,4.68893,2695,634,2760,0
262,2.52699,10,0,24,0,56.324,12,8189,24,0,120,1,4.19688,2719,635,2784,0
275,2.65244,20,0,0,0,67.202,20,8189,0,0,139,0,4.46702,2719,635,2784,0
331,3.19264,26,0,2,0,62.946,26,8191,2,0,145,2,3.99427,2721,637,2786,0
334,3.2217,32,0,2,0,79.207,32,8191,2,0,158,2,4.48632,2723,639,2788,0
269,2.59452,21,0,32,0,47.731,21,8191,32,0,117,0,4.63104,2755,639,2820,0
354,3.41434,27,0,2,0,63.078,27,8191,2,0,155,2,5.44147,2757,641,2822,0
346,3.33682,32,0,2,0,75.017,32,8190,2,0,150,2,6.2905,2759,643,2824,0
300,2.89361,3,0,42,0,85.377,2,8156,42,0,101,4,5.66338,2801,647,2866,0
116,1.11881,11,0,3,0,47.352,11,8189,3,0,60,0,5.90458,2804,647,2869,0
287,2.76819,20,0,0,0,51.864,20,8189,0,0,144,0,5.63443,2804,647,2869,0
326,3.1446,26,0,1,0,66.336,26,8191,1,0,157,1,6.12648,2805,648,2870,0
344,3.31823,32,0,4,0,75.656,32,8190,4,0,149,4,6.47381,2809,652,2874,0
325,3.13456,36,0,2,0,111.017,36,8190,2,0,137,2,6.2712,2811,654,2876,0
309,2.98052,39,0,1,0,93.397,39,8189,1,0,144,1,7.2167,2812,655,2877,0
319,3.07683,3,0,44,0,94.365,3,8150,44,0,121,2,7.0141,2856,657,2921,0
295,2.84534,26,0,0,0,57.24,26,8189,0,0,145,0,7.53509,2856,657,2921,0
344,3.318,31,0,4,0,78.833,31,8191,4,0,148,4,6.84043,2860,661,2925,0
290,2.79722,21,0,31,0,59.396,21,8191,31,0,126,0,6.57994,2891,661,2956,0
349,3.36617,27,0,2,0,60.728,27,8190,2,0,166,2,5.85634,2893,663,2958,0
326,3.14434,32,0,2,0,78.566,32,8190,2,0,143,2,4.57315,2895,665,2960,0
279,2.69098,18,0,36,0,45.863,18,8189,36,0,89,2,4.3223,2931,667,2996,0
363,3.50142,26,0,1,0,63.941,26,8189,1,0,175,1,4.49597,2932,668,2997,0
360,3.47232,31,0,2,0,95.2,31,8189,2,0,158,2,4.53456,2934,670,2999,0
367,3.53986,36,0,2,0,69.363,36,8189,2,0,155,2,4.67928,2936,672,3001,0
254,2.44973,20,0,39,0,60.26,20,8189,39,0,88,2,4.6021,2975,674,3040,0
383,3.69432,28,0,0,0,64.881,28,8189,0,0,193,0,5.10379,2975,674,3040,0
360,3.47248,33,0,4,0,83.669,33,8189,4,0,157,4,4.6021,2979,678,3044,0
342,3.29873,36,0,4,0,91.813,36,8156,4,0,126,4,4.74682,2983,682,3048,0
323,3.11517,40,0,1,0,114.96,40,8189,1,0,148,1,5.23886,2984,683,3049,0
347,3.34704,44,0,1,0,105.687,44,8189,1,0,159,1,5.40288,2985,684,3050,0
324,3.12489,23,0,49,0,55.826,23,8189,49,0,109,4,4.69858,3034,688,3099,0
358,3.45302,30,0,1,0,72.722,30,8189,1,0,181,1,4.37054,3035,689,3100,0
254,2.44989,20,0,30,0,44.169,20,8189,30,0,108,0,4.37054,3065,689,3130,0
323,3.11538,27,0,0,0,75.738,27,8189,0,0,164,0,4.8047,3065,689,3130,0
369,3.55903,32,0,4,0,74.893,32,8189,4,0,144,4,5.23886,3069,693,3134,0
351,3.38572,36,0,1,0,81.353,36,8189,1,0,159,1,5.26781,3070,694,3135,0
349,3.36616,40,0,4,0,83.672,40,8191,4,0,140,4,5.58619,3074,698,3139,0
268,2.58484,23,0,42,0,59.632,23,8169,42,0,99,2,5.5669,3116,700,3181,0
327,3.15386,29,0,0,0,70.149,29,8189,0,0,167,0,5.18098,3116,700,3181,0
351,3.38557,34,0,2,0,87.115,34,8189,2,0,148,2,4.46702,3118,702,3183,0
247,2.38234,19,0,36,0,86.552,19,8189,36,0,102,1,4.6021,3154,703,3219,0
285,2.74897,25,0,1,0,73.058,25,8191,1,0,134,1,4.62139,3155,704,3220,0
343,3.30819,31,0,1,0,73.159,31,8160,1,0,161,1,5.47042,3156,705,3221,0
343,3.30819,34,0,4,0,75.077,34,8189,4,0,130,4,7.0141,3160,709,3225,0
373,3.59762,39,0,3,0,96.723,39,8191,3,0,160,3,6.60888,3163,712,3228,0
342,3.29863,42,0,7,0,85.857,42,8162,7,0,121,7,5.20027,3170,719,3235,0
320,3.08639,24,0,43,0,53.581,24,8191,43,0,128,1,4.38019,3213,720,3278,0
306,2.95138,29,0,3,0,72.484,29,8175,3,0,135,3,4.14864,3216,723,3281,0
358,3.4528,34,0,3,0,77.975,34,8189,3,0,161,3,4.18723,3219,726,3284,0
356,3.43363,38,0,5,0,93.214,38,8189,5,0,147,5,4.53456,3224,731,3289,0
312,3.00937,3,0,44,0,112.517,3,8151,44,0,90,4,5.03626,3268,735,3333,0
313,3.01893,25,0,1,0,56.218,25,8191,1,0,145,1,5.70197,3269,736,3334,0
361,3.48189,30,0,34,0,65.311,2,8189,34,0,130,4,6.47381,3303,740,3368,0
242,2.33413,20,0,1,0,52.769,20,8172,1,0,108,1,6.08789,3304,741,3369,0
346,3.33723,27,0,2,0,60.434,27,8190,2,0,165,2,7.10093,3306,743,3371,0
305,2.94181,31,0,2,0,66.151,31,8191,2,0,117,2,7.87277,3308,745,3373,0
359,3.46277,35,0,4,0,93.529,35,8174,4,0,145,4,6.88867,3312,749,3377,0
368,3.54944,39,0,4,0,97.166,39,8189,4,0,141,4,4.5635,3316,753,3381,0
361,3.48173,42,0,6,0,102.714,42,8189,6,0,108,6,4.86259,3322,759,3387,0
363,3.50122,44,0,7,0,102.626,44,8189,7,0,122,7,5.40288,3329,766,3394,0
270,2.60435,23,0,52,0,61.504,23,8189,52,0,80,6,6.21331,3381,772,3446,0
328,3.16384,28,0,2,0,69.537,28,8189,2,0,142,2,6.07824,3383,774,3448,0
335,3.23114,33,0,2,0,82.527,33,8189,2,0,142,2,5.87563,3385,776,3450,0
305,2.94181,17,0,37,0,48.741,17,8191,37,0,114,2,5.16168,3422,778,3487,0
325,3.13474,25,0,0,0,59.547,25,8189,0,0,166,0,4.3223,3422,778,3487,0
350,3.37577,30,0,3,0,63.14,30,8189,3,0,137,3,4.5635,3425,781,3490,0
312,3.00651,34,0,3,0,71.476,34,8189,3,0,126,3,4.46702,3428,784,3493,0
284,2.73927,6,0,39,0,82.663,6,8189,39,0,108,2,5.31605,3467,786,3532,0
334,3.2217,24,0,1,0,51.29,24,8191,1,0,156,1,5.75986,3468,787,3533,0
283,2.72961,29,0,1,0,100.656,29,8189,1,0,133,1,5.72126,3469,788,3534,0
342,3.29862,33,0,35,0,79.336,2,8189,35,0,128,2,5.86598,3504,790,3569,0
212,2.04492,15,0,16,0,52.824,15,8189,16,0,113,0,4.74682,3520,790,3585,0
218,2.10277,21,0,0,0,78.457,21,8189,0,0,114,0,4.27406,3520,790,3585,0
339,3.26995,27,0,2,0,61.806,27,8189,2,0,149,2,5.92387,3522,792,3587,0
304,2.93206,32,0,3,0,93.461,32,8190,3,0,129,3,5.72126,3525,795,3590,0
333,3.2119,3,0,38,0,76.989,3,8156,38,0,123,3,7.27459,3563,798,3628,0
292,2.81657,23,0,0,0,83.755,23,8189,0,0,142,0,6.30979,3563,798,3628,0
342,3.29773,29,0,1,0,69.912,29,8191,1,0,173,1,6.7343,3564,799,3629,0
271,2.61401,3,0,38,0,77.958,3,8189,38,0,80,3,6.03965,3602,802,3667,0
135,1.3021,12,0,0,0,36.571,12,8189,0,0,69,0,5.3064,3602,802,3667,0
252,2.4306,20,0,0,0,45.566,20,8191,0,0,128,0,5.53795,3602,802,3667,0
366,3.53037,28,0,0,0,62.043,28,8189,0,0,187,0,5.55725,3602,802,3667,0
382,3.68422,33,0,2,0,68.541,33,8189,2,0,164,2,5.15203,3604,804,3669,0
336,3.24086,36,0,4,0,86.564,36,8166,4,0,126,4,4.96872,3608,808,3673,0
365,3.52041,40,0,4,0,89.244,40,8189,4,0,129,4,4.40914,3612,812,3677,0
348,3.35649,43,0,3,0,104.278,43,8189,3,0,120,3,5.03626,3615,815,3680,0
334,3.22161,3,0,50,0,87.059,3,8149,50,0,85,5,5.3257,3665,820,3730,0
340,3.2789,27,0,0,0,68.057,27,8189,0,0,162,0,4.99766,3665,820,3730,0
350,3.37482,32,0,3,0,62.994,32,8191,3,0,137,3,3.70483,3668,823,3733,0
296,2.85234,12,0,38,0,66.947,12,8189,38,0,85,4,3.41539,3706,827,3771,0
362,3.49179,25,0,0,0,59.757,25,8189,0,0,180,0,3.33821,3706,827,3771,0
359,3.46269,30,0,2,0,73.177,30,8189,2,0,159,2,5.0652,3708,829,3773,0
283,2.72958,34,0,3,0,81.934,34,8189,3,0,113,3,4.96872,3711,832,3776,0
332,3.20223,23,0,34,0,49.729,23,8189,34,0,145,0,5.57654,3745,832,3810,0
312,3.00916,28,0,3,0,75.625,28,8191,3,0,136,3,5.31605,3748,835,3813,0
302,2.91281,33,0,34,0,79.724,2,8189,34,0,135,1,5.20027,3782,836,3847,0
294,2.8359,22,0,0,0,47.557,22,8191,0,0,145,0,4.39949,3782,836,3847,0
307,2.96111,28,0,1,0,85.098,28,8191,1,0,142,1,4.6021,3783,837,3848,0
284,2.73924,13,0,33,0,63.017,13,8191,33,0,111,2,4.70822,3816,839,3881,0
297,2.86449,22,0,1,0,62.411,22,8190,1,0,151,1,5.11344,3817,840,3882,0
317,3.05771,28,0,0,0,67.373,28,8189,0,0,151,0,5.88528,3817,840,3882,0
338,3.2603,32,0,3,0,69.85,32,8191,3,0,128,3,4.53456,3820,843,3885,0
329,3.17327,36,0,4,0,95.97,36,8189,4,0,120,4,4.14864,3824,847,3889,0
293,2.82611,38,0,5,0,99.436,38,8189,5,0,95,5,4.3416,3829,852,3894,0
374,3.60732,41,0,6,0,80.746,41,8189,6,0,115,6,4.45738,3835,858,3900,0
341,3.28896,44,0,2,0,113.088,44,8189,2,0,135,2,4.35125,3837,860,3902,0
314,3.02864,46,0,7,0,106.936,46,8191,7,0,74,7,4.16794,3844,867,3909,0
342,3.29859,4,0,51,0,96.836,4,8190,51,0,104,3,4.19688,3895,870,3960,0
310,2.98998,28,0,1,0,89.772,28,8191,1,0,136,1,4.85294,3896,871,3961,0
247,2.38234,16,0,32,0,40.42,16,8191,32,0,95,2,4.75646,3928,873,3993,0
336,3.24078,24,0,0,0,70.073,24,8189,0,0,170,0,4.92048,3928,873,3993,0
368,3.54944,30,0,4,0,66.587,30,8191,4,0,160,4,4.5635,3932,877,3997,0
334,3.22138,34,0,3,0,72.413,34,8191,3,0,125,3,5.13274,3935,880,4000,0
297,2.86468,37,0,2,0,84.592,37,8191,2,0,117,2,6.58958,3937,882,4002,0
213,2.05462,13,0,42,0,97.41,13,8189,42,0,67,3,5.24851,3979,885,4044,0
268,2.58505,24,0,0,0,68.974,24,8191,0,0,137,0,6.12648,3979,885,4044,0
305,2.94184,29,0,2,0,68.304,29,8163,2,0,135,2,4.6021,3981,887,4046,0
313,3.01891,5,0,35,0,75.906,5,8191,35,0,129,2,4.92048,4016,889,4081,0
346,3.33724,24,0,0,0,59.126,24,8189,0,0,173,0,4.35125,4016,889,4081,0
335,3.23119,29,0,3,0,65.736,29,8189,3,0,135,3,4.3609,4019,892,4084,0
308,2.97069,33,0,2,0,90.096,33,8189,2,0,144,2,4.03286,4021,894,4086,0
327,3.15398,3,0,38,0,72.949,3,8155,38,0,116,2,4.47667,4059,896,4124,0
193,1.86152,14,0,3,0,34.964,14,8189,3,0,97,0,5.83704,4062,896,4127,0
358,3.45294,23,0,0,0,50.549,23,8189,0,0,182,0,7.4772,4062,896,4127,0
377,3.63619,30,0,3,0,56.735,30,8190,3,0,168,3,7.12022,4065,899,4130,0
342,3.29849,33,0,3,0,62.47,33,8189,3,0,118,3,6.35803,4068,902,4133,0
360,3.4722,37,0,3,0,80.35,37,8189,3,0,132,3,5.10379,4071,905,4136,0
336,3.2409,40,0,4,0,95.085,40,8151,4,0,101,4,4.48632,4075,909,4140,0
267,2.57551,42,0,5,0,102.241,42,8189,5,0,95,5,5.43182,4080,914,4145,0
399,3.84846,2,0,49,0,99.887,3,8148,49,0,119,4,5.09414,4129,918,4194,0
334,3.22164,27,0,0,0,56.886,27,8189,0,0,162,0,4.83365,4129,918,4194,0
167,1.61063,10,0,32,0,42.899,10,8189,32,0,69,1,4.47667,4161,919,4226,0
267,2.57511,19,0,0,0,50.402,19,8189,0,0,136,0,4.94942,4161,919,4226,0
367,3.5397,26,0,2,0,58.233,26,8189,2,0,165,2,5.44147,4163,921,4228,0
353,3.40472,31,0,3,0,70.327,31,8189,3,0,137,3,4.74682,4166,924,4231,0
320,3.0863,35,0,3,0,94.832,35,8190,3,0,135,3,4.44773,4169,927,4234,0
357,3.44319,38,0,5,0,84.954,38,8189,5,0,113,5,4.27406,4174,932,4239,0
262,2.52718,22,0,40,0,53.701,22,8189,40,0,99,2,4.79506,4214,934,4279,0
367,3.53974,29,0,2,0,67.016,29,8191,2,0,172,2,6.15542,4216,936,4281,0
324,3.12506,18,0,32,0,36.522,18,8191,32,0,130,1,6.20366,4248,937,4313,0
343,3.30809,25,0,1,0,52.447,25,8189,1,0,163,1,6.44486,4249,938,4314,0
265,2.55579,16,0,29,0,32.321,16,8189,29,0,103,2,6.72466,4278,940,4343,0
373,3.59778,25,0,0,0,65.154,25,8189,0,0,188,0,6.95621,4278,940,4343,0
225,2.17033,7,0,32,0,40.968,7,8189,32,0,98,1,5.7695,4310,941,4375,0
192,1.85185,16,0,0,0,40.65,16,8189,0,0,100,0,5.34499,4310,941,4375,0
274,2.64276,23,0,0,0,59.054,23,8189,0,0,138,0,5.14238,4310,941,4375,0
332,3.20217,29,0,1,0,55.655,29,8189,1,0,155,1,4.74682,4311,942,4376,0
373,3.59743,34,0,2,0,81.795,34,8189,2,0,175,2,4.93013,4313,944,4378,0
361,3.48185,38,0,5,0,73.649,38,8189,5,0,148,5,4.57315,4318,949,4383,0
306,2.95164,23,0,38,0,53.52,24,8189,38,0,132,0,5.00731,4356,949,4421,0
326,3.14431,29,0,1,0,74.879,29,8189,1,0,153,1,4.98802,4357,950,4422,0
310,2.98998,33,0,5,0,76.053,33,8189,5,0,112,5,5.22922,4362,955,4427,0
383,3.69388,37,0,5,0,74.383,37,8189,5,0,127,5,4.23547,4367,960,4432,0
320,3.08655,39,0,4,0,76.282,39,8189,4,0,91,4,4.29336,4371,964,4436,0
316,3.04779,3,0,44,0,87.999,3,8150,44,0,104,3,4.26442,4415,967,4480,0
298,2.87445,25,0,1,0,57.822,25,8167,1,0,136,1,4.88189,4416,968,4481,0
395,3.81014,31,0,1,0,70.568,31,8190,1,0,186,1,5.75986,4417,969,4482,0
361,3.4821,36,0,2,0,89.734,36,8189,2,0,152,2,5.69232,4419,971,4484,0
353,3.40467,40,0,1,0,96.623,40,8189,1,0,159,1,5.85634,4420,972,4485,0
325,3.13456,43,0,5,0,95.174,43,8189,5,0,109,5,6.47381,4425,977,4490,0
352,3.39504,26,0,45,0,54.203,26,8191,34,0,142,2,6.30979,4459,979,4535,0
357,3.4434,31,0,3,0,73.111,31,8189,3,0,146,3,4.48632,4462,982,4538,0
293,2.82604,34,0,4,0,77.636,34,8189,4,0,101,4,4.01357,4466,986,4542,0
362,3.49161,38,0,4,0,79.362,38,8191,4,0,149,4,4.74682,4470,990,4546,0
376,3.62659,41,0,4,0,93.434,41,8174,4,0,128,4,4.48632,4474,994,4550,0
357,3.44318,44,0,5,0,90.892,44,8191,5,0,111,5,4.74682,4479,999,4555,0
379,3.65549,47,0,6,0,103.753,47,8189,6,0,148,6,4.67928,4485,1005,4561,0
334,3.22148,49,0,6,0,90.591,49,8191,6,0,88,6,6.32909,4491,1011,4567,0
272,2.6234,27,0,51,0,77.55,27,8189,51,0,103,2,6.11683,4542,1013,4618,0
379,3.6558,32,0,3,0,73.526,32,8159,3,0,164,3,4.93013,4545,1016,4621,0
348,3.3567,37,0,2,0,75.518,37,8189,2,0,163,2,4.74682,4547,1018,4623,0
349,3.36602,40,0,6,0,91.123,40,8189,6,0,104,6,4.47667,4553,1024,4629,0
253,2.44017,22,0,41,0,61.448,22,8189,41,0,102,1,4.57315,4594,1025,4670,0
363,3.50131,29,0,1,0,68.604,29,8189,1,0,173,1,4.85294,4595,1026,4671,0
302,2.91286,18,0,33,0,50.573,18,8189,33,0,132,1,5.81774,4628,1027,4704,0
263,2.53667,24,0,0,0,65.809,24,8189,0,0,135,0,6.36768,4628,1027,4704,0
258,2.48843,16,0,28,0,69.34,16,8189,28,0,105,2,6.2519,4656,1029,4732,0
256,2.46911,22,0,0,0,97.525,22,8189,0,0,131,0,6.72466,4656,1029,4732,0
362,3.49147,29,0,1,0,74.293,29,8189,1,0,174,1,6.02035,4657,1030,4733,0
275,2.65239,15,0,35,0,50.794,15,8190,35,0,90,4,5.86598,4692,1034,4768,0
313,3.01887,23,0,1,0,60.93,23,8190,1,0,159,1,5.36429,4693,1035,4769,0
308,2.97064,28,0,4,0,69.335,28,8189,4,0,110,4,4.47667,4697,1039,4773,0
335,3.23129,15,0,34,0,55.905,15,8191,34,0,129,3,4.26442,4731,1042,4807,0
364,3.51096,24,0,0,0,52.889,24,8189,0,0,184,0,4.07146,4731,1042,4807,0
326,3.14448,4,0,32,0,62.562,4,8189,32,0,137,3,4.37054,4763,1045,4839,0
295,2.84546,21,0,0,0,57.21,21,8189,0,0,148,0,4.78541,4763,1045,4839,0
322,3.10582,27,0,1,0,67.038,27,8189,1,0,151,1,5.36429,4764,1046,4840,0
317,3.05757,15,0,33,0,67.479,15,8189,33,0,131,2,6.81149,4797,1048,4873,0
306,2.95135,23,0,0,0,77.589,23,8189,0,0,159,0,7.75699,4797,1048,4873,0
388,3.74238,30,0,1,0,70.537,30,8189,1,0,186,1,6.31944,4798,1049,4874,0
264,2.54634,4,0,39,0,72.059,4,8189,39,0,90,3,6.17472,4837,1052,4913,0
174,1.67829,14,0,0,0,49.573,14,8189,0,0,91,0,6.10718,4837,1052,4913,0
316,3.04781,22,0,0,0,54.008,22,8189,0,0,159,0,5.99141,4837,1052,4913,0
290,2.79703,28,0,0,0,110.954,28,8189,0,0,148,0,6.40627,4837,1052,4913,0
373,3.59764,34,0,1,0,87.134,34,8189,1,0,175,1,5.99141,4838,1053,4914,0
307,2.96113,18,0,39,0,56.136,18,8189,39,0,99,3,4.28371,4877,1056,4953,0
347,3.34703,25,0,1,0,65.069,25,8189,1,0,166,1,3.51187,4878,1057,4954,0
355,3.42436,31,0,2,0,71.312,31,8189,2,0,156,2,3.89779,4880,1059,4956,0
303,2.92264,21,0,33,0,63.603,21,8189,33,0,132,1,4.39949,4913,1060,4989,0
311,2.99961,27,0,0,0,62.486,27,8189,0,0,159,0,5.27746,4913,1060,4989,0
358,3.45282,32,0,3,0,74.682,32,8189,3,0,143,3,5.31605,4916,1063,4992,0
374,3.60729,36,0,4,0,94.984,36,8189,4,0,161,4,5.48006,4920,1067,4996,0
354,3.41437,40,0,5,0,82.741,40,8189,5,0,124,5,5.10379,4925,1072,5001,0
238,2.29559,23,0,42,0,60.981,23,8191,42,0,92,2,5.5476,4967,1074,5043,0
363,3.50128,29,0,2,0,70.515,29,8178,2,0,161,2,5.71162,4969,1076,5045,0
349,3.36629,33,0,5,0,78.329,33,8158,5,0,119,5,5.10379,4974,1081,5050,0
374,3.6073,38,0,1,0,84.088,38,8189,1,0,173,1,4.14864,4975,1082,5051,0
368,3.54945,41,0,5,0,94.177,41,8191,5,0,148,5,3.60835,4980,1087,5056,0
380,3.66516,45,0,1,0,113.045,45,8189,1,0,154,1,3.8592,4981,1088,5057,0
379,3.6555,47,0,6,0,97.626,47,8191,6,0,105,6,4.0811,4987,1094,5063,0
330,3.18289,50,0,7,0,109.243,50,8190,7,0,120,7,4.48632,4994,1101,5070,0
331,3.19271,51,0,7,0,129.841,51,8153,7,0,90,7,5.63443,5001,1108,5077,0
312,3.00932,53,0,5,0,124.043,53,8191,5,0,101,5,4.86259,5006,1113,5082,0
349,3.36611,55,0,5,0,128.715,55,8189,5,0,100,5,4.3609,5011,1118,5087,0
331,3.19252,57,0,6,0,106.802,57,8189,6,0,89,6,3.08736,5017,1124,5093,0
332,3.20222,58,0,9,0,134.457,58,8191,9,0,85,9,2.74968,5026,1133,5102,0
384,3.70378,60,0,5,0,139.987,60,8189,5,0,113,5,3.12595,5031,1138,5107,0
385,3.71118,62,0,7,0,88.101,62,8191,7,0,109,7,5.92387,5038,1145,5114,0
295,2.84531,31,0,64,0,88.236,31,8191,64,0,81,2,6.92726,5102,1147,5178,0
286,2.75851,21,0,32,0,41.963,21,8189,32,0,123,1,7.12022,5134,1148,5210,0
370,3.56832,28,0,1,0,59.679,28,8189,1,0,177,1,6.39662,5135,1149,5211,0
220,2.12192,17,0,30,0,60.533,17,8189,30,0,95,1,7.77629,5165,1150,5241,0
331,3.1927,25,0,0,0,66.809,25,8189,0,0,167,0,6.0493,5165,1150,5241,0
332,3.19979,30,0,3,0,64.607,30,8191,3,0,132,3,5.71162,5168,1153,5244,0
170,1.6397,8,0,35,0,38.373,8,8191,35,0,71,1,5.53795,5203,1154,5279,0
289,2.78744,19,0,0,0,47.525,19,8191,0,0,145,0,3.91709,5203,1154,5279,0
330,3.18289,26,0,1,0,63.77,26,8189,1,0,158,1,3.99427,5204,1155,5280,0
373,3.59764,31,0,2,0,73.2,31,8160,2,0,161,2,5.14238,5206,1157,5282,0
254,2.44879,19,0,33,0,56.522,19,8191,33,0,106,1,5.88528,5239,1158,5315,0
370,3.56861,27,0,0,0,72.475,27,8189,0,0,187,0,7.33248,5239,1158,5315,0
345,3.32774,32,0,2,0,80.305,32,8189,2,0,147,2,5.58619,5241,1160,5317,0
309,2.98028,19,0,35,0,47.268,19,8191,35,0,131,1,4.35125,5276,1161,5352,0
350,3.37561,26,0,0,0,61.399,26,8189,0,0,176,0,4.09075,5276,1161,5352,0
376,3.62569,32,0,2,0,68.119,32,8189,2,0,165,2,4.5635,5278,1163,5354,0
293,2.82412,3,0,39,0,91.743,3,8156,39,0,100,4,5.70197,5317,1167,5393,0
264,2.54609,22,0,0,0,54.409,22,8189,0,0,130,0,5.67302,5317,1167,5393,0
357,3.44327,28,0,2,0,67.606,28,8191,2,0,155,2,4.90118,5319,1169,5395,0
292,2.81655,33,0,1,0,99.273,33,8189,1,0,137,1,5.44147,5320,1170,5396,0
267,2.5749,20,0,35,0,69.47,20,8189,35,0,112,1,5.25816,5355,1171,5431,0
335,3.23114,26,0,1,0,72.141,26,8165,1,0,159,1,6.14578,5356,1172,5432,0
335,3.23109,31,0,3,0,66.627,31,8191,3,0,144,3,6.13613,5359,1175,5435,0
233,2.24481,6,0,39,0,54.35,6,8191,39,0,70,3,4.93978,5398,1178,5474,0
234,2.25697,16,0,0,0,58.932,16,8189,0,0,118,0,4.63104,5398,1178,5474,0
329,3.17344,24,0,1,0,60.255,24,8190,1,0,168,1,4.63104,5399,1179,5475,0
353,3.40479,30,0,1,0,84.744,30,8190,1,0,167,1,4.52491,5400,1180,5476,0
281,2.71049,20,0,31,0,48.524,20,8191,31,0,117,1,4.65998,5431,1181,5507,0
262,2.52711,26,0,0,0,106.327,26,8189,0,0,136,0,4.75646,5431,1181,5507,0
319,3.07624,31,0,2,0,76.714,31,8191,2,0,134,2,5.65373,5433,1183,5509,0
282,2.71997,35,0,0,0,115.777,35,8189,0,0,147,0,5.81774,5433,1183,5509,0
359,3.46169,39,0,2,0,86.023,39,8189,2,0,145,2,4.76611,5435,1185,5511,0
311,2.99973,21,0,45,0,44.764,21,8189,45,0,95,5,4.45738,5480,1190,5556,0
316,3.04799,27,0,0,0,72.276,27,8191,0,0,160,0,4.72752,5480,1190,5556,0
308,2.97084,16,0,32,0,60.856,16,8191,32,0,113,3,4.89154,5512,1193,5588,0
310,2.9901,23,0,1,0,51.926,23,8191,1,0,145,1,5.0845,5513,1194,5589,0
373,3.59777,30,0,1,0,69.458,30,8189,1,0,178,1,5.15203,5514,1195,5590,0
336,3.24084,34,0,3,0,82.64,34,8190,3,0,142,3,4.97837,5517,1198,5593,0
258,2.4885,18,0,37,0,65.88,18,8189,37,0,92,2,5.17133,5554,1200,5630,0
322,3.10566,26,0,0,0,79.371,26,8189,0,0,165,0,4.38984,5554,1200,5630,0
284,2.73926,19,0,27,0,52.23,19,8191,27,0,128,1,4.43808,5581,1201,5657,0
296,2.85487,25,0,0,0,62.458,25,8189,0,0,149,0,4.71787,5581,1201,5657,0
323,3.1154,30,0,3,0,79.841,30,8191,3,0,138,3,5.22922,5584,1204,5660,0
364,3.51086,35,0,1,0,87.766,35,8189,1,0,168,1,6.67642,5585,1205,5661,0
300,2.89376,20,0,38,0,94.327,20,8189,38,0,129,1,7.44826,5623,1206,5699,0
271,2.60655,22,0,0,0,108.366,26,8191,0,0,138,0,5.72126,5623,1206,5699,0
350,3.37572,31,0,4,0,69.515,31,8168,4,0,152,4,4.93013,5627,1210,5703,0
232,2.23766,16,0,35,0,90.056,16,8189,35,0,80,2,5.21957,5662,1212,5738,0
339,3.26973,24,0,0,0,62.197,24,8191,0,0,171,0,5.75021,5662,1212,5738,0
295,2.84535,30,0,1,0,72.093,30,8189,1,0,139,1,6.66677,5663,1213,5739,0
368,3.54941,34,0,3,0,81.672,34,8191,3,0,158,3,8.05608,5666,1216,5742,0
227,2.18968,6,0,41,0,61.239,6,8189,41,0,81,2,7.7184,5707,1218,5783,0
161,1.553,14,0,0,0,78.163,14,8190,0,0,82,0,6.5317,5707,1218,5783,0
308,2.97086,22,0,0,0,58.136,22,8189,0,0,156,0,6.45451,5707,1218,5783,0
333,3.21183,28,0,2,0,66.646,28,8189,2,0,147,2,5.70197,5709,1220,5785,0
349,3.36617,33,0,2,0,74.607,33,8189,2,0,149,2,4.86259,5711,1222,5787,0
330,3.1831,36,0,3,0,76.094,36,8189,3,0,122,3,4.79506,5714,1225,5790,0
381,3.67488,41,0,0,0,86.596,41,8191,0,0,196,0,5.97211,5714,1225,5790,0
365,3.52051,45,0,6,0,92.583,45,8190,6,0,144,6,6.34838,5720,1231,5796,0
335,3.23118,47,0,5,0,117.896,47,8191,5,0,106,5,6.47381,5725,1236,5801,0
364,3.51089,49,0,8,0,95.586,49,8189,8,0,91,8,5.18098,5733,1244,5809,0
283,2.72959,25,0,54,0,81.166,25,8189,54,0,85,4,4.74682,5787,1248,5863,0
374,3.60733,31,0,3,0,70.031,31,8191,3,0,164,3,5.2871,5790,1251,5866,0
349,3.3662,35,0,3,0,82.363,35,8191,3,0,131,3,4.97837,5793,1254,5869,0
310,2.99011,38,0,4,0,103.02,38,8189,4,0,125,4,6.61853,5797,1258,5873,0
389,3.75183,42,0,3,0,92.414,42,8189,3,0,144,3,7.05269,5800,1261,5876,0
327,3.15412,44,0,5,0,97.579,44,8189,5,0,107,5,6.83078,5805,1266,5881,0
252,2.43078,25,0,45,0,73.413,25,8191,45,0,98,1,5.96246,5850,1267,5926,0
357,3.44354,30,0,3,0,77.447,30,8191,3,0,146,3,5.96246,5853,1270,5929,0
358,3.45316,34,0,5,0,75.929,34,8175,5,0,146,5,5.97211,5858,1275,5934,0
381,3.67482,38,0,6,0,82.751,38,8189,6,0,133,6,5.91422,5864,1281,5940,0
396,3.81921,42,0,3,0,102.727,42,8189,3,0,165,3,5.16168,5867,1284,5943,0
320,3.08645,45,0,7,0,103.838,45,8190,7,0,121,7,4.48632,5874,1291,5950,0
374,3.60726,47,0,6,0,113.692,47,8151,6,0,103,6,4.44773,5880,1297,5956,0
364,3.51084,49,0,6,0,126.131,49,8189,6,0,111,6,4.07146,5886,1303,5962,0
227,2.18951,19,0,52,0,78.178,19,8189,52,0,60,2,3.88814,5938,1305,6014,0
312,3.00927,30,0,0,0,92.247,30,8189,0,0,156,0,4.06181,5938,1305,6014,0
334,3.22145,34,0,4,0,92.611,34,8189,4,0,139,4,5.73091,5942,1309,6018,0
360,3.47231,38,0,4,0,87.028,38,8189,4,0,131,4,6.32909,5946,1313,6022,0
298,2.87417,20,0,41,0,58.252,20,8189,41,0,106,2,4.76611,5987,1315,6063,0
379,3.65564,28,0,0,0,67.582,28,8189,0,0,192,0,4.65998,5987,1315,6063,0
345,3.32777,33,0,2,0,74.122,33,8189,2,0,144,2,4.30301,5989,1317,6065,0
359,3.46266,37,0,2,0,75.528,37,8189,2,0,150,2,4.75646,5991,1319,6067,0
252,2.43054,22,0,38,0,73.82,22,8189,38,0,104,1,5.15203,6029,1320,6105,0
338,3.26009,28,0,1,0,70.109,28,8189,1,0,161,1,6.44486,6030,1321,6106,0
370,3.56874,34,0,2,0,83.186,34,8189,2,0,172,2,6.48346,6032,1323,6108,0
351,3.38546,37,0,6,0,72.973,37,8191,6,0,128,6,5.81774,6038,1329,6114,0
270,2.6042,5,0,43,0,75.18,5,8191,43,0,98,1,5.55725,6081,1330,6157,0
203,1.95803,15,0,0,0,53.819,15,8189,0,0,104,0,5.5476,6081,1330,6157,0
322,3.10587,23,0,0,0,55.547,23,8189,0,0,164,0,6.56064,6081,1330,6157,0
316,3.04801,29,0,1,0,85.144,29,8189,1,0,150,1,5.17133,6082,1331,6158,0
369,3.55914,34,0,1,0,77.246,34,8189,1,0,172,1,5.07485,6083,1332,6159,0
260,2.50772,5,0,42,0,65.297,5,8191,42,0,93,2,4.44773,6125,1334,6201,0
109,1.05136,7,0,9,0,72.706,7,8191,9,0,55,0,4.50562,6134,1334,6210,0
192,1.85175,16,0,0,0,38.962,16,8191,0,0,98,0,5.0845,6134,1334,6210,0
266,2.56579,23,0,0,0,93.783,23,8189,0,0,136,0,5.74056,6134,1334,6210,0
372,3.58835,29,0,2,0,73.596,29,8189,2,0,165,2,7.90171,6136,1336,6212,0
233,2.24737,18,0,30,0,60.874,18,8191,30,0,99,1,7.92101,6166,1337,6242,0
362,3.49169,26,0,1,0,58.405,26,8189,1,0,170,1,5.29675,6167,1338,6243,0
347,3.34692,31,0,3,0,61.931,31,8190,3,0,147,3,4.71787,6170,1341,6246,0
384,3.7036,35,0,37,0,81.659,2,8190,37,0,147,2,4.43808,6207,1343,6283,0
303,2.92246,23,0,1,0,53.741,23,8189,1,0,147,1,5.89493,6208,1344,6284,0
294,2.83581,24,0,2,0,67.732,28,8189,2,0,127,2,5.41253,6210,1346,6286,0
271,2.61379,18,0,31,0,45.044,18,8189,31,0,116,1,5.37394,6241,1347,6317,0
332,3.20218,25,0,0,0,60.721,25,8191,0,0,169,0,4.5828,6241,1347,6317,0
335,3.23126,30,0,2,0,77.572,30,8189,2,0,144,2,4.20653,6243,1349,6319,0
333,3.2114,34,0,3,0,71.894,34,8189,3,0,128,3,4.77576,6246,1352,6322,0
367,3.53991,39,0,2,0,86.655,39,8189,2,0,154,2,5.57654,6248,1354,6324,0
352,3.3952,41,0,5,0,88.175,41,8189,5,0,105,5,5.39323,6253,1359,6329,0
362,3.49153,44,0,5,0,86.547,44,8189,5,0,102,5,4.77576,6258,1364,6334,0
383,3.6941,46,0,4,0,86.995,46,8186,4,0,134,4,4.73717,6262,1368,6338,0
330,3.18296,49,0,3,0,113.51,49,8189,3,0,123,3,6.28085,6265,1371,6341,0
362,3.49153,51,0,11,0,102.113,51,8191,11,0,111,11,5.73091,6276,1382,6352,0
332,3.20213,53,0,8,0,133.723,53,8189,8,0,91,8,4.67928,6284,1390,6360,0
386,3.72299,55,0,9,0,121.414,55,8191,9,0,117,9,4.64069,6293,1399,6369,0
360,3.47195,57,0,9,0,105.135,57,8190,9,0,102,9,4.5828,6302,1408,6378,0
366,3.53032,59,0,4,0,110.4,59,8189,4,0,103,4,4.96872,6306,1412,6382,0
382,3.68422,61,0,10,0,129.425,61,8149,10,0,117,10,5.5669,6316,1422,6392,0
374,3.60705,62,0,6,0,126.445,62,8191,6,0,93,6,5.25816,6322,1428,6398,0
326,3.14429,63,0,6,0,138.056,63,8189,6,0,75,6,4.94942,6328,1434,6404,0
222,2.14131,7,0,67,0,141.215,7,8189,63,0,49,3,3.99427,6391,1437,6471,0
232,2.23748,34,0,1,0,99.852,34,8191,1,0,94,1,5.50901,6392,1438,6472,0
369,3.55936,38,0,2,0,76.357,38,8189,2,0,156,2,7.41931,6394,1440,6474,0
340,3.27953,41,0,4,0,112.367,41,8191,4,0,137,4,9.55152,6398,1444,6478,0
328,3.16362,45,0,3,0,108.229,45,8189,3,0,149,3,8.23939,6401,1447,6481,0
394,3.80015,48,0,4,0,102.297,48,8189,4,0,157,4,5.90458,6405,1451,6485,0
375,3.61698,51,0,5,0,102.537,51,8183,5,0,126,5,5.48006,6410,1456,6490,0
306,2.95141,52,0,5,0,107.967,52,8140,5,0,78,5,6.07824,6415,1461,6495,0
418,4.03163,53,0,5,0,108.299,55,8191,5,0,161,5,6.91762,6420,1466,6500,0
351,3.38545,57,0,6,0,132.481,57,8189,6,0,109,6,7.00445,6426,1472,6506,0
391,3.77113,58,0,6,0,108.763,59,8189,6,0,116,6,6.16507,6432,1478,6512,0
365,3.52049,61,0,10,0,115.191,61,8191,10,0,95,10,5.55725,6442,1488,6522,0
361,3.48195,62,0,9,0,130.285,62,8191,9,0,94,9,5.55725,6451,1497,6531,0
414,3.99336,62,0,7,0,128.866,64,8189,7,0,89,7,5.63443,6458,1504,6538,0
363,3.50141,63,0,6,0,122.706,65,8189,6,0,91,6,5.55725,6464,1510,6544,0
379,3.65556,66,0,7,0,109.431,66,8191,7,0,98,7,5.66338,6471,1517,6551,0
365,3.52053,68,0,7,0,119.858,68,8190,7,0,89,7,5.13274,6478,1524,6558,0
359,3.46276,69,0,6,0,132.416,69,8191,6,0,83,6,5.72126,6484,1530,6564,0
290,2.7971,35,0,72,0,66.048,35,8191,62,0,73,3,5.50901,6546,1533,6636,0
368,3.5492,39,0,2,0,80.77,39,8191,2,0,153,2,5.35464,6548,1535,6638,0
235,2.26661,20,0,42,0,70.457,20,8189,42,0,73,2,5.20027,6590,1537,6680,0
351,3.38525,27,0,1,0,81.753,27,8189,1,0,170,1,5.45112,6591,1538,6681,0
318,3.06714,31,0,3,0,71.78,31,8189,3,0,124,3,6.23261,6594,1541,6684,0
301,2.90319,15,0,38,0,68.54,15,8191,38,0,99,4,5.93352,6632,1545,6722,0
331,3.19234,24,0,0,0,54.661,24,8191,0,0,169,0,7.28424,6632,1545,6722,0
396,3.81955,32,0,0,0,68.076,32,8189,0,0,203,0,6.98515,6632,1545,6722,0
379,3.65575,37,0,3,0,89.772,37,8189,3,0,175,3,5.83704,6635,1548,6725,0
391,3.7714,40,0,5,0,86.651,40,8189,5,0,126,5,4.33195,6640,1553,6730,0
393,3.79051,43,0,3,0,94.977,43,8190,3,0,142,3,6.10718,6643,1556,6733,0
274,2.64279,24,0,44,0,56.855,24,8189,44,0,109,1,6.88867,6687,1557,6777,0
245,2.36322,29,0,0,0,134.669,29,8191,0,0,123,0,7.32283,6687,1557,6777,0
347,3.34709,3,0,35,0,73.795,3,8191,35,0,162,1,7.40002,6722,1558,6812,0
242,2.33389,19,0,0,0,62.427,22,8189,0,0,117,0,7.33248,6722,1558,6812,0
373,3.59757,29,0,1,0,70.889,29,8191,1,0,176,1,7.70875,6723,1559,6813,0
344,3.3179,34,0,1,0,71.81,34,8189,1,0,162,1,6.18437,6724,1560,6814,0
264,2.54632,19,0,36,0,50.686,19,8189,36,0,109,1,6.05894,6760,1561,6850,0


