SendPacket,SendRate(Mb/s),FlightSize,ReceiveRate(Mb/s),Send Loss,Recv Loss,RTT(ms),CWnd,FlowWindow,Retrans,PktSndPeriod(us),RecvACK,RecvNAK,EstimatedBandwidth(Mb/s),Retrans_Total,NAK_TotalRecv,Total Send Loss,Total Recv Loss
228,1.97473,15,0,0,0,30.213,15,8189,0,0,117,0,9.00158,0,0,0,0
392,3.78064,25,0,1,0,64.004,25,8190,1,0,196,1,7.08163,1,1,1,0
382,3.68452,30,0,3,0,64.632,30,8189,3,0,157,3,5.60549,4,4,4,0
369,3.55918,35,0,4,0,74.399,35,8189,4,0,143,4,5.41253,8,8,8,0
217,2.09301,11,0,38,0,31.28,11,8189,38,0,93,1,6.57994,46,9,46,0
329,3.17301,21,0,0,0,41.411,21,8189,0,0,165,0,5.7695,46,9,46,0
368,3.54952,28,0,1,0,61.349,28,8189,1,0,175,1,4.85294,47,10,47,0
366,3.53033,33,0,5,0,70.317,33,8191,5,0,145,5,3.89779,52,15,52,0
389,3.75196,37,0,5,0,78.663,37,8157,5,0,145,5,4.73717,57,20,57,0
388,3.74242,51,0,4,0,111.823,51,8189,4,0,151,4,6.34838,61,24,61,0
351,3.38549,83,0,7,0,150.727,84,8191,7,0,104,7,5.16168,68,31,68,0
457,4.40752,107,0,20,0,142.219,107,8191,20,0,70,20,4.44773,88,51,88,0
197,1.90006,6,0,125,0,58.909,6,8191,76,0,25,17,4.01357,164,68,213,0
282,2.71996,18,0,0,0,37.028,18,8191,0,0,143,0,4.46702,164,68,213,0
268,2.58489,15,0,19,0,30.367,15,8189,19,0,132,0,5.55725,183,68,232,0
390,3.76169,25,0,0,0,53.366,25,8189,0,0,199,0,6.68606,183,68,232,0
374,3.60734,30,0,3,0,65.899,30,8189,3,0,152,3,5.12309,186,71,235,0
381,3.67478,34,0,5,0,65.327,34,8189,5,0,135,5,5.51866,191,76,240,0
231,2.22804,12,0,36,0,28.992,12,8191,36,0,100,1,5.49936,227,77,276,0
371,3.5783,23,0,0,0,47.569,23,8189,0,0,187,0,4.74682,227,77,276,0
339,3.26994,28,0,3,0,62.57,28,8189,3,0,141,3,4.25477,230,80,279,0
335,3.2311,32,0,5,0,68.02,32,8190,5,0,118,5,4.35125,235,85,284,0
383,3.69434,35,0,4,0,74.026,35,8189,4,0,119,4,6.03,239,89,288,0
230,2.2184,12,0,38,0,28.592,12,8191,38,0,98,2,5.82739,277,91,326,0
389,3.75206,23,0,0,0,52.322,23,8189,0,0,196,0,5.48971,277,91,326,0
357,3.44335,29,0,3,0,67.67,29,8189,3,0,159,3,5.31605,280,94,329,0
356,3.43373,9,0,34,0,75.986,5,8189,34,0,150,1,5.68267,314,95,363,0
255,2.45937,17,0,0,0,56.058,17,8189,0,0,132,0,5.11344,314,95,363,0
364,3.51091,25,0,0,0,51.022,25,8189,0,0,183,0,4.59245,314,95,363,0
221,2.13151,11,0,28,0,27.438,11,8191,28,0,100,1,4.54421,342,96,391,0
385,3.71334,22,0,0,0,44.451,22,8189,0,0,194,0,5.55725,342,96,391,0
356,3.43368,28,0,2,0,54.636,28,8164,2,0,155,2,5.49936,344,98,393,0
378,3.64612,33,0,3,0,80.241,33,8189,3,0,164,3,6.4931,347,101,396,0
283,2.7296,4,0,40,0,73.608,4,8189,40,0,93,4,6.20366,387,105,436,0
173,1.66871,4,0,13,0,50.163,4,8189,13,0,86,0,6.79219,400,105,449,0
182,1.75551,14,0,0,0,33.359,14,8189,0,0,93,0,6.60888,400,105,449,0
381,3.67485,24,0,0,0,50.717,24,8189,0,0,192,0,5.39323,400,105,449,0
391,3.77135,30,0,2,0,57.769,30,8191,2,0,171,2,5.96246,402,107,451,0
365,3.52054,34,0,4,0,77.807,34,8158,4,0,127,4,6.06859,406,111,455,0
346,3.33724,37,0,3,0,81.566,37,8189,3,0,127,3,6.86938,409,114,458,0
365,3.52049,81,0,10,0,154.075,81,8190,10,0,84,10,6.57029,419,124,468,0
419,4.04113,103,0,16,0,163.394,103,8180,16,0,63,16,6.30979,435,140,484,0
142,1.36957,8,0,111,0,41.927,8,8189,66,0,32,7,5.11344,501,147,595,0
316,3.04787,19,0,0,0,38.471,19,8189,0,0,159,0,5.0459,501,147,595,0
404,3.89678,28,0,0,0,55.061,28,8189,0,0,203,0,4.67928,501,147,595,0
365,3.52064,32,0,4,0,78.811,32,8191,4,0,145,4,5.53795,505,151,599,0
302,2.91262,3,0,40,0,77.61,3,8189,40,0,107,5,5.58619,545,156,639,0
252,2.43048,16,0,0,0,39.633,16,8189,0,0,128,0,6.00106,545,156,639,0
348,3.35659,24,0,1,0,50.281,24,8189,1,0,167,1,6.60888,546,157,640,0
337,3.25015,29,0,3,0,63.281,29,8189,3,0,147,3,6.12648,549,160,643,0
379,3.65554,35,0,4,0,72.366,35,8190,4,0,164,4,6.60888,553,164,647,0
420,4.05101,54,0,3,0,90.653,66,8189,3,0,155,3,6.70536,556,167,650,0
401,3.86775,93,0,15,0,141.116,93,8191,15,0,69,15,6.80184,571,182,665,0
234,2.25686,5,0,116,0,79.403,5,8189,86,0,26,19,5.77915,657,201,781,0
251,2.42093,17,0,0,0,40.111,17,8189,0,0,127,0,5.74056,657,201,781,0
328,3.16371,24,0,0,0,73.052,24,8189,0,0,165,0,5.15203,657,201,781,0
384,3.70377,30,0,3,0,66.209,30,8191,3,0,162,3,5.67302,660,204,784,0
179,1.7265,7,0,33,0,58.539,7,8191,33,0,63,2,5.67302,693,206,817,0
226,2.17974,16,0,0,0,39.73,16,8189,0,0,112,0,5.86598,693,206,817,0
357,3.44332,25,0,0,0,58.634,25,8189,0,0,180,0,4.66963,693,206,817,0
333,3.21161,30,0,2,0,64.615,30,8189,2,0,140,2,3.91709,695,208,819,0
368,3.54966,34,0,4,0,76.82,34,8158,4,0,140,4,4.45738,699,212,823,0
155,1.49511,9,0,36,0,37.645,9,8190,36,0,63,1,5.51866,735,213,859,0
297,2.86461,19,0,0,0,47.893,19,8189,0,0,151,0,6.39662,735,213,859,0
294,2.83576,4,0,26,0,52.586,4,8188,26,0,139,1,6.91762,761,214,885,0
218,2.1025,15,0,0,0,44.284,15,8189,0,0,113,0,5.50901,761,214,885,0
347,3.34685,24,0,1,0,56.762,24,8189,1,0,165,1,5.20027,762,215,886,0
376,3.62674,30,0,2,0,65.219,30,8189,2,0,165,2,4.8047,764,217,888,0
358,3.45292,34,0,4,0,76.162,34,8175,4,0,140,4,5.31605,768,221,892,0
338,3.26024,37,0,6,0,89.747,37,8189,6,0,123,6,5.85634,774,227,898,0
383,3.69396,76,0,6,0,147.965,81,8190,6,0,87,6,5.5283,780,233,904,0
239,2.30493,2,0,103,0,165.423,2,8103,75,0,17,15,5.33534,855,248,1007,0
179,1.72648,13,0,0,0,32.391,13,8189,0,0,91,0,4.79506,855,248,1007,0
289,2.78759,22,0,0,0,56.317,22,8189,0,0,148,0,5.5669,855,248,1007,0
360,3.47237,2,0,30,0,67.193,2,8191,30,0,158,2,5.09414,885,250,1037,0
205,1.97737,14,0,0,0,31.446,14,8191,0,0,103,0,5.61514,885,250,1037,0
324,3.12524,23,0,0,0,56.387,23,8189,0,0,163,0,5.95282,885,250,1037,0
377,3.63595,30,0,0,0,70.046,30,8189,0,0,191,0,6.10718,885,250,1037,0
161,1.55287,9,0,32,0,39.334,9,8189,32,0,69,1,5.88528,917,251,1069,0
314,3.02857,20,0,0,0,52.403,20,8189,0,0,160,0,4.88189,917,251,1069,0
379,3.65528,27,0,1,0,62.058,27,8189,1,0,181,1,4.5635,918,252,1070,0
219,2.11242,9,0,30,0,32.939,9,8189,30,0,96,1,5.17133,948,253,1100,0
272,2.62361,19,0,0,0,42.593,19,8189,0,0,139,0,4.33195,948,253,1100,0
333,3.21203,26,0,1,0,66.46,26,8189,1,0,170,1,4.65998,949,254,1101,0
351,3.38552,31,0,3,0,69.664,31,8189,3,0,123,3,4.99766,952,257,1104,0
354,3.41446,35,0,3,0,74.134,35,8189,3,0,165,3,5.19062,955,260,1107,0
310,2.99,2,0,46,0,88.75,2,8149,46,0,83,4,4.79506,1001,264,1153,0
180,1.73615,13,0,0,0,32.001,13,8189,0,0,89,0,4.61174,1001,264,1153,0
338,3.2602,23,0,0,0,56.681,23,8189,0,0,172,0,4.0811,1001,264,1153,0
304,2.93228,29,0,1,0,73.397,29,8191,1,0,157,1,4.54421,1002,265,1154,0
329,3.17337,32,0,35,0,74.428,2,8189,35,0,110,3,5.38358,1037,268,1189,0
148,1.42749,12,0,0,0,35.891,12,8191,0,0,74,0,6.34838,1037,268,1189,0
277,2.67172,21,0,0,0,77.425,21,8189,0,0,145,0,6.87902,1037,268,1189,0
337,3.25052,27,0,1,0,73.124,27,8189,1,0,162,1,6.19402,1038,269,1190,0
178,1.71689,7,0,30,0,71.494,7,8191,30,0,81,1,6.13613,1068,270,1220,0
216,2.08336,16,0,0,0,49.065,16,8191,0,0,113,0,6.65712,1068,270,1220,0
306,2.95138,24,0,0,0,95.804,24,8189,0,0,158,0,6.67642,1068,270,1220,0
374,3.60732,30,0,1,0,70.777,30,8189,1,0,177,1,6.26155,1069,271,1221,0
246,2.37269,3,0,36,0,76.849,3,8189,36,0,81,3,5.46077,1105,274,1257,0
217,2.09304,15,0,0,0,33.993,15,8189,0,0,112,0,5.10379,1105,274,1257,0
351,3.38547,24,0,0,0,52.279,24,8189,0,0,181,0,5.36429,1105,274,1257,0
340,3.27931,30,0,0,0,83.992,30,8189,0,0,171,0,4.86259,1105,274,1257,0
352,3.39487,35,0,3,0,82.931,35,8191,3,0,148,3,6.02035,1108,277,1260,0
414,3.99327,55,0,3,0,75.859,58,8191,3,0,133,3,5.64408,1111,280,1263,0
390,3.76179,102,0,8,0,145.496,102,8190,8,0,112,8,5.5476,1119,288,1271,0
422,4.07029,104,0,17,0,183.372,114,8191,17,0,41,17,5.75986,1136,305,1288,0
151,1.45646,6,0,120,0,73.122,6,8189,90,0,21,5,5.60549,1226,310,1408,0
197,1.90009,15,0,0,0,44.363,15,8191,0,0,100,0,5.62478,1226,310,1408,0
299,2.88388,23,0,0,0,59.949,23,8189,0,0,152,0,4.76611,1226,310,1408,0
315,3.03824,29,0,2,0,70.247,29,8189,2,0,150,2,4.21618,1228,312,1410,0
201,1.9387,13,0,29,0,38.407,13,8189,29,0,87,0,4.1004,1257,312,1439,0
352,3.39539,23,0,0,0,61.841,23,8189,0,0,182,0,4.63104,1257,312,1439,0
325,3.13468,3,0,30,0,68.13,3,8190,30,0,142,2,6.0493,1287,314,1469,0
205,1.97722,14,0,0,0,36.848,14,8189,0,0,104,0,6.43522,1287,314,1469,0
161,1.55285,19,0,0,0,102.089,19,8191,0,0,83,0,7.83418,1287,314,1469,0
374,3.60731,27,0,0,0,76.021,27,8191,0,0,188,0,5.58619,1287,314,1469,0
318,3.06711,32,0,3,0,79.445,32,8191,3,0,135,3,4.69858,1290,317,1472,0
215,2.07372,5,0,35,0,69.7,5,8189,35,0,61,2,5.0845,1325,319,1507,0
227,2.18949,15,0,0,0,46.524,15,8189,0,0,113,0,5.70197,1325,319,1507,0
293,2.82593,23,0,0,0,56.169,23,8191,0,0,150,0,5.42218,1325,319,1507,0
360,3.4722,29,0,2,0,73.387,29,8189,2,0,168,2,5.15203,1327,321,1509,0
356,3.43368,34,0,4,0,80.118,34,8191,4,0,140,4,4.43808,1331,325,1513,0
304,2.93217,40,0,1,0,111.413,40,8191,1,0,140,1,4.78541,1332,326,1514,0
294,2.83579,2,0,84,0,128.84,2,8120,64,0,75,5,6.10718,1396,331,1598,0
145,1.39853,12,0,0,0,34.642,12,8191,0,0,79,0,7.9789,1396,331,1598,0
312,3.00912,21,0,0,0,53.094,21,8189,0,0,155,0,7.62192,1396,331,1598,0
369,3.559,28,0,2,0,65.837,28,8189,2,0,163,2,6.0107,1398,333,1600,0
344,3.31792,33,0,3,0,67.921,33,8190,3,0,146,3,5.0459,1401,336,1603,0
144,1.38891,10,0,33,0,70.408,10,8189,33,0,57,0,4.87224,1434,336,1636,0
295,2.84532,20,0,0,0,53.186,20,8189,0,0,149,0,4.62139,1434,336,1636,0
342,3.29867,27,0,1,0,62.805,27,8191,1,0,173,1,6.85008,1435,337,1637,0
302,2.913,4,0,33,0,73.924,4,8189,33,0,102,3,6.20366,1468,340,1670,0
135,1.30215,12,0,0,0,69.881,12,8189,0,0,73,0,5.50901,1468,340,1670,0
290,2.79706,21,0,0,0,63.583,21,8191,0,0,148,0,5.24851,1468,340,1670,0
385,3.7133,29,0,1,0,69.88,29,8190,1,0,193,1,4.31266,1469,341,1671,0
92,0.887355,8,0,29,0,60.904,8,8189,29,0,30,0,4.55386,1498,341,1700,0
270,2.60416,18,0,0,0,45.011,18,8191,0,0,140,0,5.57654,1498,341,1700,0
253,2.44018,24,0,1,0,70.138,24,8191,1,0,119,1,5.99141,1499,342,1701,0
265,2.55593,3,0,32,0,67.503,3,8190,32,0,107,2,5.74056,1531,344,1733,0
186,1.794,14,0,0,0,51.781,14,8189,0,0,95,0,5.33534,1531,344,1733,0
374,3.60723,24,0,0,0,58.357,24,8189,0,0,189,0,5.05555,1531,344,1733,0
164,1.5818,8,0,27,0,35.406,8,8189,27,0,61,2,4.83365,1558,346,1760,0
265,2.55597,18,0,0,0,38.828,18,8190,0,0,137,0,5.00731,1558,346,1760,0
359,3.46241,26,0,1,0,63.739,26,8191,1,0,180,1,6.44486,1559,347,1761,0
336,3.24089,31,0,2,0,61.838,31,8191,2,0,132,2,6.05894,1561,349,1763,0
337,3.25062,34,0,4,0,76.432,34,8158,4,0,115,4,5.20992,1565,353,1767,0
332,3.20227,45,0,3,0,109.574,45,8189,3,0,133,3,5.3064,1568,356,1770,0
416,4.01236,79,0,7,0,151.638,91,8189,7,0,99,7,5.81774,1575,363,1777,0
349,3.36617,100,0,28,0,139.614,100,8191,28,0,25,28,6.66677,1603,391,1805,0
172,1.65896,8,0,100,0,42.732,8,8189,100,0,37,0,6.80184,1703,391,1905,0
263,2.53666,18,0,0,0,57.099,18,8189,0,0,134,0,6.48346,1703,391,1905,0
311,2.99964,25,0,0,0,75.28,25,8189,0,0,158,0,6.7729,1703,391,1905,0
355,3.42408,31,0,2,0,72.715,31,8189,2,0,151,2,6.90797,1705,393,1907,0
352,3.39518,34,0,5,0,79.253,34,8174,5,0,119,5,6.84043,1710,398,1912,0
337,3.25039,46,0,3,0,88.446,46,8189,3,0,131,3,5.11344,1713,401,1915,0
392,3.78092,95,0,11,0,169.868,96,8191,11,0,110,11,3.84955,1724,412,1926,0
104,1.00313,7,0,96,0,76.339,7,8190,59,0,23,0,4.21618,1783,412,2022,0
283,2.72965,18,0,0,0,35.182,18,8191,0,0,142,0,4.98802,1783,412,2022,0
366,3.53036,25,0,0,0,53.646,26,8189,0,0,189,0,4.68893,1783,412,2022,0
351,3.38568,31,0,35,0,60.867,2,8189,31,0,125,4,5.42218,1814,416,2057,0
196,1.89051,14,0,0,0,34.419,14,8191,4,0,98,0,4.66963,1818,416,2057,0
341,3.2889,21,0,0,0,53.748,23,8189,0,0,173,0,4.5828,1818,416,2057,0
238,2.29544,8,0,27,0,66.633,8,8188,27,0,108,1,4.5828,1845,417,2084,0
244,2.35353,17,0,0,0,69.395,17,8189,0,0,122,0,4.23547,1845,417,2084,0
313,3.01888,24,0,1,0,58.311,24,8189,1,0,150,1,3.92674,1846,418,2085,0
365,3.51952,31,0,1,0,67.618,31,8189,1,0,174,1,4.76611,1847,419,2086,0
309,2.97736,34,0,4,0,90.8,34,8190,4,0,128,4,4.43808,1851,423,2090,0
390,3.76163,55,0,6,0,77.005,55,8191,6,0,136,6,5.48971,1857,429,2096,0
368,3.54957,85,0,12,0,152.064,85,8191,12,0,66,12,4.30301,1869,441,2108,0
412,3.97383,95,0,23,0,127.066,95,8180,23,0,28,23,5.57654,1892,464,2131,0
189,1.82246,7,0,106,0,52.578,7,8189,106,0,29,10,6.17472,1998,474,2237,0
201,1.93858,16,0,0,0,48.728,16,8189,0,0,105,0,5.93352,1998,474,2237,0
360,3.47217,25,0,0,0,49.764,25,8189,0,0,180,0,6.30979,1998,474,2237,0
323,3.11548,30,0,3,0,75.691,30,8189,3,0,140,3,7.10093,2001,477,2240,0
195,1.88078,5,0,33,0,66.446,5,8189,33,0,70,2,6.48346,2034,479,2273,0
225,2.17016,16,0,0,0,55.732,16,8189,0,0,116,0,5.68267,2034,479,2273,0
286,2.75866,23,0,0,0,57.416,23,8189,0,0,144,0,5.20992,2034,479,2273,0
339,3.26973,29,0,1,0,72.948,29,8189,1,0,161,1,4.69858,2035,480,2274,0
200,1.92902,3,0,33,0,85.674,3,8189,33,0,84,1,4.59245,2068,481,2307,0
95,0.916311,10,0,3,0,37.818,10,8189,3,0,48,0,4.3609,2071,481,2310,0
283,2.72978,19,0,0,0,49.396,19,8191,0,0,143,0,3.6373,2071,481,2310,0
304,2.93241,25,0,3,0,72.981,25,8190,3,0,136,3,3.04877,2074,484,2313,0
180,1.73611,6,0,29,0,49.676,6,8189,29,0,54,2,3.06806,2103,486,2342,0
284,2.73911,18,0,0,0,40.441,18,8189,0,0,142,0,2.88475,2103,486,2342,0
362,3.49155,25,0,1,0,76.354,25,8189,1,0,174,1,3.18384,2104,487,2343,0
360,3.47235,31,0,2,0,70.32,31,8189,2,0,156,2,3.80131,2106,489,2345,0
326,3.14436,34,0,5,0,98.057,34,8189,5,0,103,5,3.5987,2111,494,2350,0
341,3.28908,37,0,4,0,86.044,37,8189,4,0,124,4,3.73378,2115,498,2354,0
352,3.3951,85,0,9,0,137.897,85,8189,9,0,94,9,3.48293,2124,507,2363,0
183,1.7651,10,0,87,0,36.322,10,8189,69,0,56,2,3.07771,2193,509,2450,0
300,2.89363,20,0,0,0,55.859,20,8189,0,0,152,0,4.24512,2193,509,2450,0
340,3.27943,27,0,1,0,71.496,27,8189,1,0,164,1,4.20653,2194,510,2451,0
351,3.38547,32,0,4,0,64.226,32,8189,4,0,138,4,4.8047,2198,514,2455,0
317,3.05753,35,0,5,0,82.801,35,8190,5,0,114,5,4.65998,2203,519,2460,0
208,2.00622,9,0,38,0,41.375,9,8189,38,0,72,2,5.0845,2241,521,2498,0
312,3.00946,20,0,0,0,35.923,20,8191,0,0,156,0,5.11344,2241,521,2498,0
336,3.24075,27,0,1,0,67.61,27,8189,1,0,160,1,5.86598,2242,522,2499,0
339,3.26998,31,0,4,0,79.626,31,8189,4,0,131,4,6.71501,2246,526,2503,0
346,3.33754,35,0,4,0,81.787,35,8189,4,0,133,4,7.68946,2250,530,2507,0
299,2.88389,42,0,5,0,79.641,42,8190,5,0,98,5,6.55099,2255,535,2512,0
413,3.98335,86,0,6,0,153.425,91,8191,6,0,104,6,6.38698,2261,541,2518,0
420,4.05083,107,0,32,0,152.172,107,8184,32,0,47,32,6.03,2293,573,2550,0
123,1.18631,4,0,112,0,139.799,4,8191,112,0,6,5,5.79845,2405,578,2662,0
126,1.21533,4,0,11,0,58.782,4,8189,11,0,62,0,5.96246,2416,578,2673,0
142,1.36969,13,0,0,0,58.346,13,8191,0,0,74,0,6.08789,2416,578,2673,0
246,2.37267,20,0,0,0,88.206,20,8189,0,0,125,0,6.89832,2416,578,2673,0
342,3.29863,27,0,1,0,63.231,27,8189,1,0,161,1,4.42843,2417,579,2674,0
296,2.85497,30,0,6,0,68.539,30,8189,6,0,107,6,5.45112,2423,585,2680,0
238,2.29444,5,0,37,0,63.466,5,8189,37,0,75,3,4.94942,2460,588,2717,0
219,2.1123,16,0,0,0,50.81,16,8189,0,0,114,0,4.44773,2460,588,2717,0
322,3.10578,24,0,0,0,63.914,24,8191,0,0,164,0,5.05555,2460,588,2717,0
182,1.75544,9,0,26,0,28.967,9,8189,26,0,80,1,5.2871,2486,589,2743,0
230,2.21839,17,0,0,0,45.626,17,8189,0,0,120,0,5.5669,2486,589,2743,0
300,2.89373,25,0,0,0,56.794,25,8189,0,0,155,0,6.30979,2486,589,2743,0
383,3.69414,31,0,1,0,66.587,31,8191,1,0,180,1,6.43522,2487,590,2744,0
325,3.13473,35,0,4,0,74.96,35,8189,4,0,133,4,6.96586,2491,594,2748,0
374,3.60736,61,0,5,0,94.559,61,8191,5,0,129,5,6.06859,2496,599,2753,0
414,3.99341,82,0,9,0,122.011,95,8189,8,0,84,9,5.13274,2504,608,2762,0
281,2.71039,62,0,112,0,156.303,2,8155,95,0,9,14,5.25816,2599,622,2874,0
164,1.58182,12,0,0,0,37.134,12,8189,18,0,74,0,5.93352,2617,622,2874,0
357,3.44328,22,0,0,0,48.055,22,8191,0,0,180,0,5.16168,2617,622,2874,0
368,3.54925,29,0,1,0,56.223,29,8190,1,0,176,1,4.05216,2618,623,2875,0
359,3.46266,34,0,3,0,73.728,34,8189,3,0,151,3,3.98462,2621,626,2878,0
101,0.974219,8,0,34,0,45.154,8,8189,34,0,32,0,3.74342,2655,626,2912,0
209,2.01596,16,0,0,0,68.743,16,8189,0,0,105,0,4.52491,2655,626,2912,0
351,3.38543,24,0,1,0,54.708,24,8189,1,0,167,1,5.46077,2656,627,2913,0
331,3.19255,29,0,3,0,68.007,29,8189,3,0,133,3,4.28371,2659,630,2916,0
138,1.33099,8,0,31,0,49.185,8,8191,31,0,54,1,4.3416,2690,631,2947,0
239,2.30523,18,0,0,0,47.448,18,8189,0,0,124,0,4.3416,2690,631,2947,0
297,2.86471,6,0,24,0,78.426,6,8189,24,0,148,0,4.21618,2714,631,2971,0
272,2.62352,17,0,0,0,38.496,17,8189,0,0,138,0,4.6021,2714,631,2971,0
303,2.92251,24,0,1,0,60.611,24,8189,1,0,143,1,4.22582,2715,632,2972,0
368,3.54954,30,0,2,0,70.951,30,8189,2,0,164,2,5.15203,2717,634,2974,0
364,3.51112,34,0,4,0,79.695,34,8181,4,0,142,4,4.92048,2721,638,2978,0
200,1.92905,8,0,37,0,41.592,8,8189,37,0,82,1,5.36429,2758,639,3015,0
298,2.87415,19,0,0,0,49.857,19,8190,0,0,151,0,5.0459,2758,639,3015,0
365,3.52032,26,0,1,0,53.086,26,8191,1,0,173,1,5.69232,2759,640,3016,0
367,3.54003,2,0,33,0,72.363,2,8160,33,0,155,2,5.46077,2792,642,3049,0
105,1.01276,10,0,0,0,60.194,10,8191,0,0,53,0,5.36429,2792,642,3049,0
290,2.79719,20,0,0,0,44.126,20,8191,0,0,148,0,5.29675,2792,642,3049,0
330,3.18301,26,0,1,0,73.602,26,8189,1,0,158,1,4.30301,2793,643,3050,0
298,2.87437,31,0,1,0,83.384,31,8191,1,0,136,1,6.35803,2794,644,3051,0
254,2.4499,4,0,37,0,71.925,4,8189,37,0,109,1,6.62818,2831,645,3088,0
224,2.16051,15,0,0,0,44.387,15,8191,0,0,114,0,5.94317,2831,645,3088,0
294,2.83557,23,0,0,0,64.573,23,8191,0,0,147,0,6.32909,2831,645,3088,0
354,3.41439,29,0,1,0,74.405,29,8189,1,0,170,1,5.66338,2832,646,3089,0
318,3.06717,33,0,6,0,87.082,33,8189,6,0,119,6,7.13952,2838,652,3095,0
339,3.26992,36,0,3,0,96.346,36,8189,3,0,108,3,6.9948,2841,655,3098,0
136,1.31183,10,0,37,0,46.238,10,8189,37,0,51,1,5.70197,2878,656,3135,0
325,3.13474,20,0,0,0,48.504,20,8189,0,0,163,0,5.27746,2878,656,3135,0
389,3.7516,28,0,1,0,65.793,28,8191,1,0,186,1,4.3609,2879,657,3136,0
354,3.41488,30,0,4,0,72.876,32,8190,4,0,138,4,4.72752,2883,661,3140,0
345,3.32778,36,0,5,0,81.38,36,8191,5,0,125,5,4.07146,2888,666,3145,0
363,3.5013,63,0,5,0,105.075,63,8156,5,0,99,5,4.47667,2893,671,3150,0
387,3.73269,83,0,9,0,149.722,95,8189,9,0,79,9,4.89154,2902,680,3159,0
416,4.01235,103,0,34,0,137.058,103,8191,34,0,25,33,5.65373,2936,713,3193,0
154,1.4853,8,0,108,0,46.497,8,8189,92,0,33,5,6.59923,3028,718,3301,0
242,2.3341,17,0,0,0,47.014,17,8189,0,0,123,0,7.33248,3028,718,3301,0
382,3.68447,26,0,1,0,51.075,26,8189,1,0,183,1,7.06234,3029,719,3302,0
376,3.62659,31,0,2,0,72.869,31,8189,2,0,164,2,5.50901,3031,721,3304,0
329,3.17327,35,0,6,0,69.477,35,8191,6,0,117,6,5.13274,3037,727,3310,0
350,3.37579,53,0,5,0,86.21,53,8191,5,0,121,5,4.69858,3042,732,3315,0
196,1.89048,12,0,54,0,30.545,12,8189,54,0,72,1,5.16168,3096,733,3369,0
359,3.46261,22,0,0,0,45.493,22,8191,0,0,182,0,4.29336,3096,733,3369,0
228,2.19899,5,0,27,0,50.813,5,8191,27,0,102,1,3.86885,3123,734,3396,0
251,2.42101,16,0,0,0,39.069,16,8189,0,0,126,0,3.72413,3123,734,3396,0
306,2.9516,24,0,0,0,53.912,24,8189,0,0,157,0,3.66624,3123,734,3396,0
366,3.53026,30,0,1,0,69.618,30,8189,1,0,174,1,4.09075,3124,735,3397,0
287,2.7682,3,0,43,0,73.567,3,8189,43,0,101,5,4.43808,3167,740,3440,0
173,1.66866,14,0,0,0,62.356,14,8189,0,0,91,0,5.41253,3167,740,3440,0
272,2.62348,21,0,0,0,70.313,21,8191,0,0,138,0,4.71787,3167,740,3440,0
357,3.44354,28,0,1,0,62.797,28,8189,1,0,170,1,5.42218,3168,741,3441,0
373,3.59772,33,0,3,0,64.601,33,8189,3,0,145,3,4.86259,3171,744,3444,0
237,2.2859,6,0,36,0,50.497,6,8191,36,0,102,1,5.31605,3207,745,3480,0
240,2.31472,16,0,0,0,40.634,16,8189,0,0,120,0,4.96872,3207,745,3480,0
326,3.14435,24,0,0,0,52.242,24,8189,0,0,168,0,5.89493,3207,745,3480,0
213,2.05442,7,0,28,0,82.976,7,8189,28,0,83,2,5.31605,3235,747,3508,0
237,2.28605,13,0,0,0,53.487,17,8189,0,0,123,0,4.75646,3235,747,3508,0
374,3.607,26,0,0,0,54.736,26,8189,0,0,186,0,4.44773,3235,747,3508,0
129,1.24419,10,0,27,0,32.42,10,8190,27,0,53,1,4.68893,3262,748,3535,0
302,2.913,20,0,0,0,53.314,20,8189,0,0,151,0,5.0459,3262,748,3535,0
365,3.52036,27,0,1,0,59.65,27,8189,1,0,172,1,5.88528,3263,749,3536,0
355,3.42393,32,0,4,0,62.769,32,8189,4,0,143,4,6.7729,3267,753,3540,0
260,2.50781,7,0,36,0,45.625,7,8189,36,0,83,2,6.20366,3303,755,3576,0
240,2.31483,17,0,0,0,52.545,17,8191,0,0,121,0,5.63443,3303,755,3576,0
336,3.24083,22,0,0,0,53.279,25,8189,0,0,172,0,5.46077,3303,755,3576,0
344,3.31793,30,0,2,0,75.507,30,8189,2,0,149,2,6.09754,3305,757,3578,0
302,2.91278,34,0,6,0,82.855,34,8190,6,0,111,6,5.62478,3311,763,3584,0
356,3.43366,37,0,5,0,83.617,37,8189,5,0,132,5,4.3609,3316,768,3589,0
338,3.26009,82,0,8,0,140.607,82,8190,8,0,95,8,4.27406,3324,776,3597,0
463,4.46563,96,0,25,0,130.372,98,8170,25,0,44,25,5.21957,3349,801,3622,0
105,1.01273,6,0,102,0,83.929,6,8189,69,0,17,4,5.96246,3418,805,3724,0
272,2.62329,17,0,0,0,47.967,17,8189,0,0,136,0,4.94942,3418,805,3724,0
239,2.30533,23,0,0,0,100.698,23,8191,0,0,122,0,4.67928,3418,805,3724,0
333,3.2117,29,0,2,0,69.876,29,8189,2,0,157,2,3.54082,3420,807,3726,0
159,1.53297,11,0,29,0,36.105,11,8189,29,0,65,0,3.33821,3449,807,3755,0
342,3.29866,21,0,0,0,48.579,21,8189,0,0,173,0,3.62765,3449,807,3755,0
361,3.48211,28,0,1,0,64.486,28,8191,1,0,173,1,4.76611,3450,808,3756,0
122,1.17667,9,0,31,0,38.675,9,8191,31,0,47,1,4.5828,3481,809,3787,0
277,2.67171,19,0,0,0,46.095,19,8189,0,0,140,0,5.07485,3481,809,3787,0
355,3.42417,2,0,27,0,65.794,2,8191,27,0,167,1,6.44486,3508,810,3814,0
140,1.3503,12,0,2,0,46.183,12,8191,2,0,71,0,6.2519,3510,810,3816,0
280,2.70065,20,0,0,0,40.945,20,8191,0,0,140,0,6.32909,3510,810,3816,0
329,3.17178,23,0,2,0,66.529,26,8191,2,0,150,2,4.78541,3512,812,3818,0
324,3.12516,30,0,34,0,66.159,2,8191,34,0,108,4,4.93978,3546,816,3852,0
120,1.15743,11,0,2,0,32.654,11,8191,2,0,61,0,5.0845,3548,816,3854,0
263,2.53669,19,0,0,0,41.14,19,8191,0,0,132,0,4.6021,3548,816,3854,0
315,3.03832,26,0,1,0,64.62,26,8191,1,0,149,1,5.73091,3549,817,3855,0
144,1.38891,9,0,28,0,46.384,9,8191,28,0,61,1,5.41253,3577,818,3883,0
273,2.63326,16,0,0,0,42.412,18,8191,0,0,139,0,6.78254,3577,818,3883,0
306,2.95138,2,0,26,0,69.745,2,8166,26,0,142,1,6.06859,3603,819,3909,0
175,1.68794,13,0,0,0,35.417,13,8189,0,0,92,0,4.99766,3603,819,3909,0
338,3.26026,23,0,0,0,70.921,23,8191,0,0,171,0,4.46702,3603,819,3909,0
337,3.2505,28,0,2,0,56.917,28,8189,2,0,147,2,4.23547,3605,821,3911,0
347,3.34686,33,0,3,0,82.836,33,8168,3,0,149,3,5.51866,3608,824,3914,0
362,3.49166,37,0,5,0,90.07,37,8191,5,0,146,5,5.85634,3613,829,3919,0
230,2.21835,9,0,50,0,36.486,9,8191,50,0,72,2,5.23886,3663,831,3969,0
327,3.15402,20,0,0,0,42.584,20,8191,0,0,163,0,5.13274,3663,831,3969,0
354,3.41462,27,0,1,0,64.542,27,8191,1,0,170,1,5.0459,3664,832,3970,0
329,3.17348,32,0,2,0,73.565,32,8191,2,0,153,2,5.48006,3666,834,3972,0
354,3.41441,36,0,4,0,94.904,36,8191,4,0,135,4,6.08789,3670,838,3976,0
347,3.34691,72,0,3,0,124.877,72,8189,3,0,113,3,5.33534,3673,841,3979,0
452,4.35972,91,0,18,0,139.874,91,8191,18,0,48,18,4.93978,3691,859,3997,0
134,1.2925,7,0,95,0,53.653,7,8191,61,0,24,3,4.50562,3752,862,4092,0
222,2.14123,16,0,0,0,44.069,16,8189,0,0,116,0,4.44773,3752,862,4092,0
314,3.02856,24,0,0,0,71.412,24,8191,0,0,159,0,5.10379,3752,862,4092,0
318,3.06714,29,0,1,0,65.135,29,8190,1,0,148,1,5.45112,3753,863,4093,0
310,2.9901,4,0,37,0,74.903,4,8189,37,0,112,4,6.30014,3790,867,4130,0
245,2.36324,16,0,0,0,35.59,16,8189,0,0,126,0,6.13613,3790,867,4130,0
304,2.93223,24,0,0,0,61.209,24,8189,0,0,155,0,6.63782,3790,867,4130,0
375,3.61696,30,0,2,0,77.844,30,8191,2,0,166,2,5.95282,3792,869,4132,0
366,3.53012,34,0,4,0,79.685,34,8189,4,0,142,4,6.22296,3796,873,4136,0
327,3.15392,37,0,6,0,80.732,37,8189,6,0,102,6,6.30014,3802,879,4142,0
349,3.36628,77,0,6,0,112.598,77,8191,6,0,91,6,6.48346,3808,885,4148,0
437,4.21471,65,0,8,0,184.683,110,8190,8,0,94,8,6.36768,3816,893,4156,0
293,2.82612,2,0,137,0,179.205,2,8073,78,0,30,19,6.79219,3894,912,4293,0
121,1.16709,11,0,0,0,56.728,11,8191,0,0,63,0,6.74395,3894,912,4293,0
252,2.43075,19,0,0,0,38.368,19,8191,0,0,129,0,6.7729,3894,912,4293,0
370,3.56876,27,0,0,0,61.288,27,8189,0,0,185,0,4.46702,3894,912,4293,0
186,1.79402,10,0,29,0,35.193,10,8189,29,0,77,1,3.91709,3923,913,4322,0
236,2.27614,18,0,0,0,54.308,18,8191,0,0,120,0,4.33195,3923,913,4322,0
351,3.38549,26,0,1,0,59.63,26,8189,1,0,168,1,3.94603,3924,914,4323,0
353,3.40476,31,0,2,0,76.667,31,8189,2,0,165,2,5.36429,3926,916,4325,0
332,3.20223,35,0,2,0,97.202,35,8191,2,0,139,2,5.44147,3928,918,4327,0
410,3.95454,78,0,2,0,115.129,87,8189,2,0,172,2,7.33248,3930,920,4329,0
421,4.06065,103,0,24,0,134.725,103,8181,24,0,46,24,5.48006,3954,944,4353,0
148,1.42741,8,0,109,0,33.186,8,8191,66,0,39,6,5.82739,4020,950,4462,0
282,2.72005,19,0,0,0,42.9,19,8189,0,0,142,0,5.07485,4020,950,4462,0
340,3.27947,26,0,1,0,59.936,26,8189,1,0,161,1,5.35464,4021,951,4463,0
329,3.17349,30,0,4,0,62.182,30,8191,4,0,117,4,5.67302,4025,955,4467,0
146,1.40821,7,0,32,0,51.352,7,8191,32,0,60,1,5.85634,4057,956,4499,0
255,2.45948,17,0,0,0,41.697,17,8189,0,0,129,0,4.97837,4057,956,4499,0
362,3.49152,26,0,0,0,68.685,26,8189,0,0,183,0,4.86259,4057,956,4499,0
341,3.2889,31,0,1,0,75.618,31,8189,1,0,162,1,4.28371,4058,957,4500,0
332,3.20234,21,0,5,0,85.025,35,8191,5,0,115,5,5.71162,4063,962,4505,0
345,3.3276,3,0,62,0,87.258,3,8190,62,0,130,2,5.8081,4125,964,4567,0
199,1.91937,14,0,0,0,44.557,14,8191,0,0,100,0,5.64408,4125,964,4567,0
331,3.19267,23,0,0,0,65.862,23,8191,0,0,167,0,4.97837,4125,964,4567,0
352,3.39504,30,0,0,0,77.094,30,8189,0,0,179,0,5.57654,4125,964,4567,0
298,2.8743,3,0,35,0,83.072,3,8191,35,0,118,2,5.33534,4160,966,4602,0
182,1.75528,14,0,0,0,36.493,14,8189,0,0,93,0,5.90458,4160,966,4602,0
352,3.39524,23,0,0,0,51.971,23,8189,0,0,180,0,6.09754,4160,966,4602,0
359,3.4627,29,0,2,0,63.642,29,8189,2,0,169,2,5.43182,4162,968,4604,0
296,2.85501,2,0,37,0,76.907,2,8189,37,0,105,2,4.93978,4199,970,4641,0
177,1.70705,13,0,0,0,31.483,13,8191,0,0,88,0,3.82061,4199,970,4641,0
328,3.1636,22,0,0,0,55.675,22,8191,0,0,170,0,3.82061,4199,970,4641,0
375,3.61695,29,0,2,0,57.653,29,8189,2,0,166,2,4.92048,4201,972,4643,0
327,3.1539,33,0,4,0,78.752,33,8191,4,0,137,4,6.74395,4205,976,4647,0
287,2.76815,4,0,39,0,79.347,4,8191,39,0,94,3,7.29389,4244,979,4686,0
189,1.82295,14,0,0,0,42.269,14,8191,0,0,98,0,6.39662,4244,979,4686,0
295,2.8452,22,0,0,0,72.808,22,8191,0,0,151,0,4.99766,4244,979,4686,0
323,3.11544,28,0,2,0,60.74,28,8189,2,0,144,2,4.5635,4246,981,4688,0
323,3.11552,32,0,2,0,114.901,32,8189,2,0,138,2,4.51526,4248,983,4690,0
342,3.29864,36,0,3,0,93.533,36,8189,3,0,139,3,5.77915,4251,986,4693,0
406,3.91598,68,0,5,0,123.597,71,8189,5,0,100,5,5.74056,4256,991,4698,0
302,2.91295,84,0,14,0,136.755,84,8191,14,0,31,14,5.59584,4270,1005,4712,0
141,1.35996,9,0,84,0,44.47,9,8189,60,0,39,0,5.31605,4330,1005,4796,0
220,2.12192,17,0,0,0,42.761,17,8189,0,0,110,0,3.89779,4330,1005,4796,0
345,3.32758,25,0,0,0,61.623,25,8189,0,0,176,0,4.55386,4330,1005,4796,0
332,3.20218,31,0,1,0,71.221,31,8191,1,0,154,1,4.87224,4331,1006,4797,0
368,3.5493,35,0,3,0,72.88,35,8189,3,0,157,3,4.93013,4334,1009,4800,0
131,1.26348,9,0,37,0,46.157,9,8191,37,0,48,2,4.78541,4371,1011,4837,0
275,2.65247,19,0,0,0,42.778,19,8189,0,0,138,0,4.65034,4371,1011,4837,0
356,3.43365,26,0,1,0,59.787,26,8189,1,0,170,1,5.11344,4372,1012,4838,0
342,3.29883,31,0,2,0,70.49,31,8191,2,0,146,2,4.5828,4374,1014,4840,0
362,3.49178,35,0,4,0,78.246,35,8156,4,0,138,4,4.92048,4378,1018,4844,0
216,2.0832,7,0,38,0,38.881,7,8191,38,0,75,2,4.99766,4416,1020,4882,0
231,2.22777,17,0,0,0,52.248,17,8191,0,0,115,0,4.91083,4416,1020,4882,0
206,1.98697,22,0,0,0,114.421,22,8189,0,0,109,0,4.52491,4416,1020,4882,0
335,3.23119,29,0,0,0,67.971,29,8191,0,0,167,0,4.67928,4416,1020,4882,0
333,3.21189,33,0,2,0,76.808,33,8189,2,0,142,2,4.12934,4418,1022,4884,0
346,3.33728,37,0,7,0,78.03,37,8189,7,0,124,7,3.28032,4425,1029,4891,0
326,3.14433,18,0,67,0,90.938,2,8149,66,0,69,8,3.75307,4491,1037,4958,0
122,1.1767,11,0,0,0,44.701,11,8191,1,0,61,0,4.1004,4492,1037,4958,0
276,2.66223,20,0,0,0,54.756,20,8189,0,0,140,0,4.3609,4492,1037,4958,0
263,2.53667,4,0,26,0,57.904,4,8189,26,0,119,1,5.51866,4518,1038,4984,0
182,1.75541,14,0,0,0,45.572,14,8191,0,0,98,0,4.99766,4518,1038,4984,0
316,3.04771,23,0,0,0,62.377,23,8189,0,0,162,0,4.16794,4518,1038,4984,0
313,3.01892,29,0,1,0,83.898,29,8190,1,0,161,1,3.96533,4519,1039,4985,0
348,3.35648,33,0,2,0,83.599,33,8189,2,0,133,2,5.0652,4521,1041,4987,0
226,2.17979,6,0,37,0,57.429,6,8189,37,0,81,2,5.42218,4558,1043,5024,0
209,2.01591,16,0,0,0,55.346,16,8189,0,0,108,0,5.5669,4558,1043,5024,0
317,3.05763,23,0,1,0,59.196,23,8191,1,0,153,1,5.25816,4559,1044,5025,0
170,1.63965,7,0,26,0,41.26,7,8189,26,0,71,1,5.38358,4585,1045,5051,0
232,2.23768,16,0,0,0,43.869,16,8189,0,0,115,0,5.18098,4585,1045,5051,0
357,3.44332,25,0,0,0,57.289,25,8189,0,0,181,0,5.65373,4585,1045,5051,0
336,3.24068,30,0,3,0,71.409,30,8189,3,0,148,3,5.61514,4588,1048,5054,0
321,3.09603,34,0,3,0,97.019,34,8189,3,0,122,3,5.26781,4591,1051,5057,0
190,1.83256,10,0,39,0,36.796,10,8191,39,0,81,2,5.03626,4630,1053,5096,0
222,2.14115,18,0,0,0,66.919,18,8189,0,0,113,0,4.76611,4630,1053,5096,0
329,3.1732,25,0,0,0,58.566,25,8191,0,0,168,0,4.79506,4630,1053,5096,0
322,3.1056,31,0,2,0,76.617,31,8190,2,0,152,2,4.65998,4632,1055,5098,0
264,2.54628,4,0,35,0,66.583,4,8189,3,0,120,1,4.52491,4635,1056,5133,0
193,1.86149,14,0,0,0,52.863,14,8191,0,0,99,0,4.57315,4635,1056,5133,0
268,2.58491,22,0,1,0,53.354,22,8191,1,0,138,1,5.39323,4636,1057,5134,0
335,3.23121,28,0,1,0,60.137,28,8191,1,0,150,1,6.43522,4637,1058,5135,0
346,3.33716,33,0,1,0,95.332,33,8189,1,0,166,1,7.39037,4638,1059,5136,0
369,3.55908,37,0,3,0,83.774,37,8189,3,0,140,3,5.47042,4641,1062,5139,0
365,3.5206,70,0,6,0,141.349,77,8191,6,0,88,6,5.16168,4647,1068,5145,0
330,3.18289,89,0,11,0,149.569,89,8176,11,0,31,11,5.95282,4658,1079,5156,0
113,1.08992,7,0,91,0,59.079,7,8189,61,0,29,2,6.86938,4719,1081,5247,0
240,2.31478,17,0,0,0,52.221,17,8189,0,0,124,0,5.71162,4719,1081,5247,0
290,2.79704,24,0,0,0,55.239,24,8189,0,0,148,0,6.11683,4719,1081,5247,0
322,3.10573,30,0,1,0,82.354,30,8189,1,0,154,1,5.5669,4720,1082,5248,0
349,3.36614,2,0,36,0,83.273,2,8191,36,0,160,1,5.97211,4756,1083,5284,0
133,1.28279,11,0,0,0,48.686,11,8189,0,0,67,0,6.87902,4756,1083,5284,0
345,3.32755,22,0,0,0,52.144,22,8191,0,0,176,0,4.824,4756,1083,5284,0
325,3.13447,28,0,1,0,95.84,28,8189,1,0,154,1,4.8047,4757,1084,5285,0
321,3.09632,32,0,5,0,75.975,32,8191,5,0,134,5,4.13899,4762,1089,5290,0
336,3.24082,36,0,3,0,71.218,36,8189,3,0,125,3,3.99427,4765,1092,5293,0
342,3.29848,61,0,7,0,105.047,61,8191,7,0,99,7,4.1004,4772,1099,5300,0
420,4.05097,74,0,16,0,131.409,79,8189,16,0,39,16,4.96872,4788,1115,5316,0
155,1.49502,6,0,91,0,66.397,6,8189,66,0,28,8,5.81774,4854,1123,5407,0
250,2.41134,17,0,0,0,51.677,17,8189,0,0,126,0,6.47381,4854,1123,5407,0
312,3.00926,24,0,0,0,62.215,24,8189,0,0,158,0,6.50275,4854,1123,5407,0
335,3.23115,29,0,3,0,63.528,29,8191,3,0,135,3,4.88189,4857,1126,5410,0
193,1.86153,7,0,32,0,48.706,7,8189,32,0,82,1,4.83365,4889,1127,5442,0
260,2.50777,18,0,0,0,45.034,18,8190,0,0,133,0,4.71787,4889,1127,5442,0
340,3.27907,25,0,1,0,62.799,25,8189,1,0,164,1,4.17758,4890,1128,5443,0
321,3.09604,30,0,3,0,71.48,30,8191,3,0,138,3,4.79506,4893,1131,5446,0
352,3.39497,34,0,4,0,90.341,34,8189,4,0,120,4,5.47042,4897,1135,5450,0
353,3.4049,37,0,4,0,88.928,37,8190,4,0,129,4,5.47042,4901,1139,5454,0
233,2.24738,3,0,60,0,103.419,3,8191,60,0,38,4,5.27746,4961,1143,5514,0
201,1.93868,14,0,0,0,40.423,14,8189,0,0,102,0,4.76611,4961,1143,5514,0
310,2.99008,23,0,1,0,59.752,23,8190,1,0,158,1,6.21331,4962,1144,5515,0
352,3.39503,28,0,2,0,66.643,28,8189,2,0,146,2,6.87902,4964,1146,5517,0
357,3.4433,33,0,2,0,82.209,33,8189,2,0,154,2,7.06234,4966,1148,5519,0
340,3.27934,37,0,5,0,80.264,37,8189,5,0,122,5,7.26494,4971,1153,5524,0
399,3.84842,64,0,7,0,129.262,79,8189,7,0,107,7,6.26155,4978,1160,5531,0
334,3.2216,101,0,13,0,153.367,101,8190,13,0,63,13,5.81774,4991,1173,5544,0
254,2.44996,5,0,114,0,110.929,5,8189,68,0,19,10,5.01696,5059,1183,5658,0
168,1.62038,14,0,0,0,42.144,14,8189,0,0,84,0,4.87224,5059,1183,5658,0
335,3.23135,22,0,1,0,52.027,22,8189,1,0,163,1,4.04251,5060,1184,5659,0
164,1.58187,11,0,24,0,36.893,11,8191,24,0,72,1,4.16794,5084,1185,5683,0
191,1.84214,17,0,0,0,64.755,17,8189,0,0,95,0,4.90118,5084,1185,5683,0
311,2.99981,24,0,1,0,51.965,24,8189,1,0,147,1,4.49597,5085,1186,5684,0
356,3.43376,30,0,2,0,60.807,30,8191,2,0,156,2,5.31605,5087,1188,5686,0
337,3.25039,35,0,1,0,90.788,35,8156,1,0,156,1,5.37394,5088,1189,5687,0
270,2.60406,38,0,3,0,98.215,38,8190,3,0,104,3,4.87224,5091,1192,5690,0
385,3.71336,77,0,8,0,129.955,77,8189,8,0,71,8,4.77576,5099,1200,5698,0
360,3.47225,105,0,11,0,162.564,107,8189,8,0,87,11,4.30301,5107,1211,5709,0
125,1.20567,8,0,109,0,61.216,8,8189,64,0,31,2,4.19688,5171,1213,5818,0
184,1.77473,15,0,0,0,46.594,15,8189,0,0,93,0,4.88189,5171,1213,5818,0
320,3.08659,24,0,0,0,55.408,24,8191,0,0,161,0,4.824,5171,1213,5818,0
272,2.62346,29,0,0,0,123.282,29,8189,0,0,137,0,4.26442,5171,1213,5818,0
303,2.92243,33,0,1,0,100.235,33,8158,1,0,142,1,4.3416,5172,1214,5819,0
256,2.46913,3,0,38,0,90.859,3,8189,38,0,80,3,3.71448,5210,1217,5857,0
208,2.00623,14,0,0,0,33.573,14,8189,0,0,105,0,3.64694,5210,1217,5857,0
314,3.02868,23,0,0,0,59.098,23,8189,0,0,158,0,3.95568,5210,1217,5857,0
340,3.27941,28,0,3,0,67.589,28,8164,3,0,136,3,4.04251,5213,1220,5860,0
269,2.5947,2,0,33,0,73.168,2,8189,33,0,107,2,4.51526,5246,1222,5893,0
194,1.87128,14,0,0,0,31.525,14,8189,0,0,101,0,4.48632,5246,1222,5893,0
328,3.16365,23,0,0,0,53.137,23,8189,0,0,168,0,5.36429,5246,1222,5893,0
340,3.27931,29,0,1,0,73.926,29,8189,1,0,161,1,6.05894,5247,1223,5894,0
305,2.94173,34,0,1,0,75.155,34,8189,1,0,154,1,6.30014,5248,1224,5895,0
331,3.1925,37,0,3,0,78.992,37,8190,3,0,124,3,6.36768,5251,1227,5898,0
403,3.88698,74,0,8,0,151.982,79,8144,8,0,84,8,5.81774,5259,1235,5906,0
380,3.66553,96,0,11,0,121.6,96,8189,11,0,47,11,5.27746,5270,1246,5917,0
395,3.80988,85,0,8,0,172.411,112,8191,8,0,53,8,5.25816,5278,1254,5925,0
137,1.32139,6,0,120,0,90.486,6,8191,64,0,24,6,5.3064,5342,1260,6045,0
221,2.13158,16,0,0,0,45.761,16,8189,0,0,112,0,5.90458,5342,1260,6045,0
308,2.97069,24,0,0,0,44.278,24,8191,0,0,158,0,6.7729,5342,1260,6045,0
349,3.36593,30,0,2,0,79.178,30,8191,2,0,166,2,6.00106,5344,1262,6047,0
352,3.39527,34,0,2,0,65.128,34,8191,2,0,138,2,5.48971,5346,1264,6049,0
349,3.3663,37,0,3,0,86.319,37,8155,3,0,124,3,4.94942,5349,1267,6052,0
214,2.06419,9,0,57,0,42.472,9,8191,57,0,75,2,5.35464,5406,1269,6109,0
246,2.37276,18,0,0,0,56.382,18,8189,0,0,125,0,4.26442,5406,1269,6109,0
297,2.86458,25,0,0,0,57.326,25,8189,0,0,151,0,3.86885,5406,1269,6109,0
197,1.90009,6,0,29,0,48.107,6,8189,29,0,89,1,4.00392,5435,1270,6138,0
188,1.81329,15,0,0,0,38.647,15,8189,0,0,98,0,4.14864,5435,1270,6138,0
321,3.09635,23,0,0,0,67.018,23,8189,0,0,162,0,4.93013,5435,1270,6138,0
324,3.12509,24,0,4,0,66.027,28,8163,4,0,119,4,5.77915,5439,1274,6142,0
330,3.18302,32,0,2,0,72.342,32,8189,2,0,137,2,5.36429,5441,1276,6144,0
353,3.40493,36,0,4,0,83.892,36,8156,4,0,127,4,3.98462,5445,1280,6148,0
342,3.29859,63,0,3,0,108.469,68,8191,3,0,106,3,3.91709,5448,1283,6151,0
343,3.30826,58,0,5,0,168.66,89,8191,5,0,52,5,4.49597,5453,1288,6156,0
257,2.47879,2,0,116,0,175.057,2,8092,76,0,32,17,4.73717,5529,1305,6272,0
158,1.52384,13,0,0,0,29.652,13,8191,0,0,82,0,5.17133,5529,1305,6272,0
340,3.27955,22,0,0,0,52.23,22,8191,0,0,174,0,4.33195,5529,1305,6272,0
163,1.57226,11,0,24,0,40.068,11,8189,24,0,74,1,3.69518,5553,1306,6296,0
263,2.53669,20,0,0,0,46.463,20,8189,0,0,134,0,4.09075,5553,1306,6296,0
312,3.00929,26,0,0,0,102.945,26,8189,0,0,159,0,4.83365,5553,1306,6296,0
325,3.13471,31,0,2,0,67.165,31,8189,2,0,138,2,4.824,5555,1308,6298,0
305,2.94166,34,0,5,0,80.52,34,8190,5,0,111,5,4.93978,5560,1313,6303,0
185,1.78436,9,0,36,0,48.363,9,8189,36,0,60,1,4.68893,5596,1314,6339,0
266,2.56564,18,0,0,0,40.522,18,8189,0,0,137,0,5.46077,5596,1314,6339,0
364,3.51089,26,0,0,0,69.123,26,8191,0,0,185,0,5.34499,5596,1314,6339,0
318,3.06721,31,0,2,0,79.853,31,8191,2,0,147,2,5.37394,5598,1316,6341,0
201,1.93883,3,0,40,0,75.757,3,8191,38,0,56,2,5.05555,5636,1318,6381,0
90,0.868052,6,0,10,0,50.996,6,8190,10,0,45,0,4.93978,5646,1318,6391,0
151,1.45641,14,0,0,0,56.041,14,8191,0,0,78,0,4.89154,5646,1318,6391,0
309,2.98048,22,0,0,0,53.862,22,8191,0,0,156,0,4.63104,5646,1318,6391,0
309,2.98036,28,0,1,0,62.769,28,8189,1,0,157,1,3.618,5647,1319,6392,0
58,0.559417,5,0,32,0,85.666,5,8189,32,0,15,0,4.04251,5679,1319,6424,0
161,1.55298,13,0,0,0,53.13,13,8189,0,0,81,0,4.23547,5679,1319,6424,0
339,3.26981,23,0,0,0,56.664,23,8189,0,0,171,0,4.09075,5679,1319,6424,0
348,3.35657,29,0,2,0,67.184,29,8191,2,0,157,2,4.35125,5681,1321,6426,0
333,3.21196,33,0,2,0,86.19,33,8189,2,0,141,2,3.78202,5683,1323,6428,0
174,1.67828,7,0,40,0,43.573,7,8189,40,0,57,3,4.1004,5723,1326,6468,0
264,2.54631,18,0,0,0,47.66,18,8190,0,0,134,0,4.09075,5723,1326,6468,0
344,3.31791,26,0,0,0,68.416,26,8189,0,0,174,0,4.21618,5723,1326,6468,0
286,2.75855,4,0,31,0,70.97,4,8189,31,0,130,1,4.46702,5754,1327,6499,0
167,1.61077,13,0,0,0,47.013,13,8189,0,0,87,0,4.23547,5754,1327,6499,0
304,2.93222,22,0,0,0,51.195,22,8191,0,0,153,0,5.09414,5754,1327,6499,0
333,3.21186,28,0,2,0,77.1,28,8191,2,0,146,2,5.00731,5756,1329,6501,0
352,3.39493,32,0,4,0,65.695,32,8191,4,0,124,4,4.17758,5760,1333,6505,0
346,3.33718,36,0,4,0,98.363,36,8155,4,0,139,4,3.89779,5764,1337,6509,0
385,3.71346,65,0,3,0,95.017,67,8189,3,0,112,3,3.8592,5767,1340,6512,0
382,3.68438,92,0,8,0,177.295,93,8191,8,0,65,8,4.64069,5775,1348,6520,0
348,3.35658,111,0,20,0,181.075,111,8191,20,0,57,20,5.47042,5795,1368,6540,0
78,0.752312,4,0,111,0,126.83,4,8189,59,0,10,0,5.79845,5854,1368,6651,0
208,2.00618,15,0,0,0,39.682,15,8191,0,0,105,0,4.8433,5854,1368,6651,0
326,3.14449,23,0,0,0,61.81,23,8191,0,0,166,0,5.67302,5854,1368,6651,0
181,1.74573,11,0,25,0,32.127,11,8191,25,0,80,1,5.91422,5879,1369,6676,0
288,2.77777,20,0,0,0,51.173,20,8191,0,0,147,0,5.03626,5879,1369,6676,0
327,3.154,26,0,2,0,73.351,26,8165,2,0,143,2,5.26781,5881,1371,6678,0
321,3.09611,31,0,2,0,78.242,31,8191,2,0,138,2,5.01696,5883,1373,6680,0
286,2.7586,2,0,39,0,74.517,2,8189,39,0,97,5,4.51526,5922,1378,6719,0
123,1.18637,4,0,10,0,61.542,4,8189,10,0,59,0,4.5828,5932,1378,6729,0
215,2.0737,15,0,0,0,47.15,15,8189,0,0,111,0,4.5828,5932,1378,6729,0
257,2.47876,22,0,0,0,80.678,22,8191,0,0,133,0,3.71448,5932,1378,6729,0
328,3.16383,29,0,0,0,87.639,29,8189,0,0,166,0,3.09701,5932,1378,6729,0
344,3.31796,33,0,4,0,83.694,33,8189,4,0,147,4,2.96194,5936,1382,6733,0
333,3.21186,2,0,40,0,94.82,2,8190,40,0,119,3,3.38645,5976,1385,6773,0
133,1.28281,12,0,0,0,67.734,12,8189,0,0,69,0,3.75307,5976,1385,6773,0
315,3.03821,21,0,0,0,50.033,21,8191,0,0,159,0,4.97837,5976,1385,6773,0
175,1.68792,7,0,25,0,53.697,7,8189,25,0,79,1,5.24851,6001,1386,6798,0
204,1.96763,16,0,0,0,46.769,16,8189,0,0,105,0,5.75021,6001,1386,6798,0
250,2.41139,22,0,0,0,106.487,22,8189,0,0,128,0,5.81774,6001,1386,6798,0
284,2.7393,27,0,4,0,70.406,27,8190,4,0,113,4,5.5283,6005,1390,6802,0
323,3.11559,31,0,3,0,68.007,31,8191,3,0,123,3,5.99141,6008,1393,6805,0
348,3.35679,35,0,2,0,86.899,35,8189,2,0,147,2,5.33534,6010,1395,6807,0
372,3.58799,14,0,64,0,88.193,2,8191,64,0,113,5,5.47042,6074,1400,6871,0
162,1.56247,12,0,0,0,32.166,12,8191,0,0,80,0,5.93352,6074,1400,6871,0
280,2.70086,21,0,0,0,75.245,21,8191,0,0,141,0,5.88528,6074,1400,6871,0
338,3.26028,27,0,1,0,64.389,27,8191,1,0,160,1,6.15542,6075,1401,6872,0
337,3.25057,32,0,4,0,72.43,32,8191,4,0,131,4,5.5669,6079,1405,6876,0
310,2.98994,35,0,4,0,88.821,35,8157,4,0,110,4,4.62139,6083,1409,6880,0
318,3.06721,54,0,5,0,83.278,54,8190,5,0,120,5,5.33534,6088,1414,6885,0
207,1.99657,6,0,69,0,88.922,6,8191,61,0,42,2,5.70197,6149,1416,6954,0
192,1.85186,15,0,0,0,58.761,15,8189,0,0,96,0,5.02661,6149,1416,6954,0
309,2.98036,23,0,0,0,64.099,23,8189,0,0,155,0,5.11344,6149,1416,6954,0
361,3.48185,30,0,0,0,68.051,30,8191,0,0,181,0,4.43808,6149,1416,6954,0
333,3.2118,34,0,2,0,100.623,34,8191,2,0,143,2,5.12309,6151,1418,6956,0
391,3.77124,64,0,1,0,98.064,65,8189,1,0,172,1,5.20992,6152,1419,6957,0
389,3.75204,91,0,8,0,161.606,93,8189,8,0,69,8,5.23886,6160,1427,6965,0
125,1.20565,100,0,8,0,181.295,100,8191,8,0,21,8,5.34499,6168,1435,6973,0
147,1.41785,9,0,100,0,67.173,9,8191,60,0,44,0,3.65659,6228,1435,7073,0
241,2.32448,18,0,0,0,62.724,18,8191,0,0,122,0,4.48632,6228,1435,7073,0
304,2.93218,25,0,1,0,59.129,25,8189,1,0,144,1,4.77576,6229,1436,7074,0
335,3.23125,30,0,3,0,74.031,30,8189,3,0,143,3,4.62139,6232,1439,7077,0
323,3.11543,34,0,2,0,74.034,34,8191,2,0,139,2,4.8433,6234,1441,7079,0
336,3.24089,2,0,41,0,78.162,2,8154,41,0,104,4,5.26781,6275,1445,7120,0
95,0.916295,4,0,9,0,59.018,4,8189,9,0,48,0,5.48971,6284,1445,7129,0
140,1.35035,12,0,0,0,79.341,12,8191,0,0,73,0,5.55725,6284,1445,7129,0
267,2.57507,21,0,0,0,48.555,21,8189,0,0,139,0,5.0459,6284,1445,7129,0
336,3.24077,27,0,1,0,75.052,27,8189,1,0,161,1,4.61174,6285,1446,7130,0
300,2.89363,31,0,3,0,72.193,31,8189,3,0,112,3,4.76611,6288,1449,7133,0
367,3.53981,36,0,5,0,78.682,36,8190,5,0,155,5,4.73717,6293,1454,7138,0
296,2.85498,3,0,51,0,93.368,3,8189,51,0,89,4,4.37054,6344,1458,7189,0
147,1.41778,13,0,0,0,44.064,13,8189,0,0,78,0,3.58906,6344,1458,7189,0
335,3.23095,22,0,0,0,63.886,22,8189,0,0,170,0,3.64694,6344,1458,7189,0
278,2.68139,4,0,29,0,68.834,4,8189,29,0,117,2,4.62139,6373,1460,7218,0
207,1.99655,15,0,0,0,46.415,15,8190,0,0,107,0,5.23886,6373,1460,7218,0
287,2.76836,22,0,0,0,58.88,22,8189,0,0,147,0,6.61853,6373,1460,7218,0
171,1.64937,13,0,23,0,56.083,13,8189,23,0,86,0,6.2712,6396,1460,7241,0
252,2.43037,20,0,0,0,69.338,20,8189,0,0,128,0,6.21331,6396,1460,7241,0
314,3.02856,27,0,1,0,87.164,27,8189,1,0,157,1,4.38984,6397,1461,7242,0
322,3.10575,31,0,33,0,77.032,2,8189,33,0,124,2,4.3223,6430,1463,7275,0
163,1.57218,13,0,0,0,60.78,13,8189,0,0,82,0,4.14864,6430,1463,7275,0
281,2.71032,21,0,0,0,53.014,21,8189,0,0,143,0,4.70822,6430,1463,7275,0
345,3.32762,27,0,2,0,66.551,27,8189,2,0,152,2,4.1004,6432,1465,7277,0
173,1.66861,10,0,29,0,32.065,10,8190,29,0,74,1,4.13899,6461,1466,7306,0
268,2.58483,19,0,0,0,54.759,19,8189,0,0,137,0,3.94603,6461,1466,7306,0
298,2.87431,26,0,0,0,74.036,26,8191,0,0,154,0,4.61174,6461,1466,7306,0
270,2.60416,5,0,31,0,53.496,5,8189,31,0,122,1,4.61174,6492,1467,7337,0
223,2.15085,16,0,0,0,34.241,16,8190,0,0,113,0,4.87224,6492,1467,7337,0
327,3.1541,23,0,1,0,61.043,23,8189,1,0,156,1,5.26781,6493,1468,7338,0
316,3.04769,29,0,2,0,74.619,29,8165,2,0,137,2,5.39323,6495,1470,7340,0
357,3.44305,34,0,1,0,75.854,34,8189,1,0,168,1,6.50275,6496,1471,7341,0


