SendPacket,SendRate(Mb/s),FlightSize,ReceiveRate(Mb/s),Send Loss,Recv Loss,RTT(ms),CWnd,FlowWindow,Retrans,PktSndPeriod(us),RecvACK,RecvNAK,EstimatedBandwidth(Mb/s),Retrans_Total,NAK_TotalRecv,Total Send Loss,Total Recv Loss,Timeout,usSndDuration
245,0.368447,15,0,1,0,34.54,15,8189,1,0,121,0,1.57549,121,456129274,1,0,1,-341170271028486
570,0.939047,28,0,0,0,35.76,28,8183,0,0,288,0,2.27094,409,-1052333252,1,0,1,2786504770
832,1.37074,40,0,0,0,44.364,40,8189,0,0,418,0,6.2179,827,1740421958,1,0,1,2792755210
1119,1.84355,52,0,0,0,39.063,52,8189,0,0,559,0,2.56099,1386,235274730,1,0,1,2789820068
1012,1.66733,61,0,0,0,46.751,61,8189,0,0,509,0,4.31282,1895,-1283623494,1,0,1,2776069072
1109,1.82713,70,0,0,0,54.76,70,8189,0,0,560,0,5.34282,2455,1503059678,1,0,1,2786683172
1089,1.79426,76,0,3,0,61.953,76,8189,3,0,477,3,4.75778,2932,37466748,4,0,4,2829374366
991,1.6327,81,0,4,0,65.789,81,8110,4,0,381,4,25.1798,3313,-1516550364,8,0,8,2740950184
1092,1.79914,87,0,2,0,68.933,87,8137,2,0,521,2,4.11011,3834,1312968734,10,0,10,2829519098
1310,2.15844,94,0,2,0,76.753,94,8189,2,0,597,2,3.90411,4431,-191410328,12,0,12,2790588234
1162,1.91458,98,0,4,0,83.101,98,8187,4,0,449,4,5.41368,4880,-1665135074,16,0,16,2821242550
1224,2.01661,101,0,3,0,86.698,103,8189,3,0,475,3,3.43773,5355,1057718710,19,0,19,2722853784
1144,1.88495,101,0,4,0,78.274,107,8191,4,0,426,4,3.03397,5781,-390629202,23,0,23,2846619384
1219,2.00853,109,0,4,0,74.845,111,8191,4,0,413,4,4.41334,6194,-1922124738,27,0,27,2763471760
1169,1.92597,111,0,4,0,87.312,114,8191,4,0,372,4,3.9931,6566,871837804,31,0,31,2793962542
1042,1.71686,117,0,3,0,87.533,118,8191,3,0,409,3,4.31941,6975,-577629296,34,0,34,2845500196
1107,1.82386,121,0,5,0,77.717,121,8189,5,0,343,5,9.0607,7318,2079761790,39,0,39,2657391086
1261,2.07771,109,0,3,0,83.116,124,8183,3,0,411,3,3.6635,7729,718187320,42,0,42,2933392826
1259,2.0743,112,0,3,0,95.144,128,8187,3,0,523,3,7.87579,8252,-821921520,45,0,45,2754858456
1230,2.02649,129,0,5,0,91.13,131,8191,5,0,399,5,6.41402,8651,1958791898,50,0,50,2780713418
1203,1.98216,134,0,3,0,82.582,134,8189,3,0,412,3,5.62462,9063,478198346,53,0,53,2814373744
1197,1.97215,138,0,3,0,115.461,138,8189,3,0,474,3,4.75613,9537,-1017557976,56,0,56,2799210974
1225,2.01826,141,0,3,0,93.101,141,8191,3,0,479,3,4.75283,10016,1606437818,59,0,59,2623995794
1143,1.88315,127,0,2,0,79.343,144,8189,2,0,395,2,4.8171,10411,294227684,61,0,61,2982757162
1110,1.82883,129,0,2,0,123.815,147,8187,2,0,485,2,6.53597,10896,-1199258902,63,0,63,2801480710
1237,2.03814,150,0,3,0,74.094,150,8191,3,0,420,3,6.5096,11316,1528674138,66,0,66,2727933040
1174,1.93433,119,0,4,0,78.907,153,8189,4,0,388,4,3.73272,11704,61530288,70,0,70,2827823446
1093,1.8009,93,0,3,0,90.118,155,8189,3,0,344,3,3.20536,12048,-1444925100,73,0,73,2788511908
1304,2.14855,103,0,8,0,80.242,157,8084,8,0,314,8,3.05704,12362,1381804022,81,0,81,2826729122
1299,2.14031,151,0,2,0,108.03,160,8189,2,0,489,2,4.09198,12851,-125964440,83,0,83,2787198834
1127,1.8568,162,0,4,0,81.545,162,8189,4,0,350,4,3.73437,13201,-1788074110,87,0,87,2632857626
1272,2.09583,126,0,1,0,82.713,165,8189,1,0,507,1,3.65856,13708,1167133642,88,0,88,2955207752
1099,1.81076,132,0,3,0,69.928,167,8189,3,0,307,3,50.8095,14015,-349589864,91,0,91,2778243790
1210,1.99352,147,0,4,0,91.64,170,8187,4,0,448,4,7.11606,14463,-1874703318,95,0,95,2769853842
1102,1.8156,102,0,5,0,128.988,172,8189,5,0,326,5,3.87939,14789,877429562,100,0,100,2752132880
1220,2.01019,123,0,7,0,85.85,173,8189,7,0,316,7,3.0043,15105,-525188848,107,0,107,2892348886
1196,1.97047,176,0,3,0,107.639,176,8189,3,0,405,3,8.82504,15510,-2088152968,110,0,110,2732003176
1351,2.22587,118,0,8,0,115.311,178,8189,8,0,371,8,3.94861,15881,765783460,118,0,118,2853936428
1378,2.27042,179,0,3,0,156.772,180,8189,3,0,468,3,11.5723,16349,-742120135,121,0,121,2787063701
1292,2.12868,100,0,3,0,113.499,183,8189,3,0,457,3,5.03958,16806,1958789018,124,0,124,2700909153
1395,2.29833,144,0,3,0,86.82,186,8190,3,0,508,3,6.23109,17314,512818190,127,0,127,2848996468
1178,1.94073,186,0,7,0,103.476,187,8189,7,0,306,7,9.94403,17620,-958204650,134,0,134,2823944456
1390,2.29004,123,0,2,0,76.161,190,8189,2,0,568,2,3.57946,18188,1850140498,136,0,136,2808345148
1195,1.96873,187,0,2,0,122.942,192,8187,2,0,402,2,76.7259,18590,334299538,138,0,138,2779126336
1095,1.80423,126,0,4,0,117.75,194,8191,4,0,392,4,3.94366,18982,-1154213632,142,0,142,2806454126
181,0.298211,195,0,2,0,106.967,195,8189,2,0,56,2,3.37346,19038,-869159814,144,0,144,285053818
874,1.44004,99,0,195,0,82.523,99,8189,108,0,340,0,10.5736,19378,139001008,252,0,339,5303128118
937,1.5438,104,0,0,0,126.371,104,8189,0,0,472,0,7.72253,19850,-1392137508,252,0,339,2763828780
1211,1.99518,103,0,3,0,79.622,108,8189,3,0,459,3,3.37675,20309,1363896570,255,0,342,2756034078
1045,1.72172,107,0,1,0,93.475,112,8189,1,0,474,1,3.72448,20783,-113745530,256,0,343,2817325196
1165,1.91953,103,0,1,0,88.366,117,8189,1,0,534,1,5.1467,21317,-1647884168,257,0,344,2760828658
1167,1.92274,119,0,3,0,66.012,120,8189,3,0,411,3,4.74624,21728,1187235091,260,0,347,2835119259
1226,2.01993,124,0,5,0,82.343,124,8187,5,0,400,5,3.63054,22128,-327186612,265,0,352,2780545593
872,1.43661,126,0,2,0,86.407,126,8189,2,0,316,2,2.81149,22444,1728328612,267,0,354,2055515224
145,0.238893,9,0,126,0,85.251,9,8187,126,0,7,0,2.81149,22451,943363644,393,0,480,3510002328
1213,1.9986,70,0,0,0,66.032,70,8189,0,0,582,0,3.76733,23033,-505029180,393,0,480,2846574472
1032,1.70033,77,0,0,0,51.99,77,8187,0,0,520,0,6.95621,23553,-2004322546,393,0,480,2795673930
57,0.0939099,78,0,1,0,55.142,78,8187,1,0,28,1,7.30723,23581,-1856891798,394,0,481,147430748
636,1.04782,44,0,78,0,35.932,44,8189,78,0,262,0,4.25184,23843,-725735016,472,0,559,5426124078
880,1.44986,53,0,0,0,33.181,53,8191,0,0,442,0,8.54982,24285,2110423498,472,0,559,2836158514
1051,1.73162,62,0,0,0,33.105,62,8191,0,0,524,0,9.71826,24809,588441592,472,0,559,2772985390
1112,1.83215,70,0,0,0,44.741,70,8189,0,0,558,0,6.0119,25367,-894274836,472,0,559,2812250868
1031,1.69863,77,0,0,0,49.646,77,8189,0,0,516,0,5.37578,25883,1862457926,472,0,559,2756732762
1157,1.90622,84,0,2,0,49.67,84,8189,2,0,504,2,5.3527,26387,380554968,474,0,561,2813064338
1181,1.94575,90,0,0,0,71.401,90,8187,0,0,593,0,3.6256,26980,-1150287636,474,0,561,2764124692
998,1.64418,95,0,1,0,76.455,95,8190,1,0,459,1,8.66189,27439,1680303330,475,0,562,2830590966
997,1.64275,100,0,1,0,81.195,100,8189,1,0,454,1,5.3181,27893,171592514,476,0,563,2786256480
1174,1.93425,105,0,1,0,68.884,105,8191,1,0,540,1,2.58242,28433,-1347401988,477,0,564,2775972794
1121,1.8469,108,0,2,0,70.628,109,8189,2,0,463,2,3.88598,28896,1441378662,479,0,566,2788780650
1288,2.12214,103,0,2,0,64.629,114,8189,2,0,544,2,7.12266,29440,-78359168,481,0,568,2775229466
1355,2.23264,120,0,0,0,69.013,120,8189,0,0,673,0,8.65365,30113,-1524272218,481,0,568,2849054246
1328,2.18812,93,0,1,0,79.193,125,8189,1,0,630,1,5.75317,30743,1258132404,482,0,569,2782404622
1241,2.04462,129,0,2,0,84.324,129,8189,2,0,489,2,3.89752,31232,-375011882,484,0,571,2661823010
1338,2.20444,109,0,3,0,71.291,133,8189,3,0,525,3,3.80523,31757,-1749751672,487,0,574,2920227506
1218,2.0069,137,0,0,0,87.447,137,8189,0,0,600,0,4.76931,32357,1008955790,487,0,574,2758707462
1123,1.85035,138,0,2,0,123.991,141,8189,2,0,445,2,2.76699,32802,-436280076,489,0,576,2849731430
1303,2.14687,142,0,1,0,71.514,145,8189,1,0,587,1,4.13483,33389,-1944065990,490,0,577,2787181382
1326,2.18489,149,0,1,0,113.326,149,8187,1,0,595,1,3.35203,33984,846555838,491,0,578,2790621828
1305,2.15008,132,0,2,0,100.16,152,8189,2,0,516,2,6.84744,34500,-674301882,493,0,580,2774109576
1281,2.11062,138,0,1,0,95.732,156,8189,1,0,569,1,4.20075,35069,-2133546106,494,0,581,2835723072
1340,2.20782,132,0,5,0,83.718,159,8187,5,0,523,5,12.711,35592,657867722,499,0,586,2791413828
1218,2.00672,123,0,5,0,82.589,161,8187,5,0,382,5,5.79766,35974,-846013248,504,0,591,2791086326
1349,2.22255,149,0,3,0,100.474,165,8191,3,0,518,3,27.2299,36492,1940841592,507,0,594,2786854840
1230,2.02658,124,0,4,0,68.676,167,8191,4,0,402,4,3.70965,36894,451238396,511,0,598,2805364100
1282,2.11218,117,0,3,0,105.262,170,8189,3,0,483,3,6.86886,37377,-1056273824,514,0,601,2787455076
1380,2.2736,153,0,2,0,115.376,173,8189,2,0,529,2,3.60088,37906,1670597554,516,0,603,2726871378
1333,2.19619,171,0,3,0,111.639,176,8190,3,0,491,3,6.73702,38397,228843740,519,0,606,2853213482
1177,1.93919,137,0,2,0,75.65,178,8187,2,0,373,2,8.82834,38770,-1308789928,521,0,608,2757333628
1395,2.29854,176,0,2,0,90.396,181,8187,2,0,509,2,14.4892,39279,1533036705,523,0,610,2841826633
1396,2.30008,110,0,2,0,115.449,184,8189,2,0,569,2,4.86325,39848,-9064036,525,0,612,2752866555
1336,2.20118,182,0,3,0,122.667,186,8181,3,0,488,3,5.11869,40336,-1496469330,528,0,615,2807562002
1302,2.14511,189,0,3,0,84.98,189,8189,3,0,525,3,2.80984,40861,1209069156,531,0,618,2705538486
1375,2.26535,140,0,3,0,120.294,192,8189,3,0,467,3,3.49211,41328,-195082268,534,0,621,2890815872
1332,2.19472,194,0,4,0,114.138,194,8189,4,0,421,4,3.30424,41749,-1691183466,538,0,625,2798866098
1316,2.16823,122,0,3,0,100.3,196,8189,3,0,432,3,3.89258,42181,1103202086,541,0,628,2794385552
1434,2.36257,171,0,2,0,93.729,199,8191,2,0,529,2,46.729,42710,-455402644,543,0,630,2736362566
1370,2.2571,79,0,4,0,95.957,201,7995,4,0,486,4,4.50728,43196,-1878838298,547,0,634,2871531642
1375,2.26551,111,0,3,0,61.915,204,8191,3,0,502,3,3.33226,43698,901803328,550,0,637,2780641626
1273,2.09736,105,0,4,0,90.491,206,8187,4,0,436,4,3.63878,44134,-603718554,554,0,641,2789445414
1321,2.1764,104,0,2,0,87.591,208,8187,2,0,537,2,3.73766,44671,-2120810680,556,0,643,2777875170
1405,2.31486,128,0,3,0,47.622,210,8187,3,0,417,3,5.90478,45088,665642150,559,0,646,2786452830
1342,2.21107,213,0,1,0,103.162,213,8189,1,0,527,1,5.65099,45615,-801157562,560,0,647,2828167584
1478,2.43519,216,0,2,0,140.926,216,8191,2,0,634,2,3.96674,46249,1945474224,562,0,649,2746631786
1455,2.39722,218,0,3,0,88.575,218,8191,3,0,426,3,4.26667,46675,464057766,565,0,652,2813550838
1334,2.19783,123,0,3,0,144.087,220,8191,3,0,528,3,4.95554,47203,-1003898430,568,0,655,2827011100
1420,2.33953,170,0,4,0,96.652,222,8078,4,0,482,4,11.4371,47685,1758865822,572,0,659,2762764252
1446,2.38222,196,0,4,0,138.138,224,8189,4,0,472,4,3.84478,48157,221379168,576,0,663,2757480642
1398,2.30346,226,0,5,0,94.512,226,8190,5,0,363,5,3.07517,48520,-1247187474,581,0,668,2826400654
1379,2.27217,225,0,3,0,144.313,228,8189,3,0,400,3,14.9507,48920,1589356376,584,0,671,2836543850
1294,2.1319,203,0,4,0,110.5,230,8190,4,0,436,4,7.37645,49356,23949340,588,0,675,2729560260
1498,2.46824,215,0,2,0,66.173,232,8189,2,0,463,2,15.7466,49819,-1417258978,590,0,677,2853758978
1359,2.23926,233,0,1,0,159.161,234,8189,1,0,573,1,3.10648,50392,1381325890,591,0,678,2798584868
1415,2.33138,113,0,2,0,72.09,237,8189,2,0,662,2,4.92422,51054,-132334306,593,0,680,2781307100
1353,2.22912,239,0,3,0,89.037,239,8190,3,0,476,3,9.70507,51530,-1710860196,596,0,683,2716441406
1412,2.3264,241,0,4,0,95.729,241,8190,4,0,473,4,10.2094,52003,1005089460,600,0,687,2715949656
1376,2.26705,121,0,2,0,89.473,243,8189,2,0,424,2,26.6646,52427,-400636432,602,0,689,2889241404
1502,2.47473,196,0,0,0,163.624,246,8189,0,0,719,0,7.20341,53146,-1845323428,602,0,689,2850280300
1375,2.26542,198,0,2,0,92.014,248,8189,2,0,599,2,3.63384,53745,928068816,604,0,691,2773392244
1448,2.38565,170,0,4,0,107.726,250,8187,4,0,563,4,4.54024,54308,-589364448,608,0,695,2777534032
1427,2.35108,228,0,1,0,116.913,253,8189,1,0,567,1,4.30128,54875,-2057175888,609,0,696,2827155856
1400,2.30657,218,0,1,0,178.205,255,8189,1,0,628,1,5.03958,55503,694729898,610,0,697,2751905786
1323,2.17987,175,0,4,0,112.937,257,8189,4,0,474,4,4.32106,55977,-762087552,614,0,701,2838149846
1375,2.26559,258,0,2,0,158.524,259,8189,2,0,458,2,7.42424,56435,2036308902,616,0,703,2798396454
1311,2.16015,238,0,1,0,185.95,261,8189,1,0,541,1,3.28117,56976,492231328,617,0,704,2750889722
1271,2.09418,196,0,6,0,74.125,262,8189,6,0,442,6,4.43312,57418,-1086245646,623,0,710,2716490322
1513,2.49286,265,0,2,0,192.021,265,8191,2,0,724,2,7.31053,58142,1766261718,625,0,712,2852507364
1611,2.65432,264,0,0,0,185.65,268,8189,0,0,679,0,17.4639,58821,318772970,625,0,712,2847478548
1330,2.19137,123,0,2,0,137.069,270,8189,2,0,558,2,3.03726,59379,-1180616266,627,0,714,2795578060
1399,2.30498,174,0,5,0,87.949,271,8189,5,0,413,5,2.84115,59792,1579313606,632,0,719,2759929872
1441,2.37403,273,0,5,0,99.021,273,8189,5,0,475,5,3.04715,60267,-42673562,637,0,724,2672980128
1383,2.27856,104,0,3,0,159.155,275,7917,3,0,409,3,3.27622,60676,-1443762444,640,0,727,2893878414
1422,2.3428,201,0,2,0,190.142,276,8189,2,0,449,2,3.31248,61125,1427331712,642,0,729,2871094156
1391,2.29179,278,0,3,0,105.372,278,8189,3,0,430,3,2.85434,61555,-99691930,645,0,732,2767943654
1418,2.33646,235,0,3,0,152.896,279,8189,3,0,366,3,6.33656,61921,-1592795658,648,0,735,2801863568
1523,2.50927,280,0,8,0,85.476,280,8189,8,0,392,8,5.0264,62313,1209574276,656,0,743,2802369934
1339,2.20626,282,0,2,0,94.91,282,8191,2,0,545,2,5.77624,62858,-284118488,658,0,745,2801274532
1445,2.38075,151,0,3,0,79.571,284,8189,3,0,524,3,4.22877,63382,-1839114354,661,0,748,2739971430
1509,2.48614,164,0,3,0,180.21,286,8189,3,0,535,3,3.27293,63917,946090250,664,0,751,2785204604
1377,2.26871,171,0,4,0,95.072,288,8189,4,0,461,4,4.2469,64378,-566727200,668,0,755,2782149846
1586,2.61306,250,0,2,0,126.054,290,8190,2,0,551,2,3.9997,64929,-2062782632,670,0,757,2798911864
1425,2.34796,166,0,1,0,90.799,291,8189,1,0,525,1,5.49773,65454,789521158,671,0,758,2852303790
1548,2.55057,201,0,3,0,81.548,293,8185,3,0,583,3,7.05838,66037,-719414554,674,0,761,2786031584
1541,2.53911,144,0,7,0,113.171,295,8189,7,0,391,7,5.12693,66428,2089816528,681,0,768,2809231082
1359,2.23912,153,0,4,0,114.819,296,8187,4,0,431,4,4.45619,66859,545813840,685,0,772,2750964608
1590,2.61972,290,0,1,0,164.843,298,8187,1,0,532,1,5.38896,67391,-915716514,686,0,773,2833436942
1323,2.17982,186,0,3,0,89.606,300,8191,3,0,509,3,7.6187,67900,1885679930,689,0,776,2801396444
1529,2.51913,122,0,1,0,174.084,302,8189,1,0,650,1,6.48158,68550,334918028,690,0,777,2744205394
1521,2.50592,210,0,2,0,80.878,304,8189,1,0,578,2,3.92554,69128,-1218599788,691,0,779,2741449480
1557,2.56527,117,0,2,0,155.957,306,8189,3,0,622,2,4.67867,69750,1644122046,694,0,781,2862721834
1466,2.41529,131,0,2,0,77.227,307,8189,2,0,525,2,4.32765,70275,176372262,696,0,783,2827217512
1383,2.27856,177,0,2,0,150.693,309,8189,2,0,508,2,4.45784,70783,-1333129358,698,0,785,2785465676
1383,2.27862,126,0,4,0,121.523,311,8191,4,0,529,4,3.3784,71312,1421676976,702,0,789,2754806334
1432,2.35951,246,0,2,0,136.712,312,8189,2,0,417,2,3.52507,71729,-46034538,704,0,791,2827255782
1493,2.46004,172,0,2,0,114.063,314,8189,2,0,560,2,3.73107,72289,-1529037120,706,0,793,2811964714
1901,3.13232,278,0,1,0,164.963,316,8189,1,0,770,1,49.9937,73059,1261039736,707,0,794,2790076856
1712,2.82064,318,0,2,0,120.409,318,8191,2,0,564,2,76.0338,73623,-245806000,709,0,796,2788121560
1809,2.98033,138,0,1,0,122.868,321,8189,1,0,918,1,29.2998,74541,-1750570034,710,0,797,2790203262
1527,2.51597,146,0,3,0,108.605,323,8189,3,0,531,3,6.92984,75072,1042431520,713,0,800,2793001554
1319,2.17329,324,0,8,0,108.517,324,8191,8,0,278,8,4.04914,75350,-678344926,721,0,808,2574190850
1439,2.37094,325,0,4,0,99.318,325,8190,4,0,349,4,5.81744,75699,2057570522,725,0,812,2735915448
1490,2.45492,224,0,4,0,89.723,326,8085,4,0,442,4,5.67901,76141,743851006,729,0,816,2981247780
1447,2.3841,194,0,3,0,90.818,327,8187,3,0,500,3,37.7326,76641,-673338870,732,0,819,2877777420
1451,2.39084,165,0,5,0,88.88,329,8191,5,0,497,5,3.74261,77138,2123895780,737,0,824,2797234650
1464,2.41207,243,0,5,0,94.247,330,8191,5,0,435,5,3.72613,77573,643783842,742,0,829,2814855358
1395,2.29834,204,0,6,0,82.566,331,8047,5,0,383,6,3.45915,77956,-1003539994,747,0,835,2647643460
1422,2.34286,179,0,6,0,173.268,332,8189,7,0,338,6,3.40642,78294,1924066464,754,0,841,2927606458
1362,2.2441,126,0,5,0,83.224,334,8189,5,0,419,5,3.44102,78713,440606174,759,0,846,2811507006
1439,2.37057,244,0,5,0,98.091,335,8189,5,0,276,5,3.8316,78989,-1087653362,764,0,851,2766707760
1301,2.14349,150,0,5,0,127.595,336,8191,5,0,383,5,4.06726,79372,1720524544,769,0,856,2808177906
1381,2.27546,161,0,3,0,87.483,337,8187,3,0,475,3,3.96838,79847,223122116,772,0,859,2797564868
1319,2.17322,338,0,6,0,106.937,338,8189,6,0,352,6,3.60912,80199,-1417823096,778,0,865,2654022084
1417,2.33458,182,0,1,0,135.437,340,8189,1,0,544,1,3.33061,80743,1446965096,779,0,866,2864788192
1388,2.28673,125,0,7,0,186.778,341,8189,7,0,331,7,4.1167,81074,-22873726,786,0,873,2825128474
1503,2.47636,168,0,5,0,54.362,342,8189,5,0,557,5,4.97531,81631,-1502324864,791,0,878,2815516158
1471,2.42378,184,0,2,0,97.97,344,8189,2,0,494,2,3.90411,82125,1288946528,793,0,880,2791271392
1451,2.39084,251,0,5,0,123.252,345,8191,5,0,396,5,3.74096,82521,-209853156,798,0,885,2796167612
1428,2.35289,232,0,7,0,84.696,346,8187,7,0,339,7,3.49046,82860,-1697140906,805,0,892,2807679546
1504,2.47796,179,0,4,0,126.847,347,7981,4,0,438,4,4.40675,83298,1052346100,809,0,896,2749487006
1398,2.30335,140,0,4,0,93.622,348,8189,4,0,415,4,2.81478,83713,-426272010,813,0,900,2816349186
1512,2.49109,159,0,5,0,109.796,349,8191,5,0,341,5,3.26798,84054,-1889711364,818,0,905,2831527942
1502,2.47467,312,0,4,0,180.646,351,8189,3,0,438,4,3.03232,84492,848298416,821,0,909,2738009780
1746,2.87671,351,0,0,0,206.96,353,8189,1,0,702,0,16.8261,85194,-669618128,822,0,909,2777050752
1417,2.33459,149,0,4,0,135.347,354,8189,4,0,476,4,3.47398,85670,-2135870766,826,0,913,2828714658
1613,2.65751,273,0,1,0,75.021,356,8189,1,0,579,1,4.34083,86249,664643608,827,0,914,2800514374
1310,2.15843,156,0,2,0,136.201,357,8191,2,0,490,2,130.059,86739,-808108432,829,0,916,2822215256
1379,2.27198,303,0,4,0,198.312,358,8094,4,0,442,4,105.292,87181,1712821742,833,0,920,2520930174
1510,2.48779,359,0,5,0,111.348,359,8189,5,0,397,5,5.32963,87578,472476702,838,0,925,3054622256
1405,2.31481,112,0,1,0,105.639,361,8189,1,0,493,1,3.81182,88071,-1057306620,839,0,926,2765183974
1446,2.38235,160,0,6,0,143.269,362,8189,6,0,348,6,4.3672,88419,1662159276,845,0,932,2719465896
1371,2.25876,139,0,6,0,111.645,363,8190,6,0,365,6,10.6197,88784,165453628,851,0,938,2798261648
1414,2.32982,149,0,5,0,72.132,364,8190,5,0,353,5,8.15595,89137,-1270562664,856,0,943,2858951004
1589,2.61808,197,0,5,0,98.171,365,8189,5,0,408,5,4.11341,89545,1475705518,861,0,948,2746268182
1384,2.28035,122,0,2,0,109.708,366,8191,2,0,432,2,3.88598,89977,58576178,863,0,950,2877837956
1487,2.45013,279,0,3,0,187.702,367,8191,3,0,489,3,4.2815,90466,-1425648064,866,0,953,2810743054
1455,2.39737,147,0,5,0,133.662,368,8034,5,0,462,5,3.7113,90928,1361196262,871,0,958,2786844326
1463,2.41043,179,0,4,0,184.693,369,8189,4,0,357,4,4.60781,91285,-149766132,875,0,962,2784004902
1885,3.10594,369,0,1,0,153.561,372,8187,1,0,788,1,5.36259,92073,-1649920442,876,0,963,2794812986
1719,2.83249,374,0,0,0,227.402,374,8185,0,0,861,0,14.5073,92934,1153498036,876,0,963,2803418478
1541,2.53881,184,0,3,0,117.206,376,8191,3,0,650,3,17.9698,93584,-430517044,879,0,966,2710952216
1508,2.48449,377,0,3,0,186.912,377,8189,3,0,508,3,3.40147,94092,-2093206552,882,0,969,2632277788
1654,2.72505,315,0,4,0,122.64,378,8190,4,0,497,4,3.97498,94589,824629768,886,0,973,2917836320
1524,2.51086,252,0,1,0,157.696,380,8189,1,0,565,1,5.49278,95154,-550302424,887,0,974,2920035104
1613,2.6575,216,0,3,0,153.246,381,8191,3,0,535,3,6.39424,95689,2139798276,890,0,977,2690100700
1418,2.33624,206,0,3,0,124.578,382,8191,3,0,509,3,3.64702,96198,689047698,893,0,980,2844216718
1511,2.48955,170,0,3,0,82.481,384,8189,3,0,425,3,5.1879,96623,-787041046,896,0,983,2818878552
1144,1.88488,385,0,3,0,212.886,385,8189,3,0,351,3,11.4305,96974,1614567156,899,0,986,2401608202
28,0.0461321,385,0,0,0,223.742,385,8191,0,0,1,0,17.1886,96975,-2046542294,899,0,986,633857846
963,1.58653,192,0,386,0,87.095,192,8190,386,0,197,1,116.842,97172,-1115701918,1285,0,1372,5225807672
1394,2.29683,145,0,2,0,99.248,194,8190,2,0,561,2,6.89358,97733,1682334008,1287,0,1374,2798035926
1393,2.29506,195,0,2,0,129.388,197,8191,2,0,512,2,6.53102,98245,333166310,1289,0,1376,2945799598
1209,1.99208,198,0,5,0,93.578,199,8189,5,0,321,5,5.01157,98566,-1169610186,1294,0,1381,2792190800
1400,2.30661,125,0,3,0,109.206,201,8191,3,0,488,3,3.33061,99054,1542432280,1297,0,1384,2712042466
1394,2.29669,126,0,2,0,97.893,204,8189,2,0,550,2,5.11374,99604,102340770,1299,0,1386,2854875786
1362,2.24402,127,0,1,0,135.867,207,8189,1,0,591,1,2.34675,100195,-1401097744,1300,0,1387,2791528782
1460,2.4055,209,0,4,0,82.465,209,8190,4,0,458,4,5.4417,100653,1389695128,1304,0,1391,2790792872
1488,2.45146,208,0,0,0,159.408,212,8189,0,0,646,0,10.6197,101299,-126784722,1304,0,1391,2778487446
1455,2.39737,123,0,2,0,79.108,215,8189,2,0,579,2,3.11142,101878,-1615440944,1306,0,1393,2806311074
1395,2.29837,142,0,2,0,65.741,217,8191,2,0,556,2,3.20866,102434,1210097212,1308,0,1395,2825538156
1541,2.53909,208,0,4,0,73.191,219,8189,4,0,457,4,3.01749,102891,-293604096,1312,0,1399,2791265988
1372,2.26047,137,0,2,0,70.591,222,8191,2,0,568,2,4.17768,103459,-1827280860,1314,0,1401,2761290532
1388,2.28683,118,0,1,0,151.212,225,8029,1,0,604,1,6.25086,104063,986730088,1315,0,1402,2814010948
1380,2.27374,168,0,1,0,130.403,227,8191,1,0,560,1,7.78515,104623,-525774742,1316,0,1403,2782462466
1364,2.24733,170,0,2,0,121.931,229,8191,2,0,508,2,4.39357,105131,-2000113976,1318,0,1405,2820628062
1348,2.22102,172,0,4,0,85.164,231,8189,4,0,447,4,3.69646,105578,731440080,1322,0,1409,2731554056
1464,2.41215,178,0,2,0,85.458,234,8189,2,0,546,2,4.63088,106124,-717400702,1324,0,1411,2846126514
1449,2.38747,211,0,4,0,67.719,235,8189,4,0,447,4,3.57286,106571,2078319932,1328,0,1415,2795720634
1455,2.39737,238,0,2,0,84.152,238,8189,2,0,529,2,3.47893,107100,560733228,1330,0,1417,2777380592
1486,2.44842,215,0,3,0,87.836,240,8190,3,0,609,3,5.2291,107709,-1074607770,1333,0,1420,2659626298
1400,2.30679,101,0,1,0,125.953,243,8189,1,0,603,1,3.60747,108312,1837140754,1334,0,1421,2911748524
1354,2.2308,244,0,2,0,118.255,244,8189,2,0,383,2,3.24326,108695,317175486,1336,0,1423,2775002028
1460,2.40541,219,0,3,0,100.408,246,8187,3,0,449,3,4.11176,109144,-1156795520,1339,0,1426,2820996290
1397,2.30168,229,0,3,0,133.938,248,8189,3,0,492,3,3.65032,109636,1604800856,1342,0,1429,2761596376
1520,2.50451,250,0,1,0,125.075,250,8187,1,0,544,1,9.53862,110180,162881086,1343,0,1430,2853047526
1414,2.32966,121,0,3,0,150.719,252,8189,3,0,477,3,20.5802,110657,-1380565666,1346,0,1433,2751520544
1472,2.42512,252,0,3,0,133.454,254,8189,3,0,388,3,3.12131,111045,1417389904,1349,0,1436,2797955570
1402,2.30986,245,0,3,0,170.933,256,8189,3,0,510,3,3.69646,111555,-79159994,1352,0,1439,2798417398
1400,2.30676,257,0,3,0,140.655,257,8187,3,0,452,3,4.20899,112007,-1532437362,1355,0,1442,2841689928
1567,2.58175,233,0,3,0,77.301,259,8189,3,0,497,3,5.20603,112504,1250286806,1358,0,1445,2782724168
1334,2.1978,158,0,5,0,93.685,261,8191,5,0,440,5,3.68328,112944,-268852666,1363,0,1450,2775827824
1466,2.41531,161,0,4,0,95.859,263,8189,4,0,420,4,3.22843,113364,-1750164026,1367,0,1454,2813655936
1506,2.48142,120,0,5,0,98.08,264,8189,5,0,464,5,3.52837,113828,1033930658,1372,0,1459,2784094684
1552,2.55722,267,0,1,0,150.581,267,8189,1,0,606,1,4.18098,114434,-545053746,1373,0,1460,2715982892
1431,2.3577,147,0,5,0,170.165,268,8187,5,0,447,5,3.51518,114881,-1972016322,1378,0,1465,2868004720
1423,2.34463,131,0,3,0,98.259,270,8191,3,0,497,3,3.80523,115378,844094136,1381,0,1468,2816110458
1554,2.56032,273,0,1,0,160.559,273,8189,1,0,641,1,15.2391,116019,-667927484,1382,0,1469,2782945676
1528,2.51764,160,0,1,0,122.19,275,8189,1,0,714,1,10.7071,116733,2137364908,1383,0,1470,2805292392
1438,2.36921,203,0,3,0,116.894,277,8189,3,0,477,3,31.2247,117210,587297994,1386,0,1473,2744900382
1654,2.72516,244,0,2,0,170.979,279,8189,2,0,596,2,4.50728,117806,-869136878,1388,0,1475,2838532424
1481,2.44007,102,0,3,0,153.947,281,8189,3,0,460,3,7.47368,118266,1916267408,1391,0,1478,2785404286
1464,2.412,140,0,4,0,103.62,282,8189,4,0,419,4,5.28843,118685,412925970,1395,0,1482,2791625858
1487,2.45004,154,0,1,0,139.914,284,8189,1,0,601,1,5.71526,119286,-1070028010,1396,0,1483,2812013316
1549,2.55209,249,0,3,0,91.793,286,8189,3,0,460,3,3.80853,119746,1715136176,1399,0,1486,2785164186
1390,2.29025,288,0,3,0,212.71,288,8189,3,0,465,3,2.95486,120211,225167300,1402,0,1489,2804998420
1458,2.40204,236,0,1,0,185.346,290,8191,1,0,623,1,7.52312,120834,-1306602538,1403,0,1490,2763197458
1276,2.10226,192,0,5,0,139.416,291,8189,5,0,517,5,3.9997,121351,1435428068,1408,0,1495,2742030606
1594,2.62621,225,0,3,0,172.5,293,8189,3,0,493,3,8.25154,121844,-182213444,1411,0,1498,2677325784
1575,2.59473,295,0,1,0,131.829,295,8191,1,0,612,1,4.63088,122456,-1485785102,1412,0,1499,2991395638
1426,2.34945,150,0,1,0,92.376,297,8189,1,0,673,1,20.8225,123129,1220072808,1413,0,1500,2705857910
1540,2.53733,159,0,4,0,91.731,299,8187,4,0,470,4,4.1991,123599,-218043988,1417,0,1504,2856850500
1510,2.48793,145,0,6,0,127.875,300,8189,6,0,365,6,4.72152,123964,-1694851912,1423,0,1510,2818159372
1465,2.4139,131,0,4,0,111.709,302,8191,4,0,506,4,7.90051,124470,1103137380,1427,0,1514,2797989292
1434,2.36268,139,0,2,0,97.007,304,8187,2,0,503,2,4.32106,124973,-416575728,1429,0,1516,2775254188
1413,2.32795,105,0,4,0,154.642,305,8189,4,0,503,4,7.10618,125476,-1929426652,1433,0,1520,2782116372
1441,2.37408,307,0,4,0,135.262,307,8190,4,0,453,4,3.7459,125929,551076604,1437,0,1524,2480503256
2217,3.65289,293,0,0,0,138.81,310,8185,0,0,1029,0,17.4276,126958,-603729710,1437,0,1524,3140160982
1486,2.44825,310,0,1,0,195.491,312,8189,1,0,583,1,4.49245,127541,2099590434,1438,0,1525,2703320144
1348,2.2209,142,0,3,0,92.682,313,8191,3,0,337,3,50.0366,127878,644306544,1441,0,1528,2839683406
1536,2.53085,199,0,4,0,85.513,314,8189,4,0,401,4,5.61803,128279,-838393238,1445,0,1532,2812267514
1564,2.57703,248,0,2,0,137.254,316,8187,2,0,509,2,10.1401,128788,1963942032,1447,0,1534,2802335270
1449,2.38753,156,0,1,0,123.64,318,8189,1,0,651,1,9.87152,129439,478083164,1448,0,1535,2809108428
1477,2.43342,319,0,3,0,158.973,319,8190,3,0,484,3,4.42488,129923,-1338579954,1451,0,1538,2478304178
1578,2.59984,321,0,2,0,115.804,321,8190,2,0,509,2,3.31248,130432,1565016224,1453,0,1540,2903596178
1650,2.71869,323,0,2,0,138.04,323,8189,2,0,625,2,31.7092,131057,254327428,1455,0,1542,2984278500
1435,2.36426,159,0,2,0,129.942,325,8189,2,0,550,2,4.06562,131607,-1245106260,1457,0,1544,2795533608
1472,2.42529,274,0,1,0,158.469,327,8189,1,0,607,1,3.53496,132214,1559141326,1458,0,1545,2804247586
1521,2.50608,230,0,0,0,152.519,329,8189,0,0,787,0,4.36885,133001,-51008646,1458,0,1545,2684817324
1463,2.41043,187,0,2,0,107.934,331,8187,2,0,545,2,4.26997,133546,-1496675824,1460,0,1547,2849300118
1590,2.61962,169,0,2,0,121.903,333,8189,2,0,632,2,10.5142,134178,1294172474,1462,0,1549,2790848298
1630,2.68561,305,0,2,0,192.477,334,8189,2,0,599,2,5.17966,134777,-202083116,1464,0,1551,2798711706
1476,2.43181,120,0,7,0,87.242,335,8191,7,0,382,7,3.36851,135159,-1643352306,1471,0,1558,2853698106
1714,2.82404,338,0,0,0,198.241,338,8189,0,0,751,0,5.70702,135910,1140383922,1471,0,1558,2783736228
1906,3.14032,288,0,2,0,138.981,340,8191,2,0,813,2,13.8811,136723,-353903688,1473,0,1560,2800679686
1405,2.31481,164,0,2,0,147.059,341,7899,2,0,433,2,3.708,137156,-1942164586,1475,0,1562,2706706398
1629,2.68399,148,0,1,0,158.255,343,8189,1,0,679,1,5.00333,137835,927741526,1476,0,1563,2869906112
1552,2.55701,337,0,1,0,110.401,345,8189,1,0,589,1,6.01685,138424,-612967886,1477,0,1564,2754257884
228,0.375642,345,0,0,0,173.308,345,8191,0,0,107,0,8.97995,138531,374248932,1477,0,1564,987216818
358,0.589834,88,0,345,0,70.08,88,8189,105,0,86,0,11.9579,138617,702877354,1582,0,1909,4623595718
1427,2.35049,163,0,1,0,100.137,174,8189,1,0,599,1,3.27458,139216,-761227586,1583,0,1910,2830862356
1321,2.17647,178,0,1,0,141.356,178,8189,1,0,573,1,12.4309,139789,2022422892,1584,0,1911,2783650478
1249,2.05794,181,0,1,0,115.876,181,8191,1,0,540,1,5.25382,140329,493764372,1585,0,1912,2766308776
1568,2.58359,177,0,2,0,94.781,184,8189,2,0,631,2,3.28941,140960,-981315924,1587,0,1914,2819887000
1166,1.92106,186,0,4,0,109.745,186,8189,4,0,407,4,3.67504,141367,1616455840,1591,0,1918,2597771764
1526,2.51329,136,0,1,0,116.619,190,8189,1,0,658,1,5.12363,142025,290224160,1592,0,1919,2968735616
1415,2.33021,193,0,2,0,107.516,193,8189,2,0,514,2,5.54552,142539,-1196347000,1594,0,1921,2808396136
1575,2.59521,188,0,0,0,126.484,197,8189,0,0,793,0,3.16746,143332,1599812202,1594,0,1921,2796159202
1319,2.17316,160,0,3,0,108.358,199,8187,3,0,497,3,5.74163,143829,92723156,1597,0,1924,2787878250
1470,2.42191,150,0,2,0,56.354,202,8189,2,0,515,2,2.77194,144344,-1398557436,1599,0,1926,2803686704
1349,2.22256,204,0,2,0,115.414,204,8191,2,0,559,2,3.54814,144903,1298691664,1601,0,1928,2697249100
1463,2.41016,102,0,2,0,74.412,207,8191,2,0,565,2,2.95157,145468,-112609098,1603,0,1930,2883666534
1437,2.36762,122,0,2,0,102.003,210,8189,2,0,567,2,3.26963,146035,-1590907658,1605,0,1932,2816668736
1408,2.31931,210,0,3,0,104.01,212,8189,3,0,495,3,3.18723,146530,1105143910,1608,0,1935,2696051568
1472,2.42533,146,0,4,0,83.31,214,8187,4,0,465,4,16.5624,146995,-311737364,1612,0,1939,2878086022
1485,2.44679,136,0,3,0,104.195,217,8189,3,0,511,3,4.20075,147506,-1854578430,1615,0,1942,2752126230
1614,2.65917,216,0,6,0,61.605,219,8190,6,0,413,6,5.97894,147919,973171334,1621,0,1948,2827749764
1339,2.20602,159,0,3,0,87.255,221,8187,3,0,428,3,4.14637,148347,-539897976,1624,0,1951,2781897986
1556,2.56386,217,0,0,0,150.104,224,8189,0,0,754,0,8.84152,149101,-2007795810,1624,0,1951,2827069462
1436,2.36613,221,0,1,0,152.481,227,8189,1,0,623,1,3.24656,149724,789681110,1625,0,1952,2797476920
1276,2.1023,154,0,1,0,118.13,229,8189,1,0,567,1,2.72579,150291,-739609916,1626,0,1953,2765676270
1474,2.42855,177,0,2,0,83.247,232,8189,2,0,546,2,3.17405,150837,2074913180,1628,0,1955,2814523096
1466,2.41528,231,0,2,0,130.025,234,8189,2,0,537,2,3.22843,151374,525520506,1630,0,1957,2745574622
1341,2.2094,236,0,2,0,141.685,236,8187,2,0,557,2,5.37742,151931,-1103577066,1632,0,1959,2665869724
1550,2.5537,239,0,2,0,149.222,239,8190,2,0,546,2,7.80163,152477,1758428612,1634,0,1961,2862005678
1571,2.58852,222,0,2,0,90.174,241,8189,2,0,551,2,4.58144,153028,348849976,1636,0,1963,2885388660
1297,2.137,176,0,3,0,181.819,242,8187,3,0,376,3,3.68822,153404,-1170137428,1639,0,1966,2775979892
1498,2.46813,167,0,2,0,94.695,245,8189,2,0,647,2,2.86258,154051,1555945218,1641,0,1968,2726082646
1492,2.45823,245,0,1,0,156.521,247,8189,1,0,601,1,5.21262,154652,137019832,1642,0,1969,2876041910
1543,2.5423,241,0,0,0,160.602,251,8189,0,0,778,0,8.46083,155430,-1340059314,1642,0,1969,2817888150
1502,2.47472,237,0,5,0,75.715,252,8189,5,0,366,5,3.78875,155796,1403511558,1647,0,1974,2743570872
1559,2.56865,117,0,1,0,166.842,255,7999,1,0,724,1,3.6635,156520,-107456394,1648,0,1975,2783999344
1387,2.28527,256,0,3,0,180.138,257,8189,3,0,458,3,4.74789,156978,-1561681870,1651,0,1978,2840741820
1444,2.37924,245,0,7,0,112.89,258,8190,7,0,420,7,83.9986,157398,1171050160,1658,0,1985,2732732030
1522,2.50757,241,0,3,0,114.047,260,8191,3,0,428,3,36.6713,157826,-263764652,1661,0,1988,2860152484
1517,2.49938,214,0,1,0,149.333,263,8191,1,0,738,1,5.12528,158564,-1761761954,1662,0,1989,2796969994
1415,2.33125,220,0,3,0,83.452,265,8191,3,0,475,3,3.72283,159039,965987210,1665,0,1992,2727749164
1454,2.39568,265,0,2,0,77.785,266,8191,2,0,514,2,4.6968,159553,-505595774,1667,0,1994,2823384312
1424,2.34625,120,0,3,0,136.65,268,8191,3,0,459,3,3.46904,160012,-1954319264,1670,0,1997,2846243806
1374,2.26372,193,0,1,0,107.328,270,8191,1,0,522,1,6.91995,160534,812807630,1671,0,1998,2767126894
1444,2.37902,148,0,3,0,120.377,272,8189,3,0,397,3,19.1432,160931,-728064588,1674,0,2001,2754095078
1505,2.47957,272,0,3,0,146.746,274,8189,3,0,562,3,3.06693,161493,2094255836,1677,0,2004,2822320424
1420,2.33963,272,0,2,0,129.825,276,8187,2,0,578,2,3.57781,162071,617012344,1679,0,2006,2817723804
1599,2.63464,171,0,0,0,178.552,279,8189,0,0,856,0,18.8927,162927,-867749596,1679,0,2006,2810205356
1512,2.49113,281,0,4,0,87.347,281,8190,4,0,544,4,3.33555,163471,1811933830,1683,0,2010,2679683426
1605,2.64434,282,0,2,0,140.259,282,8189,2,0,464,2,3.64043,163935,401239226,1685,0,2012,2884272692
1494,2.46141,109,0,2,0,150.863,284,8191,2,0,585,2,3.75744,164520,-1092611808,1687,0,2014,2801116262
1405,2.31498,266,0,0,0,151.574,287,8191,0,0,629,0,3.88598,165149,1661541958,1687,0,2014,2754153766
1506,2.48139,221,0,1,0,113.325,289,8189,1,0,661,1,5.15824,165810,207557611,1688,0,2015,2840982949
1451,2.39084,161,0,2,0,105.582,291,8187,2,0,648,2,5.80755,166458,-1289631510,1690,0,2017,2797778175
1442,2.37591,286,0,4,0,165.999,293,8190,4,0,456,4,3.98322,166914,1401539998,1694,0,2021,2691171508
1422,2.34303,114,0,2,0,120.542,295,8191,2,0,544,2,4.02112,167458,-8728362,1696,0,2023,2884698936
1551,2.55542,212,0,1,0,183.394,297,8189,1,0,665,1,6.65298,168123,-1538043132,1697,0,2024,2765652526
1536,2.53056,298,0,3,0,167.706,298,8189,3,0,474,3,3.48882,168597,1262771962,1700,0,2027,2800815094
1523,2.50945,262,0,2,0,91.771,301,8189,2,0,633,2,5.62792,169230,-226744616,1702,0,2029,2805450718
1547,2.54878,285,0,0,0,80.682,303,8189,0,0,766,0,4.83029,169996,-1753944322,1702,0,2029,2767767590
1374,2.26377,193,0,3,0,100.1,305,8189,3,0,533,3,4.62594,170529,955603624,1705,0,2032,2709547946
1698,2.79767,307,0,2,0,129.341,307,8191,2,0,559,2,4.99838,171088,-420368600,1707,0,2034,2918995072
1508,2.48473,286,0,3,0,91.237,309,8189,3,0,569,3,5.9295,171657,-1918118368,1710,0,2037,2797217528
1411,2.32491,165,0,4,0,73.23,310,8190,4,0,470,4,3.49211,172127,884049364,1714,0,2041,2802167732
1413,2.3281,221,0,2,0,116.377,312,8189,2,0,459,2,3.9997,172586,-618411852,1716,0,2043,2792506080
1485,2.44658,203,0,2,0,128.838,313,8189,2,0,518,2,3.3784,173104,-2119461532,1718,0,2045,2793917616
1638,2.69869,310,0,0,0,179.711,316,8189,0,0,771,0,4.90939,173875,652603190,1718,0,2045,2772064722
1559,2.56876,305,0,1,0,144.479,318,8189,1,0,648,1,5.06595,174523,-836259952,1719,0,2046,2806104154
1443,2.37757,242,0,3,0,72.055,319,8183,3,0,508,3,5.37742,175031,1893971076,1722,0,2049,2730231028
1475,2.43028,193,0,3,0,96.243,320,8189,3,0,377,3,7.68792,175408,457935408,1725,0,2052,2858931628
1433,2.36105,134,0,3,0,83.435,322,8191,3,0,453,3,4.34248,175861,-1106730944,1728,0,2055,2730300944
1496,2.46489,211,0,0,0,120.824,324,8189,0,0,715,0,4.41334,176576,1741304820,1728,0,2055,2848035764
1701,2.80267,325,0,1,0,126.214,326,8189,1,0,719,1,4.12165,177295,259148896,1729,0,2056,2812811372
1630,2.68568,317,0,5,0,96.679,328,8189,5,0,559,5,6.85898,177854,-1262287206,1734,0,2061,2773531194
1606,2.64598,250,0,1,0,162.508,330,8189,1,0,681,1,3.43938,178535,1503911418,1735,0,2062,2766198624
1435,2.36429,188,0,3,0,143.612,332,8190,3,0,556,3,3.42125,179091,-513970,1738,0,2065,2790541908
1593,2.62635,318,0,1,0,116.588,333,8189,1,0,580,1,5.75646,179671,-1440960856,1739,0,2066,2854520410
1513,2.49287,119,0,2,0,173.048,335,8173,2,0,584,2,3.36027,180255,1346803648,1741,0,2068,2787764504
1514,2.49442,129,0,7,0,91.908,336,8191,7,0,290,7,4.81216,180545,-182842254,1748,0,2075,2765321394
1500,2.47155,219,0,3,0,127.427,337,8173,3,0,368,3,4.70669,180913,-1648448760,1751,0,2078,2829360790
1556,2.56361,153,0,2,0,93.712,339,8189,2,0,542,2,5.45488,181455,1117135558,1753,0,2080,2765584318
1453,2.39389,113,0,1,0,208.125,341,8187,1,0,610,1,3.25315,182065,-394842788,1754,0,2081,2782988950
1641,2.70379,340,0,3,0,127.744,342,8189,3,0,541,3,3.35533,182606,-1859746358,1757,0,2084,2830063726
1477,2.43356,298,0,1,0,151.222,344,8187,1,0,629,1,3.44926,183235,914144104,1758,0,2085,2773890462
1462,2.40831,286,0,5,0,81.28,345,8189,5,0,501,5,4.74954,183736,-561741430,1763,0,2090,2819081762
1491,2.45647,149,0,2,0,88.256,347,8189,2,0,580,2,15.3478,184316,-2092032126,1765,0,2092,2764676600
1503,2.47625,107,0,4,0,121.424,348,8190,4,0,416,4,3.61242,184732,720026620,1769,0,2096,2812058746
1458,2.40224,185,0,7,0,141.325,349,8189,7,0,259,7,29.4992,184991,-806744868,1776,0,2103,2768195808
1453,2.39396,287,0,5,0,88.945,350,8189,5,0,410,5,4.2848,185401,1950861200,1781,0,2108,2757606068
1445,2.38068,330,0,3,0,107.678,352,8191,3,0,482,3,7.14078,185883,409857340,1784,0,2111,2753963436
1237,2.03811,198,0,4,0,135.926,353,8191,4,0,468,4,4.06726,186351,-1051356390,1788,0,2115,2833753566
1548,2.55044,123,0,3,0,131.863,354,7996,3,0,438,3,4.50563,186789,1789758950,1791,0,2118,2841115340
1448,2.38578,243,0,5,0,63.626,355,8189,5,0,390,5,3.85467,187179,280794356,1796,0,2123,2786002702
1504,2.47731,222,0,5,0,90.187,357,8191,5,0,492,5,6.25086,187671,-1254373730,1801,0,2128,2759799210
1526,2.51415,124,0,6,0,133.143,358,8191,6,0,457,6,4.41005,188128,1609016184,1807,0,2134,2863389914
1361,2.24152,124,0,3,0,117.918,359,8189,3,0,478,3,6.1355,188606,86307034,1810,0,2137,2772258146
1514,2.49458,194,0,3,0,73.83,361,8189,3,0,527,3,6.90347,189133,-1410032780,1813,0,2140,2798627482
1418,2.33627,118,0,6,0,78.784,362,8189,6,0,405,6,18.9471,189538,1376054636,1819,0,2146,2786087416
1522,2.50692,224,0,3,0,88.906,363,8189,3,0,513,3,3.09165,190051,-112445122,1822,0,2149,2806467538
1531,2.52251,203,0,5,0,71.077,364,8189,5,0,401,5,4.64901,190452,-1635092308,1827,0,2154,2772320110
1501,2.47294,194,0,3,0,75.404,366,8189,3,0,578,3,5.69878,191030,1191806718,1830,0,2157,2826899026
1579,2.60153,227,0,3,0,116.313,367,8191,3,0,489,3,4.59298,191519,-328940626,1833,0,2160,2774219952
1528,2.5175,253,0,4,0,141.973,368,8189,4,0,343,4,3.39653,191862,-1865097910,1837,0,2164,2758810012
1608,2.64923,286,0,3,0,127.069,369,8191,3,0,494,3,7.14408,192356,973607118,1840,0,2167,2838705028
1144,1.88478,371,0,1,0,176.62,371,8191,1,0,506,1,10.0759,192862,-615595422,1841,0,2168,2705764756
0,0,371,0,0,0,176.62,371,8191,0,0,0,0,10.0759,192862,-615595422,1841,0,2168,0
1422,2.34287,121,0,376,0,60.335,186,8191,110,0,370,5,3.38664,193232,781930074,1951,0,2544,5692492792
1316,2.16819,184,0,3,0,81.434,188,8189,3,0,412,3,10.0528,193644,-716428862,1954,0,2547,2796608360
1497,2.4665,135,0,2,0,63.708,191,8189,2,0,596,2,8.6553,194240,2077952196,1956,0,2549,2794381058
1332,2.1943,134,0,3,0,80.5,193,8189,3,0,485,3,3.51683,194725,565336836,1959,0,2552,2782351936
1476,2.43198,196,0,0,0,123.097,197,8189,0,0,710,0,5.7268,195435,-953370246,1959,0,2552,2776260214
1347,2.21762,94,0,4,0,62.307,199,8086,4,0,420,4,3.18394,195855,1872800220,1963,0,2556,2826170466
1349,2.22213,176,0,6,0,106.106,201,8191,6,0,345,6,126.322,196200,372070286,1969,0,2562,2794237362
1437,2.36766,110,0,3,0,115.006,203,8189,3,0,465,3,5.10715,196665,-1138752066,1972,0,2565,2784144944
1457,2.40062,158,0,2,0,80.623,206,8189,2,0,568,2,4.944,197233,1637298988,1974,0,2567,2776051054
1521,2.50615,114,0,3,0,70.055,209,8189,3,0,541,3,4.53365,197774,156684982,1977,0,2570,2814353290
1499,2.46969,145,0,4,0,140.829,211,8191,4,0,511,4,60.8639,198285,-1384876330,1981,0,2574,2753405984
1385,2.28182,126,0,3,0,84.188,213,8189,3,0,501,3,3.46574,198786,1435982242,1984,0,2577,2820858572
1460,2.40542,215,0,6,0,77.858,215,8190,6,0,410,6,4.30128,199196,-174643380,1990,0,2583,2684341674
1566,2.58013,199,0,3,0,80.686,217,8189,3,0,456,3,3.45256,199652,-1548909928,1993,0,2586,2920700748
1410,2.32319,153,0,3,0,63.013,219,8189,3,0,429,3,3.54155,200081,1247841134,1996,0,2589,2796751062
1449,2.38716,106,0,3,0,120.807,221,8168,3,0,477,3,3.44597,200558,-264468718,1999,0,2592,2782657444
1272,2.09534,216,0,4,0,128.644,223,8189,4,0,336,4,18.2252,200894,-2063068560,2003,0,2596,2496367454
1360,2.24058,225,0,2,0,144.519,225,8191,2,0,569,2,3.88763,201463,800252306,2005,0,2598,2863320866
1423,2.34462,158,0,2,0,100.146,228,8189,2,0,490,2,7.06333,201953,-456069072,2007,0,2600,3038645918
1558,2.56705,216,0,3,0,131.245,230,8189,3,0,537,3,4.19416,202490,-1959390308,2010,0,2603,2791646060
1425,2.34795,214,0,3,0,93.337,232,8189,3,0,534,3,4.1167,203024,835918250,2013,0,2606,2795308558
1438,2.36922,231,0,2,0,92.74,234,8189,2,0,509,2,5.38402,203533,-676030290,2015,0,2608,2783018756
1379,2.27196,122,0,3,0,148.199,236,8189,3,0,465,3,3.05374,203998,2117687966,2018,0,2611,2793718256
1464,2.41197,122,0,3,0,103.629,238,8189,3,0,485,3,6.57222,204483,625222666,2021,0,2614,2802501996
1486,2.44821,229,0,4,0,100.202,241,8189,4,0,554,4,5.82403,205037,-957102152,2025,0,2618,2712642478
1512,2.49121,214,0,2,0,153.219,243,8189,2,0,572,2,6.65627,205609,1921578870,2027,0,2620,2878681022
1452,2.39227,245,0,4,0,166.568,245,8190,4,0,536,4,7.69781,206145,353079080,2031,0,2624,2726467506
1591,2.62017,128,0,4,0,74.816,247,8189,4,0,449,4,4.09363,206594,-1076490646,2035,0,2628,2865397570
1637,2.69694,191,0,2,0,81.524,250,8189,2,0,610,2,2.47694,207204,1635175262,2037,0,2630,2711665908
1486,2.44821,252,0,4,0,94.395,252,8191,4,0,544,4,5.15494,207748,-1289264,2041,0,2634,2658502770
1526,2.51432,189,0,2,0,61.129,254,8191,2,0,500,2,7.42259,208248,-1307009782,2043,0,2636,2989246778
1528,2.51758,159,0,5,0,132.295,255,8189,5,0,440,5,3.4608,208688,1479309922,2048,0,2641,2786319704
1432,2.35939,186,0,3,0,145.362,258,8189,3,0,536,3,4.53859,209224,-17484878,2051,0,2644,2798172496
1513,2.49275,145,0,4,0,101.881,259,8189,4,0,447,4,3.4987,209671,-1530956842,2055,0,2648,2781495332
1426,2.34928,259,0,2,0,145.21,261,8189,2,0,558,2,3.19712,210229,1295341556,2057,0,2650,2826298398
1461,2.40722,135,0,2,0,97.686,264,8187,2,0,559,2,4.51387,210788,-197973082,2059,0,2652,2801652658
1471,2.42354,85,0,3,0,115.767,266,8187,3,0,531,3,3.73437,211319,-1702120668,2062,0,2655,2790819710
1410,2.32291,103,0,3,0,120.16,267,8166,3,0,406,3,5.41862,211725,950832362,2065,0,2658,2652953030
1512,2.49121,181,0,3,0,111.513,269,8191,3,0,444,3,15.1764,212169,-409906630,2068,0,2661,2934228304
1442,2.37563,257,0,4,0,71.509,270,8185,4,0,397,4,4.4529,212566,-1982131008,2072,0,2665,2722742918
1394,2.29672,165,0,4,0,61.265,272,8187,4,0,470,4,8.68166,213036,887848090,2076,0,2669,2869979098
1410,2.3231,274,0,1,0,186.822,274,8190,1,0,655,1,12.2413,213691,-815692186,2077,0,2670,2591427020
1683,2.77262,138,0,2,0,138.19,277,8189,2,0,630,2,3.38334,214321,-2127774080,2079,0,2672,2982885402
1400,2.30667,181,0,4,0,111.582,278,8189,4,0,383,4,3.81347,214704,669573928,2083,0,2676,2797348008
1496,2.46476,279,0,8,0,96.515,279,8191,8,0,365,8,4.50563,215069,-888094048,2091,0,2684,2737299320
1573,2.59183,153,0,3,0,70.918,281,8189,3,0,491,3,3.05539,215560,1935228468,2094,0,2687,2823322516
1465,2.4137,111,0,3,0,105.76,283,8189,3,0,513,3,3.83654,216073,375034836,2097,0,2690,2734773664
1679,2.76603,285,0,1,0,156.966,285,8187,1,0,659,1,14.3277,216732,-1073568646,2098,0,2691,2846363814
1442,2.37591,285,0,3,0,84.066,287,8190,3,0,440,3,33.1891,217172,1743879134,2101,0,2694,2817447780
1489,2.45319,157,0,3,0,95.552,288,8187,3,0,389,3,3.77886,217561,227299268,2104,0,2697,2778387430
1522,2.50762,199,0,2,0,87.882,290,8191,2,0,586,2,3.23008,218147,-1288047058,2106,0,2699,2779620970
1605,2.64432,248,0,1,0,157.974,292,8191,1,0,643,1,8.08344,218790,1511892826,2107,0,2700,2799939884
1444,2.37907,151,0,1,0,152.74,294,8189,1,0,631,1,4.89456,219421,5406092,2108,0,2701,2788480562
1486,2.44839,141,0,4,0,94.707,296,8189,4,0,451,4,4.19086,219872,-1440026782,2112,0,2705,2849534422
1452,2.39214,138,0,3,0,81.586,298,8189,3,0,507,3,21.5064,220379,1268129424,2115,0,2708,2708156206
1445,2.38072,138,0,5,0,100.036,299,8191,5,0,445,5,4.38862,220824,-205341362,2120,0,2713,2821496510
1510,2.48792,117,0,4,0,69.281,301,8191,4,0,465,4,3.8349,221289,-1649487384,2124,0,2717,2850821274
1298,2.13857,302,0,4,0,105.674,302,8191,4,0,371,4,5.32139,221660,967347536,2128,0,2721,2616834920
1548,2.55043,304,0,2,0,142.06,304,8187,2,0,518,2,9.09366,222178,-381628362,2130,0,2723,2945991398
1345,2.21594,235,0,3,0,86.909,305,8191,3,0,517,3,15.9197,222695,-2005657584,2133,0,2726,2670938074
1415,2.33126,121,0,6,0,109.602,307,8191,6,0,373,6,9.61608,223068,925717240,2139,0,2732,2931374824
1448,2.38584,226,0,1,0,189.54,309,8189,1,0,615,1,12.566,223683,-583803126,2140,0,2733,2785446930
1460,2.40555,194,0,2,0,81.171,310,8187,2,0,550,2,2.94333,224233,-2072229580,2142,0,2735,2806540842
1532,2.5243,158,0,2,0,106.95,312,8191,2,0,573,2,5.08902,224806,730489010,2144,0,2737,2802718590
1372,2.26062,146,0,1,0,88.143,314,8189,1,0,616,1,3.31742,225422,-771189564,2145,0,2738,2793288722
1384,2.28034,146,0,3,0,160.322,316,8189,3,0,446,3,7.95325,225868,2021061630,2148,0,2741,2792251194
1443,2.37748,195,0,4,0,166.429,317,8189,4,0,486,4,140.734,226354,507025972,2152,0,2745,2780931638
1467,2.41698,299,0,8,0,126.666,318,8189,8,0,314,8,7.42259,226668,-1038373566,2160,0,2753,2749567758
1392,2.29338,199,0,8,0,82.892,319,8191,8,0,346,8,3.93872,227014,1683385096,2168,0,2761,2721758662
1386,2.2837,141,0,6,0,77.109,320,8191,6,0,322,6,3.63219,227336,312037968,2174,0,2767,2923620168
1420,2.33954,130,0,3,0,103.761,322,8189,3,0,524,3,3.9173,227860,-1192743734,2177,0,2770,2790185594
1464,2.41201,177,0,8,0,101.821,323,8191,8,0,385,8,6.5887,228245,1557705212,2185,0,2778,2750448946
1505,2.47971,102,0,4,0,107.556,324,8191,4,0,494,4,4.02112,228739,75431394,2189,0,2782,2812693478
1506,2.48119,192,0,5,0,84.054,326,8186,5,0,432,5,3.53002,229171,-1477890212,2194,0,2787,2741645690
1358,2.23743,327,0,6,0,140.438,327,8191,6,0,313,6,3.01254,229484,1151375000,2200,0,2793,2629265212
1531,2.52243,137,0,4,0,121.419,328,8189,4,0,334,4,7.7044,229818,-102250986,2204,0,2797,3041341310
1410,2.32293,204,0,1,0,109.938,330,8189,1,0,675,1,4.35566,230493,-1769251298,2205,0,2798,2627966984
1562,2.57349,158,0,3,0,69.803,331,8191,3,0,469,3,4.60616,230962,1189425858,2208,0,2801,2958677156
1398,2.30317,332,0,15,0,104.481,332,8145,15,0,197,15,5.14341,231159,-692614740,2223,0,2816,2412926698
1,0.00164765,332,0,1,0,104.481,332,8145,1,0,0,1,5.14341,231159,-692614740,2224,0,2817,0
824,1.35766,144,0,333,0,58.886,166,8191,168,0,213,1,3.10648,231372,945228624,2392,0,3150,5932810660
1326,2.18485,131,0,3,0,100.238,169,8189,3,0,454,3,3.85467,231826,-511976416,2395,0,3153,2837762256
1315,2.16655,130,0,2,0,92.665,171,8189,2,0,496,2,4.61275,232322,-2032659444,2397,0,3155,2774284268
1328,2.18808,146,0,3,0,77.321,174,8191,3,0,439,3,4.80062,232761,780838390,2400,0,3158,2813497834
1205,1.98533,176,0,3,0,102.127,176,8191,3,0,445,3,4.33918,233206,-909931856,2403,0,3161,2604197050
1223,2.01495,178,0,4,0,74.853,178,8191,4,0,359,4,3.27293,233565,2051441174,2407,0,3165,2961373030
1335,2.19968,169,0,2,0,114.83,181,8191,2,0,427,2,2.83291,233992,553391750,2409,0,3167,2796917872
1361,2.24235,111,0,3,0,61.664,184,8189,3,0,532,3,3.06363,234524,-937612958,2412,0,3170,2803962588
1237,2.03807,141,0,3,0,86.291,186,8189,3,0,417,3,3.71954,234941,1829224108,2415,0,3173,2766837066
1355,2.23243,100,0,4,0,108.419,189,8191,4,0,466,4,3.45256,235407,361214946,2419,0,3177,2826958134
1397,2.30159,164,0,2,0,119.016,191,8189,2,0,510,2,74.6775,235917,-1183574771,2421,0,3179,2750177579
1324,2.18137,100,0,2,0,85.29,194,8189,2,0,621,2,4.15461,236538,1636234758,2423,0,3181,2819809529
1258,2.07262,116,0,4,0,129.469,197,8189,4,0,424,4,3.98816,236962,139328686,2427,0,3185,2798061224
1221,2.01172,120,0,3,0,103.276,199,8191,3,0,423,3,4.29139,237385,-1357976260,2430,0,3188,2797662350
1345,2.21598,201,0,5,0,96.792,201,8189,5,0,388,5,3.94037,237773,1267477536,2435,0,3193,2625453796
1317,2.16999,195,0,3,0,94.469,203,8191,3,0,403,3,4.02442,238176,-125269040,2438,0,3196,2902220720
1294,2.13206,155,0,2,0,88.903,205,8189,2,0,477,2,3.69646,238653,-1550018622,2440,0,3198,2870217714
1382,2.27709,202,0,5,0,87.209,207,8191,5,0,448,5,3.10318,239101,1238588444,2445,0,3203,2788607066
1265,2.0843,134,0,3,0,85.545,209,8189,3,0,408,3,3.46245,239509,-297413342,2448,0,3206,2758965510
1374,2.26377,136,0,4,0,88.514,211,8189,4,0,412,4,5.09232,239921,-1794804598,2452,0,3210,2797576040
1422,2.34278,126,0,2,0,128.615,214,8189,2,0,559,2,5.32634,240480,1029949740,2454,0,3212,2824754338
1424,2.34621,216,0,2,0,100.408,216,8191,2,0,484,2,4.07056,240964,-483990762,2456,0,3214,2781026794
1371,2.25876,153,0,2,0,98.779,219,8191,2,0,569,2,3.03397,241533,-2029410320,2458,0,3216,2749547738
1377,2.26868,123,0,3,0,100.518,221,8191,3,0,562,3,3.95685,242095,794964072,2461,0,3219,2824374392
1395,2.29834,224,0,2,0,142.769,224,8190,2,0,579,2,4.08869,242674,-911725602,2463,0,3221,2588277622
1443,2.37743,210,0,2,0,97.284,226,8191,2,0,518,2,4.23536,243192,1940602002,2465,0,3223,2852327604
1466,2.4155,124,0,3,0,118.558,228,8189,3,0,405,3,3.99146,243597,607571978,2468,0,3226,2961937272
1324,2.18139,121,0,2,0,111.263,230,8189,2,0,500,2,4.09034,244097,-880817180,2470,0,3228,2806578138
1438,2.3693,231,0,1,0,57.38,232,8189,1,0,560,1,3.48387,244657,1916599946,2471,0,3229,2797417126
1387,2.28537,216,0,4,0,127.102,235,8191,4,0,530,4,2.97134,245187,407265206,2475,0,3233,2785632556
1427,2.35108,127,0,3,0,77.6,237,8191,3,0,492,3,4.55013,245679,-1119734146,2478,0,3236,2767967944


