SendPacket,SendRate(Mb/s),FlightSize,ReceiveRate(Mb/s),Send Loss,Recv Loss,RTT(ms),CWnd,FlowWindow,Retrans,PktSndPeriod(us),RecvACK,RecvNAK,EstimatedBandwidth(Mb/s),Retrans_Total,NAK_TotalRecv,Total Send Loss,Total Recv Loss,Timeout,usSndDuration
338,2.96959,75,0,4,0,111.744,75,8163,4,0,103,4,8.35517,4,4,4,0,0,-629569116894093
427,4.1185,90,0,15,0,122.636,90,8163,15,0,38,15,7.236,19,19,19,0,0,2386085632
290,2.79696,66,0,92,0,91.253,66,8191,69,0,83,2,7.61227,88,21,111,0,1,3069194590
450,4.34041,98,0,10,0,102.951,98,8163,10,0,83,10,7.82453,98,31,121,0,1,2460653944
371,3.57841,55,0,99,0,82.968,76,8191,60,0,105,1,9.1849,158,32,220,0,2,3286279444
423,4.07981,95,0,23,0,90.897,95,8164,23,0,51,23,7.52544,181,55,243,0,2,2338743400
346,3.3373,58,0,100,0,68.711,60,8189,64,0,70,5,6.21331,245,60,343,0,3,3285465274
494,4.76463,86,0,13,0,143.657,100,8191,13,0,100,13,6.43522,258,73,356,0,3,2715284922
432,4.16679,109,0,41,0,104.743,109,8178,41,0,30,40,7.96925,299,113,397,0,3,2183005104
476,4.5915,73,0,112,0,84.835,82,8191,112,0,119,3,10.0629,411,116,509,0,4,3463532016
546,5.26645,98,0,14,0,93.984,98,8191,14,0,45,14,10.9794,425,130,523,0,4,2755891348
364,3.51106,9,0,119,0,97.104,9,8189,115,0,19,17,9.22349,540,147,642,0,5,2861504114
495,4.77477,86,0,7,0,118.4,93,8189,7,0,144,7,7.09128,547,154,649,0,5,2716093926
366,3.53012,69,0,101,0,90.693,69,8189,66,0,92,6,8.7025,613,160,750,0,6,2737250838
546,5.26635,93,0,17,0,97.406,98,8174,17,0,77,17,9.9085,630,177,767,0,6,2881457880
247,2.38241,43,0,106,0,39.123,43,8191,66,0,45,7,10.4488,696,184,873,0,7,2819042086
302,2.9129,29,0,56,0,51.56,29,8189,9,0,121,2,7.50614,705,186,929,0,8,2796244248
383,3.69418,34,0,5,0,57.512,34,8189,5,0,149,5,6.11683,710,191,934,0,8,2799641446
460,4.43682,5,0,62,0,74.953,3,8137,59,0,163,4,5.59584,769,195,996,0,9,2519610940
289,2.78747,7,0,33,0,56.133,7,8189,33,0,104,2,6.61853,802,197,1029,0,10,3086089356
405,3.90635,24,0,0,0,46.141,24,8189,0,0,201,0,6.36768,802,197,1029,0,10,2669073596
402,3.87739,31,0,1,0,73.895,31,8189,1,0,190,1,6.2712,803,198,1030,0,10,2903924408
480,4.62981,37,0,40,0,52.671,2,8189,40,0,197,3,9.79272,843,201,1070,0,11,2521191162
300,2.89363,24,0,0,0,42.656,24,8189,0,0,145,0,10.2655,843,201,1070,0,11,3083150476
432,4.16681,31,0,2,0,47.798,31,8189,2,0,192,2,9.1849,845,203,1072,0,11,2790551708
463,4.46577,36,0,2,0,59.382,36,8189,2,0,200,2,8.95334,847,205,1074,0,11,2765493458
520,5.01584,84,0,3,0,134.359,106,8187,3,0,193,3,10.2944,850,208,1077,0,11,2591323336
454,4.37909,114,0,32,0,120.775,114,8191,32,0,29,32,10.1979,882,240,1109,0,11,2265853338
366,3.5302,71,0,120,0,72.423,71,8174,65,0,92,6,8.41306,947,246,1229,0,12,3457787802
395,3.80991,3,0,118,0,115.442,3,8191,64,0,122,5,7.41931,1011,251,1347,0,13,2403400818
391,3.77133,74,0,4,0,99.868,77,8189,4,0,107,4,7.53509,1015,255,1351,0,13,3141588024
376,3.62669,67,0,85,0,77.849,71,8191,60,0,102,4,8.75074,1075,259,1436,0,14,2891188810
454,4.37899,93,0,22,0,120.468,93,8174,22,0,55,22,9.08842,1097,281,1458,0,14,2836090348
296,2.85503,9,0,129,0,119.246,9,8189,129,0,24,29,9.33926,1226,310,1587,0,15,2769390274
471,4.54296,83,0,12,0,109.729,83,8191,12,0,114,12,10.8058,1238,322,1599,0,15,2657230940
330,3.18295,54,0,88,0,73.213,54,8189,63,0,61,5,9.08842,1301,327,1687,0,16,2936856482
304,2.93236,35,0,73,0,74.968,35,8191,61,0,102,2,9.58046,1362,329,1760,0,17,2563339100
383,3.69425,24,0,35,0,43.836,24,8191,35,0,170,0,7.12022,1397,329,1795,0,18,3016018054
431,4.15737,32,0,0,0,70.377,32,8189,0,0,220,0,7.56403,1397,329,1795,0,18,2830571086
355,3.42279,19,0,36,0,47.772,19,8189,36,0,156,1,6.9948,1433,330,1831,0,19,2789265430
449,4.3311,28,0,0,0,71.999,28,8191,0,0,227,0,9.60941,1433,330,1831,0,19,2779308770
302,2.91226,17,0,32,0,43.206,17,8190,32,0,131,1,9.67694,1465,331,1863,0,20,2802968882
420,4.05108,27,0,0,0,40.873,27,8189,0,0,214,0,10.4295,1465,331,1863,0,20,2795094246
404,3.89681,33,0,1,0,80.896,33,8189,1,0,192,1,10.497,1466,332,1864,0,20,2759473948
413,3.98356,37,0,5,0,84.02,37,8189,5,0,159,5,9.03053,1471,337,1869,0,20,2835709484
523,5.04312,95,0,8,0,103.835,96,8189,8,0,123,8,8.91475,1479,345,1877,0,20,2771028940
529,5.10235,80,0,22,0,101.429,114,8191,22,0,61,22,10.2655,1501,367,1899,0,20,2816457070
294,2.83563,37,0,131,0,50.907,37,8191,90,0,41,15,12.3591,1591,382,2030,0,21,2786787570
478,4.6105,87,0,8,0,76.194,87,8191,8,0,97,8,13.4397,1599,390,2038,0,21,2625300020
573,5.52605,91,0,13,0,98.465,109,8189,13,0,68,13,11.4618,1612,403,2051,0,21,2775155642
474,4.57207,118,0,31,0,88.086,118,8191,31,0,32,31,10.1304,1643,434,2082,0,21,2245252436
364,3.51105,58,0,120,0,125.415,72,8144,61,0,95,2,9.51293,1704,436,2202,0,22,3486669284
497,4.79384,98,0,9,0,124.838,106,8189,9,0,96,9,10.9891,1713,445,2211,0,22,2815466402
475,4.58182,104,0,17,0,158.092,129,8171,17,0,84,17,11.2206,1730,462,2228,0,22,2825820186
376,3.6269,6,0,150,0,122.387,6,8190,150,0,16,18,11.6258,1880,480,2378,0,23,2745023120
470,4.53342,33,0,65,0,47.659,33,8189,65,0,165,3,9.30067,1945,483,2443,0,24,2843547644
422,4.07061,37,0,4,0,67.419,37,8189,4,0,166,4,7.96925,1949,487,2447,0,24,2724542688
440,4.24352,92,0,6,0,130.501,92,8190,6,0,122,6,8.56742,1955,493,2453,0,24,2564197566
362,3.49177,7,0,116,0,110.688,7,8189,86,0,42,12,9.4068,2041,505,2569,0,25,3098026344
444,4.28256,35,0,72,0,55.794,35,8189,72,0,143,2,10.5742,2113,507,2641,0,26,2765804426
506,4.88078,74,0,2,0,89.926,86,8189,2,0,180,2,11.2785,2115,509,2643,0,26,2821652540
559,5.39178,95,0,8,0,102.09,116,8155,8,0,96,8,12.0793,2123,517,2651,0,26,2711144660
434,4.18622,23,0,140,0,49.051,23,8191,79,0,34,20,10.9891,2202,537,2791,0,27,2878685152
346,3.33605,6,0,82,0,128.871,6,8182,78,0,86,8,9.67694,2280,545,2873,0,28,2729565006
450,4.33953,70,0,5,0,105.228,70,8189,5,0,123,5,6.76325,2285,550,2878,0,28,2668277444
477,4.60124,98,0,13,0,132.488,99,8191,13,0,78,13,6.93691,2298,563,2891,0,28,2812661754
280,2.70114,61,0,110,0,74.632,61,8190,70,0,73,10,5.97211,2368,573,3001,0,29,2955366890
356,3.43383,55,0,7,0,155.945,93,8191,7,0,79,7,5.48006,2375,580,3008,0,29,2636606056
595,5.73946,121,0,10,0,138.114,122,8189,10,0,95,10,7.09128,2385,590,3018,0,29,2946974786
498,4.80364,88,0,13,0,103.869,145,8189,13,0,97,12,9.43574,2398,602,3031,0,29,2454883508
293,2.82609,39,0,156,0,56.389,39,8190,130,0,38,11,11.6548,2528,613,3187,0,30,2969168846
283,2.72979,3,0,73,0,102.51,3,8123,72,0,49,5,8.89546,2600,618,3260,0,31,2669962666
394,3.80029,37,0,3,0,68.485,37,8191,3,0,140,3,8.2008,2603,621,3263,0,31,3093685560
439,4.23413,73,0,6,0,109.299,86,8189,6,0,128,6,9.59976,2609,627,3269,0,31,2696190448
576,5.55581,70,0,8,0,125.653,116,8189,8,0,96,8,11.3171,2617,635,3277,0,31,2864584422
446,4.30183,135,0,144,0,112.634,2,8190,67,0,75,9,12.4363,2684,644,3421,0,32,1678047756
457,4.40791,89,0,2,0,113.512,95,8191,8,0,154,2,12.1179,2692,646,3423,0,32,3900330154
330,3.18321,20,0,113,0,73.04,20,8189,79,0,50,8,11.6837,2771,654,3536,0,33,2818239824
357,3.44344,3,0,81,0,98.645,3,8113,63,0,93,3,11.4618,2834,657,3617,0,34,2453048100
498,4.80357,58,0,5,0,129.377,95,8189,5,0,154,5,11.1338,2839,662,3622,0,34,3149750044
419,4.04138,109,0,125,0,107.071,2,8173,74,0,45,16,10.9119,2913,678,3747,0,35,1925711326
448,4.32129,71,0,3,0,97.663,88,8189,5,0,135,3,10.7189,2918,681,3750,0,35,3652312636
581,5.60383,109,0,18,0,107.547,109,8183,18,0,65,18,8.48059,2936,699,3768,0,35,2784287380
562,5.42106,120,0,28,0,123.609,127,8174,28,0,67,27,8.15256,2964,726,3796,0,35,2771012426
388,3.74269,59,0,138,0,73.705,64,8191,124,0,82,10,11.5197,3088,736,3934,0,36,2741160618
516,4.9773,105,0,7,0,98.162,105,8191,7,0,109,7,10.5839,3095,743,3941,0,36,2719411016
240,2.31497,32,0,112,0,69.602,32,8189,64,0,34,6,9.39715,3159,749,4053,0,37,2958608618
554,5.34353,103,0,10,0,99.983,103,8162,10,0,151,10,9.43574,3169,759,4063,0,37,2669318120
366,3.53026,51,0,111,0,56.857,51,8191,104,0,60,6,8.60602,3273,765,4174,0,38,2820192550
490,4.72587,78,0,8,0,133.604,95,8191,8,0,100,8,6.67642,3281,773,4182,0,38,2848862996
568,5.47852,95,0,12,0,132.921,117,8172,12,0,73,12,7.22635,3293,785,4194,0,38,2756907972
582,5.61351,117,0,34,0,119.374,135,8177,34,0,72,34,10.7479,3327,819,4228,0,38,2857311156
284,2.73925,40,0,144,0,56.765,40,8189,132,0,40,9,10.3523,3459,828,4372,0,39,2821361536
358,3.45306,31,0,63,0,47.772,31,8191,63,0,107,3,9.1849,3522,831,4435,0,40,2798354132
464,4.47557,37,0,2,0,69.925,37,8190,2,0,220,2,9.72518,3524,833,4437,0,40,2788665278
401,3.86786,30,0,59,0,55.397,30,8189,59,0,136,2,10.0339,3583,835,4496,0,41,2769910010
472,4.55271,36,0,4,0,63.961,36,8189,4,0,189,4,9.63835,3587,839,4500,0,41,2814336700
415,4.00254,90,0,4,0,172.827,90,8191,4,0,171,4,9.47434,3591,843,4504,0,41,2645015758
562,5.42093,120,0,8,0,133.031,120,8189,8,0,100,8,9.63835,3599,851,4512,0,41,2943938200
460,4.43712,132,0,22,0,146.619,132,8179,22,0,45,22,10.6417,3621,873,4534,0,41,2275497406
366,3.53019,4,0,203,0,82.127,4,8180,135,0,88,3,9.43574,3756,876,4737,0,43,3319044652
495,4.77438,66,0,1,0,61.254,67,8189,1,0,222,1,7.51579,3757,877,4738,0,43,2762922512
502,4.84172,73,0,4,0,115.753,99,8189,4,0,85,4,7.88242,3761,881,4742,0,43,2700225780
476,4.59117,106,0,134,0,97.527,2,8176,86,0,21,28,10.4584,3847,909,4876,0,44,2003432942
442,4.26323,70,0,8,0,87.327,78,8189,9,0,109,8,10.6128,3856,917,4884,0,44,3659995528
514,4.95781,105,0,18,0,110.572,105,8191,18,0,79,18,8.41306,3874,935,4902,0,44,2815504244
360,3.47245,30,0,126,0,51.749,30,8189,75,0,40,17,8.38411,3949,952,5028,0,45,2826845812
332,3.20243,35,0,77,0,92.388,35,8191,65,0,100,5,6.93691,4014,957,5105,0,46,2762133556
424,4.08964,88,0,4,0,132.99,88,8191,4,0,174,4,8.97264,4018,961,5109,0,46,2674408898
561,5.41099,77,0,12,0,108.228,114,8191,12,0,84,12,9.53222,4030,973,5121,0,46,2866263484
352,3.39517,46,0,140,0,130.921,3,8119,120,0,15,22,9.45504,4150,995,5261,0,47,2612111768
413,3.9834,68,0,7,0,135.387,82,8189,18,0,119,7,8.69285,4168,1002,5268,0,47,3045438298
450,4.34043,95,0,19,0,113.809,99,8191,19,0,48,19,9.09806,4187,1021,5287,0,47,2740235904
352,3.39538,4,0,143,0,119.852,4,8130,103,0,27,35,8.45165,4290,1056,5430,0,48,2813836816
394,3.80027,63,0,7,0,113.367,74,8191,7,0,98,7,7.28424,4297,1063,5437,0,48,2835589274
432,4.16683,110,0,10,0,216.838,110,8189,10,0,105,10,7.36142,4307,1073,5447,0,48,2650864972
341,3.28885,5,0,136,0,121.544,5,8141,131,0,16,22,8.86651,4438,1095,5583,0,49,2910535964
427,4.11842,67,0,6,0,118.254,83,8189,6,0,120,6,9.07877,4444,1101,5589,0,49,2788914366
564,5.43997,96,0,20,0,111.344,111,8191,20,0,85,20,7.83418,4464,1121,5609,0,49,2804592406
517,4.98665,3,0,161,0,80.863,3,8120,100,0,33,41,9.39715,4564,1162,5770,0,50,2730617862
318,3.06731,22,0,61,0,58.207,22,8191,61,0,85,3,10.0532,4625,1165,5831,0,51,2878251334
445,4.29181,34,0,3,0,59.343,34,8189,3,0,193,3,6.02035,4628,1168,5834,0,51,2741597530
438,4.22467,16,0,62,0,80.974,16,8191,62,0,161,4,6.5124,4690,1172,5896,0,52,2839469724
397,3.8292,14,0,34,0,49.939,14,8189,34,0,173,1,7.37107,4724,1173,5930,0,53,2717142246
335,3.23127,23,0,1,0,63.103,23,8189,1,0,161,1,8.69285,4725,1174,5931,0,53,2875397714
417,4.02178,30,0,2,0,49.356,30,8189,2,0,185,2,8.9051,4727,1176,5933,0,53,2795389618
454,4.37906,36,0,3,0,53.609,36,8189,3,0,186,3,7.60262,4730,1179,5936,0,53,2768086804
520,5.01585,70,0,4,0,101.538,92,8191,4,0,174,4,8.55778,4734,1183,5940,0,53,2739565864
567,5.4691,112,0,12,0,138.078,112,8189,12,0,66,12,7.89206,4746,1195,5952,0,53,2757976956
497,4.79394,117,0,22,0,127.139,117,8173,22,0,17,22,7.99819,4768,1217,5974,0,53,2587832184
351,3.38548,59,0,119,0,106.158,67,8191,75,0,84,2,9.13666,4843,1219,6093,0,54,3107941578
341,3.28916,6,0,95,0,105.445,6,8189,79,0,42,12,10.1979,4922,1231,6188,0,55,2749592300
420,4.05105,81,0,7,0,109.453,81,8189,7,0,114,7,9.17525,4929,1238,6195,0,55,2514632274
540,5.20845,103,0,5,0,144.69,124,8191,5,0,138,5,7.35178,4934,1243,6200,0,55,3060422904
521,5.02519,137,0,42,0,111.565,137,8191,42,0,51,42,7.07198,4976,1285,6242,0,55,2358478220
473,4.56225,73,0,140,0,90.48,76,8189,140,0,105,3,5.97211,5116,1288,6382,0,56,3288515328
484,4.66833,92,0,12,0,159.577,110,8159,12,0,99,12,6.78254,5128,1300,6394,0,56,2639722456
272,2.62369,17,0,131,0,92.547,17,8191,90,0,26,17,8.442,5218,1317,6525,0,57,2919865200
539,5.19883,75,0,4,0,120.48,103,8191,4,0,165,4,9.31032,5222,1321,6529,0,57,2764822134
339,3.26978,51,0,111,0,56.028,51,8191,63,0,68,4,7.62192,5285,1325,6640,0,58,2839031800
481,4.63934,59,0,87,0,57.924,59,8189,73,0,136,5,6.76325,5358,1330,6727,0,59,2755123028
437,4.21489,98,0,7,0,131.081,98,8191,7,0,96,7,8.00784,5365,1337,6734,0,59,2606363270
291,2.80692,8,0,117,0,98.277,8,8191,75,0,15,15,8.59637,5440,1352,6851,0,60,2974001240
583,5.62323,81,0,6,0,107.03,97,8189,6,0,154,6,9.47434,5446,1358,6857,0,60,2832759244
251,2.42098,9,0,113,0,114.523,9,8191,67,0,31,9,10.2944,5513,1367,6970,0,61,2804419744
435,4.19561,31,0,60,0,55.281,31,8190,59,0,158,1,9.27173,5572,1368,7030,0,62,2813194314
287,2.76837,19,0,33,0,42.085,19,8189,33,0,123,1,7.57368,5605,1369,7063,0,63,2805163452
322,3.10593,26,0,0,0,62.498,26,8189,0,0,164,0,7.55438,5605,1369,7063,0,63,2749542362
397,3.82928,32,0,3,0,64.181,32,8189,3,0,163,3,7.46755,5608,1372,7066,0,63,2808372560
365,3.52054,36,0,6,0,59.103,36,8189,6,0,137,6,8.06573,5614,1378,7072,0,63,2567856690
449,4.33079,26,0,36,0,43.28,26,8191,36,0,200,0,7.9789,5650,1378,7108,0,64,3049470004
504,4.86122,34,0,0,0,65.725,34,8189,0,0,255,0,9.48398,5650,1378,7108,0,64,2775885308
513,4.94799,63,0,5,0,96.581,78,8189,5,0,195,5,9.9085,5655,1383,7113,0,64,2745746024
491,4.73584,3,0,119,0,89.024,3,8124,77,0,62,19,10.2558,5732,1402,7232,0,65,2643806396
507,4.89015,64,0,6,0,118.688,97,8191,6,0,159,6,9.31032,5738,1408,7238,0,65,2987205354
502,4.84206,107,0,42,0,95.812,107,8185,42,0,33,42,7.96925,5780,1450,7280,0,65,2492580104
394,3.80023,79,0,110,0,127.207,79,8190,110,0,111,3,7.85347,5890,1453,7390,0,66,2934601796
507,4.89041,101,0,20,0,109.83,101,8177,20,0,64,20,9.36821,5910,1473,7410,0,66,2894913532
384,3.70398,57,0,117,0,66.099,61,8189,72,0,80,13,10.9601,5982,1486,7527,0,67,2875719910
557,5.37249,88,0,12,0,108.08,103,8190,12,0,108,12,10.2751,5994,1498,7539,0,67,2766894312
455,4.38852,112,0,17,0,103.991,112,8191,17,0,28,17,10.8636,6011,1515,7556,0,67,2225167210
263,2.53672,57,0,116,0,75.422,57,8173,63,0,64,4,9.46469,6074,1519,7672,0,68,2836914430
447,4.3118,33,0,57,0,56.021,33,8189,57,0,184,0,8.442,6131,1519,7729,0,69,3353099092
444,4.28262,42,0,4,0,58.626,42,8189,4,0,177,4,7.91136,6135,1523,7733,0,69,2761353882
504,4.86128,95,0,5,0,106.166,102,8189,5,0,135,5,11.0856,6140,1528,7738,0,69,2756427926
553,5.33388,67,0,12,0,124.733,125,8189,12,0,82,12,10.14,6152,1540,7750,0,69,2844435650
572,5.51703,116,0,26,0,107.906,137,8184,26,0,49,26,10.333,6178,1566,7776,0,69,2734150622
359,3.46274,55,0,148,0,54.139,55,8190,145,0,63,10,10.2558,6323,1576,7924,0,70,2862077256
526,5.07371,103,0,12,0,102.763,103,8191,12,0,119,12,9.1463,6335,1588,7936,0,70,2766354714
410,3.95478,71,0,107,0,71.254,76,8191,67,0,105,4,9.07877,6402,1592,8043,0,71,2821210546
485,4.67789,100,0,12,0,119.909,100,8156,12,0,68,12,9.13666,6414,1604,8055,0,71,2528851094
403,3.88696,74,0,102,0,94.79,79,8191,62,0,112,2,8.10432,6476,1606,8157,0,72,3068870518
552,5.32421,71,0,8,0,125.585,115,8187,8,0,110,8,7.86312,6484,1614,8165,0,72,2768294340
536,5.16986,97,0,11,0,146.066,136,8189,11,0,80,11,8.02714,6495,1625,8176,0,72,2564867788
349,3.36635,39,0,149,0,49.14,39,8191,84,0,43,12,10.1786,6579,1637,8325,0,73,3030901020
508,4.89984,70,0,10,0,99.671,89,8191,10,0,100,10,9.35856,6589,1647,8335,0,73,2770138518
510,4.91914,73,0,98,0,98.73,78,8189,48,0,128,2,8.78933,6637,1649,8433,0,74,2834212500
526,5.07363,102,0,5,0,128.018,125,8189,5,0,148,5,9.79272,6642,1654,8438,0,74,2795570736
421,4.06071,133,0,26,0,138.025,133,8175,26,0,33,26,8.77003,6668,1680,8464,0,74,1850040136
464,4.47557,71,0,137,0,109.973,80,8189,77,0,115,4,7.09128,6745,1684,8601,0,75,3700496094
534,5.15127,71,0,9,0,100.907,114,8189,9,0,101,9,8.43235,6754,1693,8610,0,75,2836643676
572,5.51758,123,0,14,0,133.118,129,8154,14,0,60,14,10.3523,6768,1707,8624,0,75,2566976286
434,4.18625,4,0,145,0,122.347,4,8099,145,0,16,12,9.59976,6913,1719,8769,0,76,2868742240
480,4.62958,75,0,7,0,121.826,91,8189,7,0,143,7,7.80523,6920,1726,8776,0,76,2914059414
517,4.98655,100,0,25,0,104.613,102,8191,25,0,31,25,7.7377,6945,1751,8801,0,76,2809119768
328,3.16367,59,0,115,0,76.745,59,8191,70,0,76,11,9.37786,7015,1762,8916,0,77,2789143826
272,2.62355,31,0,63,0,49.919,31,8189,63,0,94,4,10.5067,7078,1766,8979,0,78,2696951908
538,5.18929,57,0,0,0,55.044,57,8191,0,0,264,0,9.89885,7078,1766,8979,0,78,2893738582
545,5.25681,73,0,19,0,94.398,97,8189,19,0,97,19,8.73144,7097,1785,8998,0,78,2758277788
368,3.54949,3,0,127,0,129.262,3,8074,69,0,66,10,9.92779,7166,1795,9125,0,79,2768513804
474,4.57196,73,0,4,0,101.431,88,8189,4,0,134,4,10.5839,7170,1799,9129,0,79,2868658100
433,4.17643,107,0,9,0,130.457,107,8151,9,0,58,9,10.9987,7179,1808,9138,0,79,2571554692
431,4.15723,114,0,26,0,123.126,114,8191,26,0,23,25,10.0918,7205,1833,9164,0,79,2311892450
440,4.244,75,0,120,0,86.336,84,8189,65,0,124,6,10.5839,7270,1839,9284,0,80,3494343118
507,4.8902,106,0,19,0,86.724,106,8190,19,0,67,19,6.98515,7289,1858,9303,0,80,2484324920
590,5.69093,122,0,17,0,115.198,122,8191,17,0,58,17,7.15882,7306,1875,9320,0,80,2947541100
351,3.38561,32,0,133,0,52.351,32,8191,98,0,36,9,10.2558,7404,1884,9453,0,81,2949691906
418,4.03205,33,0,65,0,55.922,33,8189,65,0,141,3,10.3137,7469,1887,9518,0,82,2802841958
501,4.83232,57,0,2,0,74.697,62,8191,2,0,214,2,11.182,7471,1889,9520,0,82,2797626160
428,4.12825,106,0,8,0,122.773,106,8190,8,0,116,8,9.06912,7479,1897,9528,0,82,2456005272
511,4.92878,121,0,34,0,112.606,121,8182,34,0,53,34,8.52883,7513,1931,9562,0,82,2786504042
411,3.9645,58,0,127,0,95.135,84,8189,63,0,124,6,8.86651,7576,1937,9689,0,83,3141727652
527,5.08298,109,0,8,0,93.037,109,8191,9,0,76,8,8.98229,7585,1945,9697,0,83,2540705994
463,4.46576,115,0,31,0,95.564,115,8186,31,0,23,31,8.93405,7616,1976,9728,0,83,2592336578
270,2.60441,63,0,122,0,65.456,63,8191,65,0,76,7,8.14291,7681,1983,9850,0,84,2829718248
408,3.9354,34,0,65,0,61.919,34,8191,61,0,148,2,7.57368,7742,1985,9915,0,85,3089569588
508,4.89982,71,0,4,0,73.787,71,8190,4,0,179,4,7.98854,7746,1989,9919,0,85,2857764238
538,5.18917,72,0,10,0,107.604,106,8189,10,0,99,10,8.9244,7756,1999,9929,0,85,2854427716
557,5.37235,114,0,13,0,104.735,121,8126,13,0,54,13,8.56742,7769,2012,9942,0,85,2651288094
399,3.84843,62,0,124,0,93.496,76,8118,62,0,104,3,8.72179,7831,2015,10066,0,86,2872870616
586,5.65217,99,0,2,0,128.701,129,8189,2,0,172,2,11.2592,7833,2017,10068,0,86,2840175184
528,5.09273,120,0,29,0,137.58,148,8187,29,0,82,29,10.4874,7862,2046,10097,0,86,2738871576
365,3.52059,55,0,164,0,55.406,55,8189,120,0,66,15,8.05608,7982,2061,10261,0,87,2849893340
319,3.07678,30,0,60,0,55.49,30,8189,60,0,111,3,7.7184,8042,2064,10321,0,88,2783496874
410,3.95463,17,0,36,0,39.508,17,8189,36,0,184,1,7.87277,8078,2065,10357,0,89,2810776174
330,3.18295,25,0,0,0,52.405,25,8191,0,0,168,0,8.9244,8078,2065,10357,0,89,2750145636
420,4.05099,31,0,4,0,42.164,31,8191,4,0,177,4,8.48059,8082,2069,10361,0,89,2821724276
477,4.60094,37,0,2,0,61.488,37,8189,2,0,210,2,8.53848,8084,2071,10363,0,89,2805031950
548,5.28587,70,0,5,0,145.349,103,8187,5,0,156,5,7.67016,8089,2076,10368,0,89,2755538646
398,3.83882,3,0,135,0,122.708,3,8072,75,0,58,15,7.67981,8164,2091,10503,0,90,2672799696
408,3.93527,77,0,9,0,92.992,77,8156,9,0,105,9,7.9596,8173,2100,10512,0,90,2667892878
481,4.63959,66,0,6,0,133.482,122,8190,6,0,141,6,7.16846,8179,2106,10518,0,90,3046512420
570,5.49795,131,0,46,0,98.202,131,8176,46,0,36,46,6.2905,8225,2152,10564,0,90,2537744272
389,3.75215,68,0,142,0,86.496,73,8189,77,0,98,11,5.75021,8302,2163,10706,0,91,3049534838
467,4.50453,100,0,23,0,102.959,100,8171,23,0,73,23,5.92387,8325,2186,10729,0,91,2617577088
380,3.6654,81,0,102,0,100.573,81,8191,75,0,116,2,6.9755,8400,2188,10831,0,92,3021834242
324,3.1252,69,0,85,0,88.073,69,8189,63,0,91,4,8.02714,8463,2192,10916,0,93,2798428360
573,5.52695,96,0,26,0,102.866,96,8176,26,0,70,26,9.74448,8489,2218,10942,0,93,2738906420
289,2.78767,57,0,98,0,68.998,57,8191,60,0,65,2,10.5742,8549,2220,11040,0,94,2839286536
530,5.11193,77,0,10,0,104.094,97,8189,10,0,96,10,11.047,8559,2230,11050,0,94,2721021520
484,4.66829,122,0,12,0,154.185,128,8189,12,0,111,12,12.6678,8571,2242,11062,0,94,2688445186
534,5.15059,71,0,21,0,143.304,141,8191,21,0,54,21,9.28138,8592,2263,11083,0,94,2855346816
636,6.13445,95,0,23,0,101.154,151,8189,23,0,44,23,6.96586,8615,2286,11106,0,94,2870172466
584,5.63304,117,0,9,0,204.176,175,8191,9,0,124,9,9.6673,8624,2295,11115,0,94,2821626640
430,4.14777,179,0,25,0,138.277,179,8176,25,0,21,25,12.4652,8649,2320,11140,0,94,1641438680
449,4.33073,79,0,181,0,79.34,79,8191,109,0,113,2,10.3234,8758,2322,11321,0,95,3815859572
483,4.65882,107,0,8,0,157.024,107,8190,8,0,79,8,10.6032,8766,2330,11329,0,95,2745210846
494,4.76485,120,0,22,0,118.32,120,8153,22,0,49,22,9.12701,8788,2352,11351,0,95,2305224208
386,3.72307,81,0,120,0,90.086,85,8189,59,0,127,0,8.57707,8847,2352,11471,0,96,3449008668
493,4.75552,130,0,14,0,184.489,130,8189,14,0,152,14,8.01749,8861,2366,11485,0,96,2362119984
372,3.58791,134,0,24,0,154.487,134,8191,24,0,17,24,8.75074,8885,2390,11509,0,96,2024249290
444,4.28242,79,0,136,0,98.562,79,8189,92,0,111,2,6.44486,8977,2392,11645,0,97,3690282792
508,4.89982,84,0,10,0,150.932,110,8189,10,0,94,10,6.36768,8987,2402,11655,0,97,3105980192
382,3.6845,28,0,124,0,69.354,28,8189,65,0,52,6,7.80523,9052,2408,11779,0,98,2775688510
487,4.69727,92,0,5,0,105.988,98,8189,5,0,140,5,7.7184,9057,2413,11784,0,98,2711524102
417,4.02214,60,0,105,0,62.935,64,8189,63,0,88,4,8.38411,9120,2417,11889,0,99,2779657678
445,4.29212,83,0,3,0,143.442,103,8189,3,0,101,3,9.73483,9123,2420,11892,0,99,2811352908
499,4.81283,135,0,9,0,177.694,135,8190,9,0,120,9,10.5356,9132,2429,11901,0,99,2782853612
442,4.26349,148,0,21,0,147.908,148,8191,21,0,59,21,8.21045,9153,2450,11922,0,99,1945517672
430,4.14778,69,0,153,0,91.407,69,8174,153,0,88,5,7.77629,9306,2455,12075,0,100,3713253390
500,4.82305,102,0,7,0,83.813,102,8190,7,0,90,7,6.70536,9313,2462,12082,0,100,2833818582
348,3.35644,9,0,121,0,110.045,9,8189,67,0,42,8,7.4772,9380,2470,12203,0,101,2776862994
477,4.60081,58,0,3,0,109.876,85,8106,3,0,120,3,12.7643,9383,2473,12206,0,101,2764829918
554,5.34342,113,0,16,0,118.786,113,8191,16,0,86,16,12.4749,9399,2489,12222,0,101,2713537946
399,3.84846,66,0,116,0,94.986,75,8191,89,0,101,3,9.26208,9488,2492,12338,0,102,2948075620
444,4.2825,100,0,10,0,118.705,100,8191,10,0,71,10,8.49989,9498,2502,12348,0,102,2098022402
323,3.11544,62,0,103,0,87.733,64,8189,62,0,79,3,6.80184,9560,2505,12451,0,103,3460159878
382,3.68457,92,0,10,0,108.878,92,8191,10,0,67,10,8.57707,9570,2515,12461,0,103,2074268980
509,4.90945,82,0,96,0,104.96,93,8189,63,0,150,4,10.0243,9633,2519,12557,0,104,3312426390
627,6.04753,105,0,28,0,87.728,105,8190,28,0,37,28,7.24565,9661,2547,12585,0,104,2826028226
479,4.62009,113,0,30,0,100.801,113,8173,30,0,28,30,6.76325,9691,2577,12615,0,104,2398801650
344,3.31799,66,0,117,0,100.482,68,8191,62,0,87,4,11.0084,9753,2581,12732,0,105,3333964340
500,4.82256,68,0,10,0,102.932,111,8191,10,0,120,10,12.0793,9763,2591,12742,0,105,2806771268
543,5.23772,127,0,31,0,117.531,128,8180,31,0,65,30,8.99194,9794,2621,12773,0,105,2617961094
361,3.48214,68,0,138,0,79.775,68,8189,70,0,87,10,8.77003,9864,2631,12911,0,106,3007063150
491,4.73606,94,0,13,0,130.579,108,8191,13,0,109,13,8.17186,9877,2644,12924,0,106,2700209932
479,4.62007,125,0,26,0,112.848,125,8191,26,0,61,26,6.42557,9903,2670,12950,0,106,2228756894
397,3.82917,81,0,131,0,103.652,81,8164,65,0,118,6,5.79845,9968,2676,13081,0,107,3446373658
404,3.89668,18,0,101,0,89.019,18,8191,72,0,61,4,8.32622,10040,2680,13182,0,108,2793921480
543,5.23741,86,0,8,0,98.001,86,8191,8,0,115,8,10.1593,10048,2688,13190,0,108,2498340194
607,5.85466,95,0,9,0,113.289,114,8150,9,0,87,9,9.59976,10057,2697,13199,0,108,3018860572
566,5.45918,134,0,13,0,165.739,136,8167,13,0,88,13,8.57707,10070,2710,13212,0,108,2688548618
582,5.61341,100,0,16,0,109.821,155,8175,15,0,84,16,11.047,10085,2726,13228,0,108,2878232924
377,3.63625,18,0,178,0,72.377,18,8191,146,0,23,22,10.7865,10231,2748,13406,0,109,2886742166
545,5.25668,78,0,4,0,122.339,100,8189,4,0,155,4,10.0532,10235,2752,13410,0,109,2775781750
358,3.45304,3,0,130,0,128.274,3,8084,82,0,23,23,9.15595,10317,2775,13540,0,110,2775144002
362,3.49171,79,0,4,0,118.231,79,8160,4,0,112,4,7.42896,10321,2779,13544,0,110,2718128020
428,4.12787,53,0,102,0,49.113,53,8190,62,0,111,4,6.20366,10383,2783,13646,0,111,2800781886
513,4.94823,105,0,6,0,100.779,105,8190,6,0,130,6,8.76038,10389,2789,13652,0,111,2710654100
626,6.0384,95,0,11,0,125.113,130,8167,11,0,92,11,11.4425,10400,2800,13663,0,111,2924079340
338,3.26013,4,0,147,0,117.373,4,8189,107,0,18,13,12.5135,10507,2813,13810,0,112,2825309158
480,4.62958,90,0,4,0,105.411,90,8189,4,0,138,4,12.5617,10511,2817,13814,0,112,2652513024
566,5.45928,85,0,8,0,153.06,124,8189,8,0,115,8,11.1241,10519,2825,13822,0,112,2981583402
466,4.49471,130,0,36,0,111.947,130,8181,36,0,24,36,8.9437,10555,2861,13858,0,112,2000469982
429,4.13778,80,0,134,0,98.97,80,8181,123,0,115,4,7.92101,10678,2865,13992,0,113,3439501954
331,3.19251,68,0,83,0,94.953,68,8173,62,0,86,3,8.96299,10740,2868,14075,0,114,2946856920
569,5.48822,80,0,20,0,97.594,99,8180,20,0,83,20,8.41306,10760,2888,14095,0,114,2773327074
559,5.39147,62,0,27,0,109.855,121,8191,25,0,73,26,8.51918,10785,2914,14122,0,114,2785328704
351,3.3857,37,0,141,0,72.092,37,8189,143,0,40,17,11.3943,10928,2931,14263,0,115,2784288412
404,3.89611,3,0,98,0,114.722,3,8102,68,0,104,9,11.7706,10996,2940,14361,0,116,2556430520
406,3.91598,73,0,3,0,114.378,88,8191,3,0,135,3,10.4198,10999,2943,14364,0,116,3074425340
514,4.95764,113,0,11,0,115.551,122,8191,11,0,110,11,7.63157,11010,2954,14375,0,116,2699971260
566,5.45963,112,0,25,0,155.751,141,8181,25,0,80,25,6.79219,11035,2979,14400,0,116,2833331312
448,4.3213,37,0,178,0,113.693,4,8130,178,0,20,30,6.80184,11213,3009,14578,0,117,2781171022
407,3.9257,65,0,11,0,103.703,83,8189,11,0,120,11,8.26834,11224,3020,14589,0,117,2833451502
559,5.39165,108,0,12,0,155.058,119,8163,12,0,115,12,9.9085,11236,3032,14601,0,117,2628107972
398,3.83894,125,0,135,0,131.381,2,8166,68,0,20,10,9.68659,11304,3042,14736,0,118,1529455662
366,3.53024,76,0,5,0,98.26,76,8190,35,0,105,5,9.6673,11339,3047,14741,0,118,4018074158
505,4.8709,102,0,14,0,110.639,105,8189,14,0,82,14,8.67355,11353,3061,14755,0,118,2827576122
285,2.74893,4,0,122,0,180.651,4,8189,70,0,21,11,8.81827,11423,3072,14877,0,119,2885518562
320,3.08665,66,0,4,0,123.831,66,8189,4,0,80,4,10.4102,11427,3076,14881,0,119,2863934406
371,3.57847,100,0,8,0,158.15,100,8191,8,0,88,8,11.0373,11435,3084,14889,0,119,2628278996
520,5.01559,42,0,134,0,112.147,3,8191,91,0,50,20,10.8829,11526,3104,15023,0,120,2988570452
432,4.16682,64,0,4,0,98.517,77,8189,35,0,107,4,9.19454,11561,3108,15027,0,120,2768698800
539,5.19885,86,0,11,0,137.499,109,8191,11,0,92,11,8.83757,11572,3119,15038,0,120,2757328812
266,2.56575,117,0,20,0,173.245,117,8168,20,0,29,20,8.69285,11592,3139,15058,0,120,1541249612
396,3.81949,76,0,122,0,107.746,76,8191,64,0,105,5,11.1241,11656,3144,15180,0,121,4029412030
476,4.59042,90,0,13,0,119.651,109,8191,12,0,95,13,9.04018,11668,3157,15193,0,121,2815741838
565,5.44972,83,0,16,0,117.417,117,8191,17,0,29,16,8.39376,11685,3173,15209,0,121,2721790470
548,5.28563,145,0,10,0,143.99,145,8191,10,0,116,10,7.7184,11695,3183,15219,0,121,2517625880
296,2.85503,68,0,150,0,80.862,68,8190,64,0,86,5,10.3909,11759,3188,15369,0,122,3036321176
472,4.55261,105,0,8,0,126.565,105,8170,8,0,100,8,12.0696,11767,3196,15377,0,122,2971352314
462,4.45616,2,0,131,0,107.889,3,8191,86,0,22,20,12.3012,11853,3216,15508,0,123,2726581704
435,4.19562,74,0,3,0,115.585,83,8189,3,0,122,3,11.0759,11856,3219,15511,0,123,2753464756
526,5.07342,104,0,11,0,118.043,116,8167,11,0,103,11,10.1979,11867,3230,15522,0,123,2872392406
314,3.02863,61,0,124,0,66.35,61,8190,66,0,74,7,9.04982,11933,3237,15646,0,124,2721396928
485,4.678,34,0,63,0,47.92,34,8189,63,0,188,2,8.19115,11996,3239,15709,0,125,2896372136
391,3.77144,66,0,3,0,97.221,66,8189,3,0,159,3,6.72466,11999,3242,15712,0,125,2749836712
518,4.99656,93,0,7,0,126.6,112,8156,7,0,128,7,8.4613,12006,3249,15719,0,125,2731683332
395,3.80984,127,0,8,0,101.516,127,8122,8,0,55,8,8.11397,12014,3257,15727,0,125,1699854338
414,3.99288,66,0,129,0,90.003,68,8189,129,0,87,2,8.4227,12143,3259,15856,0,126,3953382272
408,3.9354,4,0,104,0,104.743,4,8182,75,0,85,5,9.02088,12218,3264,15960,0,127,2658170746
479,4.6203,79,0,8,0,92.188,80,8191,8,0,113,8,8.09467,12226,3272,15968,0,127,2962153334
387,3.73279,61,0,84,0,106.752,66,8191,67,0,83,4,8.57707,12293,3276,16052,0,128,2803488436
490,4.72647,88,0,5,0,123.287,105,8189,5,0,105,5,7.29389,12298,3281,16057,0,128,2772879074
496,4.78434,111,0,19,0,144.582,125,8191,19,0,72,19,8.07538,12317,3300,16076,0,128,2737250530
395,3.80993,42,0,141,0,51.477,42,8189,141,0,51,13,7.29389,12458,3313,16217,0,129,2860675342
495,4.77459,89,0,11,0,115.18,89,8191,11,0,97,11,8.58672,12469,3324,16228,0,129,2746905238
522,5.03482,95,0,19,0,107.62,112,8188,19,0,71,19,10.1786,12488,3343,16247,0,129,2721520074
375,3.61703,45,0,127,0,40.381,45,8189,76,0,53,13,11.4329,12564,3356,16374,0,130,2919446852
552,5.32406,107,0,13,0,75.726,107,8190,13,0,148,13,9.70589,12577,3369,16387,0,130,2651648510
607,5.85481,124,0,23,0,120.003,126,8180,23,0,68,23,10.1208,12600,3392,16410,0,130,2851381890
362,3.49149,9,0,148,0,101.081,9,8189,76,0,29,17,10.6803,12676,3409,16558,0,131,2825348372
533,5.14095,92,0,10,0,109.989,92,8135,10,0,140,10,9.75413,12686,3419,16568,0,131,2800845488
373,3.59772,60,0,108,0,57.157,60,8191,63,0,106,4,6.5124,12749,3423,16676,0,132,2839636702
479,4.62071,104,0,7,0,159.606,104,8189,7,0,113,7,7.26494,12756,3430,16683,0,132,2773431492
602,5.80718,121,0,30,0,101.7,121,8167,30,0,59,30,8.57707,12786,3460,16713,0,132,2659510512
570,5.49808,102,0,24,0,163.511,148,8191,24,0,115,24,8.40341,12810,3484,16737,0,132,2790202604
377,3.63651,4,0,186,0,140.408,4,8117,129,0,22,34,9.74448,12939,3518,16923,0,133,2882873546
402,3.87748,34,0,74,0,45.376,34,8189,74,0,122,3,8.40341,13013,3521,16997,0,134,2789411450
423,4.07997,23,0,37,0,43.867,23,8189,37,0,189,1,8.78933,13050,3522,17034,0,135,2863121296
414,3.99319,30,0,1,0,69.264,30,8189,1,0,196,1,8.62531,13051,3523,17035,0,135,2807952378
461,4.44669,36,0,1,0,71.334,36,8189,1,0,220,1,9.68659,13052,3524,17036,0,135,2799624338
398,3.83888,5,0,78,0,100.756,5,8190,68,0,107,4,11.4811,13120,3528,17114,0,136,2547467230
413,3.98351,59,0,3,0,94.226,81,8191,3,0,150,3,12.388,13123,3531,17117,0,136,2912050540
374,3.60736,47,0,98,0,42.703,47,8189,60,0,91,2,11.4908,13183,3533,17215,0,137,2909314926
420,4.05131,34,0,91,0,80.495,34,8189,63,0,123,2,10.8444,13246,3535,17306,0,138,2809313682
358,3.4531,33,0,69,0,49.908,33,8189,62,0,110,3,9.50328,13308,3538,17375,0,139,2783636728
460,4.43698,52,0,4,0,54.588,52,8191,4,0,170,4,8.28763,13312,3542,17379,0,139,2791782184
473,4.56224,92,0,11,0,145.61,104,8191,11,0,129,11,9.58046,13323,3553,17390,0,139,2677468682
526,5.07344,125,0,27,0,110.383,125,8191,27,0,73,27,11.0373,13350,3580,17417,0,139,2837368548
620,5.98001,115,0,14,0,120.101,151,8191,13,0,115,14,8.6832,13363,3594,17431,0,139,2778513640
471,4.54308,55,0,162,0,43.094,57,8189,137,0,69,10,9.77342,13500,3604,17593,0,140,2818370702
463,4.46605,99,0,6,0,124.098,99,8190,6,0,104,6,9.27173,13506,3610,17599,0,140,2675871982
386,3.72309,114,0,12,0,129.421,114,8153,12,0,47,12,10.2848,13518,3622,17611,0,140,1937502784
341,3.28898,5,0,179,0,69.547,5,8191,122,0,82,1,10.7575,13640,3623,17790,0,142,3552841166
496,4.78426,37,0,1,0,64.818,37,8189,1,0,220,1,10.7382,13641,3624,17791,0,142,3054469964
545,5.25656,22,0,8,0,89.794,92,8189,8,0,128,8,10.0918,13649,3632,17799,0,142,2829465898
565,5.4495,68,0,8,0,109.99,117,8189,8,0,81,8,12.0889,13657,3640,17807,0,142,2771932030
315,3.03825,33,0,129,0,55.658,33,8189,81,0,36,11,12.5328,13738,3651,17936,0,143,2809655310
516,4.97699,69,0,7,0,109.148,90,8177,7,0,110,7,9.4261,13745,3658,17943,0,143,2728323612
507,4.89015,126,0,9,0,143.757,128,8190,9,0,129,9,7.83418,13754,3667,17952,0,143,2588305580
408,3.93531,3,0,156,0,108.339,3,8050,74,0,56,15,8.1815,13828,3682,18108,0,144,2949013984
514,4.95805,82,0,5,0,96.682,92,8191,5,0,147,5,8.91475,13833,3687,18113,0,144,2907243598
540,5.20838,121,0,12,0,121.444,121,8191,12,0,97,12,8.41306,13845,3699,18125,0,144,2541031878
390,3.76167,67,0,127,0,76.673,75,8189,66,0,101,6,8.45165,13911,3705,18252,0,145,3035197116
511,4.92873,97,0,12,0,101.915,97,8190,12,0,62,12,10.1304,13923,3717,18264,0,145,2415932904
601,5.79716,107,0,6,0,124.787,129,8189,6,0,113,6,12.6292,13929,3723,18270,0,145,3119633230
538,5.18953,138,0,46,0,115.292,138,8189,46,0,38,43,11.8863,13975,3766,18316,0,145,2726190124
382,3.68478,78,0,142,0,85.86,78,8189,98,0,109,4,10.0532,14073,3770,18458,0,146,2841916042
486,4.68771,72,0,8,0,111.891,99,8189,8,0,58,8,9.82166,14081,3778,18466,0,146,2805736262
493,4.75499,119,0,15,0,112.317,119,8191,15,0,69,15,9.32962,14096,3793,18481,0,146,2586525088
435,4.19577,88,0,120,0,103.877,93,8189,61,0,149,1,9.02088,14157,3794,18601,0,147,3072658664
534,5.15075,119,0,16,0,136.04,123,8191,16,0,104,16,9.1849,14173,3810,18617,0,147,2686098886
271,2.61405,6,0,152,0,129.523,6,8189,83,0,19,23,9.22349,14256,3833,18769,0,148,2915356388
471,4.54292,81,0,15,0,100.632,81,8182,15,0,112,14,7.46755,14271,3847,18784,0,148,2780835554
383,3.69432,45,0,98,0,47.118,45,8189,75,0,56,13,8.00784,14346,3860,18882,0,149,2799303752
656,6.32698,131,0,3,0,93.519,136,8189,3,0,257,3,8.43235,14349,3863,18885,0,149,2778564166
477,4.60083,158,0,20,0,170.633,158,8183,20,0,103,20,9.67694,14369,3883,18905,0,149,2330508138
325,3.13475,55,0,161,0,70.104,55,8189,161,0,62,2,9.92779,14530,3885,19066,0,150,3237213994
470,4.53333,92,0,15,0,86.334,92,8190,15,0,86,15,11.2303,14545,3900,19081,0,150,2657632376
482,4.64879,99,0,36,0,123.83,104,8177,36,0,35,34,12.3205,14581,3934,19117,0,150,2967679876
358,3.45297,59,0,114,0,81.448,63,8189,88,0,77,10,10.9119,14669,3944,19231,0,151,2780178170
517,4.98679,61,0,8,0,83.974,107,8189,8,0,116,8,9.53222,14677,3952,19239,0,151,2775788386
500,4.82271,121,0,15,0,119.165,121,8166,15,0,52,15,8.9051,14692,3967,19254,0,151,2218745466
410,3.95459,74,0,129,0,90.339,74,8158,69,0,99,8,8.26834,14761,3975,19383,0,152,3346605122
481,4.63961,68,0,11,0,131.462,107,8165,11,0,95,11,8.9051,14772,3986,19394,0,152,2817531892
531,5.12151,118,0,22,0,106.017,118,8190,22,0,38,21,7.66051,14794,4007,19416,0,152,2701916224
258,2.48858,49,0,119,0,54.72,49,8189,114,0,52,1,8.26834,14908,4008,19535,0,153,2904236048
514,4.95765,105,0,11,0,142.85,105,8191,11,0,136,11,9.09806,14919,4019,19546,0,153,2502666194
498,4.80337,121,0,11,0,139.629,121,8137,11,0,54,11,9.55152,14930,4030,19557,0,153,2517754960
314,3.02864,65,0,126,0,85.279,65,8176,63,0,80,5,9.21384,14993,4035,19683,0,154,3356941322
551,5.31458,89,0,6,0,116.87,109,8189,6,0,119,6,10.3716,14999,4041,19689,0,154,2791690832
505,4.87087,120,0,26,0,109.011,120,8180,26,0,41,26,10.526,15025,4067,19715,0,154,2339894340
289,2.78764,67,0,124,0,87.265,67,8189,63,0,85,4,11.047,15088,4071,19839,0,155,3167456628
483,4.65855,99,0,13,0,125.727,99,8170,13,0,84,13,10.0532,15101,4084,19852,0,155,2766419558
385,3.71371,3,0,131,0,108.373,3,8086,85,0,19,26,7.17811,15186,4110,19983,0,156,2769202828
484,4.6686,85,0,2,0,120.263,101,8191,2,0,172,2,5.35464,15188,4112,19985,0,156,2897066340
308,2.97096,116,0,11,0,145.014,116,8191,11,0,51,11,5.47042,15199,4123,19996,0,156,1665060054
337,3.25062,6,0,180,0,85.538,6,8191,122,0,79,2,6.35803,15321,4125,20176,0,158,3874242876
326,3.14454,16,0,34,0,53.622,16,8189,34,0,131,1,9.22349,15355,4126,20210,0,159,2738447460
369,3.55917,25,0,0,0,41.943,25,8191,0,0,188,0,8.52883,15355,4126,20210,0,159,2887556378
380,3.66522,31,0,2,0,52.339,31,8189,2,0,169,2,8.77968,15357,4128,20212,0,159,2865694972
475,4.58181,32,0,2,0,53.664,37,8189,2,0,211,2,9.09806,15359,4130,20214,0,159,2796889676
530,5.11217,64,0,5,0,130.473,87,8121,5,0,124,5,10.5549,15364,4135,20219,0,159,2790851098
374,3.60738,112,0,11,0,185.555,112,8168,11,0,75,11,10.6707,15375,4146,20230,0,159,2104098780
322,3.10577,3,0,174,0,80.553,3,8130,120,0,74,1,10.4681,15495,4147,20404,0,161,3401297970
369,3.55917,34,0,1,0,63.555,34,8189,1,0,161,1,11.6065,15496,4148,20405,0,161,2872006876
462,4.45631,27,0,57,0,38.427,27,8191,46,0,192,2,13.7484,15542,4150,20462,0,162,2769069642
475,4.58155,34,0,0,0,58.875,34,8189,0,0,239,0,12.745,15542,4150,20462,0,162,2716456008
371,3.5783,21,0,37,0,53.163,21,8191,37,0,167,1,10.2751,15579,4151,20499,0,163,2850358392
395,3.80989,29,0,0,0,65.701,29,8191,0,0,200,0,10.5356,15579,4151,20499,0,163,2838607380
475,4.58157,36,0,0,0,67.252,36,8189,0,0,244,0,10.9408,15579,4151,20499,0,163,2768959396
522,5.03514,115,0,2,0,147.021,115,8189,2,0,227,2,11.8863,15581,4153,20501,0,163,2305419032
411,3.96355,88,0,117,0,147.324,88,8189,61,0,136,2,10.6032,15642,4155,20618,0,164,3188409084
383,3.69423,61,0,90,0,90.907,74,8120,61,0,100,2,9.60941,15703,4157,20708,0,165,2842005292
547,5.27621,67,0,7,0,111.924,115,8131,7,0,122,7,8.34552,15710,4164,20715,0,165,2876993042
309,2.98054,5,0,135,0,109.17,5,8188,77,0,11,18,10.2655,15787,4182,20850,0,166,2767326795
430,4.14756,29,0,57,0,37.347,29,8189,57,0,158,2,10.6224,15844,4184,20907,0,167,2740843061
463,4.46582,35,0,2,0,57.184,35,8189,2,0,205,2,10.9891,15846,4186,20909,0,167,2865476936
560,5.40138,91,0,3,0,102.94,91,8191,3,0,187,3,9.33926,15849,4189,20912,0,167,2770889856
568,5.47858,132,0,5,0,142.933,136,8189,5,0,162,5,6.16507,15854,4194,20917,0,167,2747252424
595,5.73814,118,0,22,0,181.274,153,8191,22,0,74,22,9.70589,15876,4216,20939,0,167,2777106262
393,3.79058,4,0,182,0,118.266,4,8071,125,0,17,25,10.1304,16001,4241,21121,0,168,2604819490
512,4.93882,94,0,5,0,108.974,94,8190,5,0,150,5,8.84722,16006,4246,21126,0,168,3065401640
582,5.61367,126,0,5,0,133.76,126,8190,5,0,110,5,11.896,16011,4251,21131,0,168,2538080804
411,3.96315,131,0,28,0,115.862,131,8191,28,0,19,28,11.9925,16039,4279,21159,0,168,2333638496
447,4.3118,77,0,135,0,92.443,77,8190,120,0,107,4,7.9596,16159,4283,21294,0,169,3424569288
485,4.67799,109,0,10,0,130.505,109,8131,10,0,94,10,6.79219,16169,4293,21304,0,169,2074098656
428,4.12697,81,0,113,0,82.179,81,8191,62,0,118,4,8.81827,16231,4297,21417,0,170,3607674182
528,5.09277,60,0,7,0,127.066,114,8189,7,0,100,7,9.44539,16238,4304,21424,0,170,2801123192
370,3.56889,22,0,142,0,129.62,3,8095,86,0,15,24,8.65426,16324,4328,21566,0,171,2686500424
359,3.46288,80,0,5,0,125.204,80,8190,24,0,113,5,8.58672,16348,4333,21571,0,171,2620857016
317,3.05771,62,0,84,0,120.334,63,8189,63,0,76,4,8.11397,16411,4337,21655,0,172,3018525636
389,3.752,90,0,15,0,122.552,90,8191,15,0,66,15,7.60262,16426,4352,21670,0,172,2522517508
384,3.70379,79,0,92,0,87.454,79,8189,92,0,113,2,6.7729,16518,4354,21762,0,173,2873900050
636,6.13444,121,0,13,0,106.959,121,8191,13,0,132,13,8.9437,16531,4367,21775,0,173,2872115568
609,5.87398,100,0,20,0,126.958,142,8191,20,0,85,20,10.3812,16551,4387,21795,0,173,2892930866
413,3.98341,6,0,171,0,119.866,6,8191,171,0,18,26,9.35856,16722,4413,21966,0,174,2783374090
319,3.07676,9,0,73,0,76.907,9,8191,65,0,87,6,8.49989,16787,4419,22039,0,175,2868049016
379,3.65568,17,0,37,0,45.675,17,8189,37,0,142,2,10.169,16824,4421,22076,0,176,2751542416
417,4.02205,26,0,0,0,54.553,26,8191,0,0,211,0,8.85686,16824,4421,22076,0,176,2809261602
412,3.97397,32,0,3,0,50.602,32,8189,3,0,170,3,7.79558,16827,4424,22079,0,176,2804463144
542,5.2277,62,0,2,0,78.671,63,8189,2,0,230,2,6.59923,16829,4426,22081,0,176,2792170790
533,5.14099,103,0,10,0,123.64,103,8190,10,0,103,10,9.08842,16839,4436,22091,0,176,2578995542
399,3.84849,9,0,129,0,97.128,9,8189,129,0,20,22,9.6287,16968,4458,22220,0,177,3021233082
551,5.31224,101,0,11,0,101.605,101,8189,11,0,166,10,8.69285,16979,4468,22231,0,177,2642294102
321,3.09626,36,0,117,0,47.979,36,8191,101,0,41,14,10.14,17080,4482,22348,0,178,2963660728
578,5.57494,97,0,8,0,102.251,97,8191,8,0,126,8,10.9891,17088,4490,22356,0,178,2788947238
567,5.46896,27,0,117,0,84.664,11,8189,93,0,35,12,11.6065,17181,4502,22473,0,179,2533285328
506,4.88073,93,0,5,0,91.391,93,8190,5,0,142,5,11.4715,17186,4507,22478,0,179,2840330654
568,5.47856,94,0,15,0,133.908,119,8177,15,0,85,15,11.9153,17201,4522,22493,0,179,2974855352
283,2.72943,9,0,163,0,110.193,9,8191,121,0,19,19,11.8863,17322,4541,22656,0,181,2741573660
323,3.11544,20,0,0,0,64.753,20,8189,0,0,163,0,11.4715,17322,4541,22656,0,181,2879004660
442,4.26351,29,0,0,0,64.697,29,8191,0,0,223,0,10.5646,17322,4541,22656,0,181,2755837476
335,3.23128,33,0,3,0,49.794,33,8189,3,0,127,3,10.8444,17325,4544,22659,0,181,2752198934
394,3.8005,43,0,3,0,70.296,43,8190,3,0,167,3,10.8829,17328,4547,22662,0,181,2878922198
434,4.18467,35,0,71,0,68.441,35,8189,65,0,138,3,11.4618,17393,4550,22733,0,182,2792465648
519,5.00594,86,0,2,0,78.953,96,8189,2,0,205,2,9.37786,17395,4552,22735,0,182,2755195730
560,5.40138,115,0,22,0,116.26,115,8174,22,0,63,22,8.87616,17417,4574,22757,0,182,2819968550
473,4.56247,54,0,132,0,64.271,54,8191,85,0,78,12,9.67694,17502,4586,22889,0,183,2807316134
507,4.89016,62,0,8,0,138.786,104,8189,8,0,126,8,9.92779,17510,4594,22897,0,183,2643805584
393,3.79053,114,0,20,0,120.579,114,8191,20,0,31,20,10.0243,17530,4614,22917,0,183,2372317850
450,4.34041,84,0,118,0,80.172,84,8189,63,0,125,4,11.0566,17593,4618,23035,0,184,3307683918
525,5.06373,108,0,121,0,102.195,2,8169,71,0,71,12,10.8058,17664,4630,23156,0,185,2182438216
432,4.16673,74,0,3,0,100.395,83,8187,7,0,123,3,9.05947,17671,4633,23159,0,185,3448887064
457,4.40813,104,0,15,0,164.253,104,8166,15,0,60,15,8.00784,17686,4648,23174,0,185,2526707932
300,2.89379,68,0,106,0,77.466,69,8189,61,0,89,2,8.27798,17747,4650,23280,0,186,3040618308
391,3.77143,71,0,81,0,79.925,77,8189,62,0,129,3,11.018,17809,4653,23361,0,187,2811455808
512,4.93772,75,0,8,0,114.589,108,8189,8,0,88,8,10.5646,17817,4661,23369,0,187,2802087302
450,4.34061,124,0,21,0,140.763,124,8179,21,0,58,21,9.33926,17838,4682,23390,0,187,2531635848
181,1.74584,42,0,126,0,70.948,42,8187,61,0,42,2,8.80862,17899,4684,23516,0,188,3034308200
469,4.5235,7,0,104,0,123.226,7,8183,80,0,115,13,9.08842,17979,4697,23620,0,189,2830752974
393,3.79064,83,0,7,0,89.282,83,8161,7,0,117,7,9.648,17986,4704,23627,0,189,2247533358
492,4.74573,81,0,87,0,96.862,81,8189,63,0,117,4,10.4295,18049,4708,23714,0,190,3327775976
563,5.42934,99,0,13,0,97.2,102,8191,13,0,61,13,10.1015,18062,4721,23727,0,190,2616712546
313,3.01907,38,0,112,0,60.847,38,8191,66,0,42,8,10.3523,18128,4729,23839,0,191,2983238230
371,3.57618,15,0,86,0,83.111,15,8189,65,0,90,7,10.6321,18193,4736,23925,0,192,2779405692
575,5.54617,91,0,10,0,115.117,91,8191,10,0,132,10,9.11736,18203,4746,23935,0,192,2740231914
479,4.62033,116,0,9,0,127.554,116,8156,9,0,79,9,8.12362,18212,4755,23944,0,192,2488959494
392,3.78014,70,0,120,0,85.862,77,8191,63,0,107,4,8.40341,18275,4759,24064,0,193,3168466462
536,5.16994,93,0,8,0,93.353,101,8191,8,0,68,8,7.76664,18283,4767,24072,0,193,2667911680
317,3.0575,15,0,145,0,68.432,15,8189,131,0,23,10,6.76325,18414,4777,24217,0,195,2918947304
387,3.73294,24,0,0,0,70.265,24,8189,0,0,196,0,7.08163,18414,4777,24217,0,195,2699602402
504,4.86125,33,0,1,0,45.344,33,8189,1,0,242,1,9.34891,18415,4778,24218,0,195,2879640862
492,4.74557,61,0,2,0,73.217,61,8189,2,0,206,2,9.72518,18417,4780,24220,0,195,2711096836
348,3.35658,98,0,5,0,135.587,98,8191,5,0,91,5,9.56117,18422,4785,24225,0,195,1980737332
426,4.10854,77,0,101,0,104.468,80,8189,63,0,115,3,8.74109,18485,4788,24326,0,196,3688840624
562,5.42062,107,0,23,0,97.196,107,8191,23,0,78,23,7.83418,18508,4811,24349,0,196,2602640992
376,3.6268,3,0,125,0,101.585,3,8080,72,0,14,14,6.90797,18580,4825,24474,0,197,2892328180
552,5.32429,93,0,16,0,79.296,93,8191,16,0,148,16,7.10093,18596,4841,24490,0,197,2911207810
486,4.68766,113,0,129,0,122.542,2,8191,74,0,66,16,8.36482,18670,4857,24619,0,198,2143762964
395,3.80989,59,0,9,0,94.928,77,8155,9,0,107,9,9.4261,18679,4866,24628,0,198,3381455630
417,4.02206,92,0,13,0,203.663,107,8190,13,0,86,13,8.63496,18692,4879,24641,0,198,2746663276
313,3.01906,61,0,115,0,69.055,61,8191,67,0,73,8,9.26208,18759,4887,24756,0,199,2895617718
517,4.98679,66,0,7,0,94.011,95,8189,7,0,84,7,8.56742,18766,4894,24763,0,199,2745189916
554,5.34351,131,0,10,0,108.714,132,8189,10,0,131,10,7.78594,18776,4904,24773,0,199,2577575714
451,4.35003,136,0,27,0,118.58,136,8177,27,0,15,26,8.40341,18803,4930,24800,0,199,2176192102
394,3.80046,67,0,138,0,89.236,67,8189,121,0,85,2,10.7286,18924,4932,24938,0,200,3687546744
451,4.35023,83,0,9,0,141.136,104,8190,9,0,100,9,10.5453,18933,4941,24947,0,200,2673857522


