SendPacket,SendRate(Mb/s),FlightSize,ReceiveRate(Mb/s),Send Loss,Recv Loss,RTT(ms),CWnd,FlowWindow,Retrans,PktSndPeriod(us),RecvACK,RecvNAK,EstimatedBandwidth(Mb/s),Retrans_Total,NAK_TotalRecv,Total Send Loss,Total Recv Loss,Timeout,usSndDuration
311,3.29479,23,0,46,0,54.303,23,8189,46,0,108,2,10.7511,46,2,46,0,1,-631121788764343
388,4.51813,30,0,2,0,77.801,30,8189,2,0,173,2,9.55136,48,4,48,0,1,2794420034
392,4.5649,35,0,5,0,80.879,35,8189,5,0,155,5,8.31667,53,9,53,0,1,2778383272
385,4.48331,56,0,6,0,90.218,56,8189,6,0,135,6,8.10701,59,15,59,0,1,2795130254
362,4.2154,36,0,78,0,69.795,36,8190,70,0,102,6,8.60787,129,21,137,0,2,2688294112
387,4.50641,4,0,70,0,99.898,4,8191,70,0,89,4,9.50477,199,25,207,0,3,2884049616
344,4.00605,18,0,34,0,46.038,20,8189,34,0,136,1,12.2304,233,26,241,0,4,2827976144
382,4.44828,28,0,0,0,55.303,28,8189,0,0,194,0,10.2153,233,26,241,0,4,2778947052
427,4.97235,34,0,2,0,69.021,34,8189,2,0,185,2,9.36499,235,28,243,0,4,2786260290
375,4.36672,38,0,4,0,90.005,38,8189,4,0,140,4,9.12038,239,32,247,0,4,2812509180
380,4.42527,53,0,6,0,122.146,84,8189,6,0,88,6,9.0272,245,38,253,0,4,2729622826
405,4.71609,3,0,106,0,105.91,3,8102,96,0,14,17,8.49139,341,55,359,0,5,2585310742
407,4.73975,73,0,7,0,109.977,79,8176,7,0,111,7,8.02547,348,62,366,0,5,3017039298
381,4.43695,86,0,12,0,108.698,86,8169,12,0,17,12,7.38483,360,74,378,0,5,2423691088
380,4.4253,71,0,89,0,88.072,75,8189,62,0,101,3,7.12858,422,77,467,0,6,3125368428
407,4.73979,79,0,14,0,148.024,96,8173,14,0,57,14,7.92064,436,91,481,0,6,2834536726
245,2.85321,18,0,106,0,72.977,18,8189,67,0,20,9,10.425,503,100,587,0,7,2847082574
289,3.36556,26,0,53,0,84.623,26,8187,49,0,97,2,10.786,552,102,640,0,8,2620287152
423,4.92593,32,0,1,0,73.448,32,8189,1,0,195,1,10.1687,553,103,641,0,8,2907466170
355,4.13369,36,0,4,0,71.577,36,8190,4,0,123,4,10.0056,557,107,645,0,8,2845639482
356,4.14554,13,0,64,0,86.324,13,8189,64,0,101,5,9.39994,621,112,709,0,9,2789966970
343,3.99419,32,0,2,0,68.265,32,8189,2,0,139,2,9.30675,623,114,711,0,9,2792190688
368,4.28517,36,0,4,0,99.456,36,8189,4,0,140,4,8.25843,627,118,715,0,9,2784149088
364,4.23822,79,0,7,0,148.462,79,8167,7,0,114,7,8.59622,634,125,722,0,9,2807204778
453,5.27484,75,0,13,0,162.376,109,8191,13,0,90,13,7.85075,647,138,735,0,9,2771696718
373,4.34374,115,0,38,0,129.604,115,8191,38,0,22,38,8.08371,685,176,773,0,9,2000174092
345,4.01771,28,0,170,0,64.794,28,8191,170,0,79,1,8.20019,855,177,943,0,11,3519533797
378,4.40215,33,0,4,0,63.479,33,8189,4,0,150,4,7.76922,859,181,947,0,11,2897486911
299,3.4818,36,0,4,0,82.156,36,8189,4,0,89,4,7.66438,863,185,951,0,11,2788479246
371,4.32019,65,0,4,0,119.301,69,8191,4,0,118,4,7.47802,867,189,955,0,11,2743852804
411,4.78601,71,0,10,0,176.948,99,8118,9,0,81,10,11.415,876,199,965,0,11,2730826462
162,1.88651,23,0,102,0,91.357,23,8191,72,0,22,2,12.51,948,201,1067,0,12,2892175608
450,5.24037,87,0,7,0,121.801,92,8191,7,0,125,7,11.8344,955,208,1074,0,12,2599075598
339,3.94735,98,0,32,0,121.149,98,8191,32,0,20,32,8.89907,987,240,1106,0,12,2397440666
356,4.14554,61,0,102,0,89.666,61,8191,102,0,72,4,8.00218,1089,244,1208,0,13,3380309382
258,3.00435,33,0,76,0,52.928,33,8189,62,0,54,4,8.35162,1151,248,1284,0,14,2806735078
369,4.29693,23,0,48,0,58.218,23,8191,48,0,133,3,10.39,1199,251,1332,0,15,2804558428
397,4.62298,30,0,2,0,58.109,30,8191,2,0,189,2,9.69114,1201,253,1334,0,15,2675584940
349,4.06411,34,0,3,0,85.37,34,8191,3,0,133,3,10.4716,1204,256,1337,0,15,2859722978
389,4.52973,46,0,5,0,85.976,46,8191,5,0,142,5,9.94739,1209,261,1342,0,15,2844939608
391,4.55324,28,0,49,0,58.377,28,8191,49,0,171,2,12.871,1258,263,1391,0,16,2789173338
341,3.97086,33,0,2,0,77.645,33,8191,2,0,158,2,12.4634,1260,265,1393,0,16,2805613132
388,4.51848,44,0,2,0,85.658,44,8190,2,0,159,2,11.9508,1262,267,1395,0,16,2789389512
392,4.56495,66,0,2,0,149.591,104,8191,2,0,139,2,8.736,1264,269,1397,0,16,2691638628
322,3.7496,23,0,116,0,74.896,23,8191,102,0,28,10,7.8391,1366,279,1513,0,17,2846414298
407,4.73947,61,0,6,0,131.758,81,8191,6,0,95,6,6.89562,1372,285,1519,0,17,2780358532
401,4.66958,84,0,17,0,142.804,93,8191,17,0,35,17,7.24506,1389,302,1536,0,17,2837000936
458,5.33301,103,0,27,0,105.974,103,8178,27,0,30,27,7.03539,1416,329,1563,0,17,2558590440
259,3.016,54,0,108,0,94.928,54,8191,64,0,59,5,7.04704,1480,334,1671,0,18,3040860158
400,4.65791,90,0,9,0,131.727,90,8191,9,0,81,9,7.47802,1489,343,1680,0,18,2771443388
264,3.07426,103,0,18,0,150.633,103,8173,18,0,40,18,9.17862,1507,361,1698,0,18,1784674514
353,4.11065,67,0,107,0,119.33,69,8191,63,0,88,4,8.4215,1570,365,1805,0,19,3819296068
428,4.98399,82,0,9,0,160.237,88,8137,9,0,47,9,9.37664,1579,374,1814,0,19,2808177232
380,4.42497,111,0,21,0,148.583,111,8188,21,0,72,20,11.1471,1600,394,1835,0,19,2774658096
207,2.41028,47,0,119,0,65.61,47,8189,66,0,49,8,12.079,1666,402,1954,0,20,2780684970
330,3.84273,3,0,88,0,107.142,3,8191,66,0,71,7,10.4716,1732,409,2042,0,21,2620397696
423,4.92603,83,0,2,0,139.135,89,8189,2,0,137,2,7.45472,1734,411,2044,0,21,2806648026
475,5.53128,95,0,23,0,138.856,110,8180,23,0,66,23,8.7127,1757,434,2067,0,21,2967192886
329,3.83117,30,0,135,0,51.212,30,8191,135,0,38,17,10.1338,1892,451,2202,0,22,2799783462
428,4.98394,81,0,10,0,102.494,81,8162,10,0,90,10,8.89907,1902,461,2212,0,22,2423102598
479,5.57787,71,0,12,0,102.692,92,8148,12,0,28,12,8.89907,1914,473,2224,0,22,3144749748
443,5.15862,97,0,25,0,146.313,106,8191,25,0,45,25,7.89734,1939,498,2249,0,22,2783135252
311,3.62136,54,0,114,0,70.365,54,8191,97,0,60,8,7.16352,2036,506,2363,0,23,2845726322
424,4.93739,85,0,15,0,126.464,85,8183,15,0,68,15,7.2567,2051,521,2378,0,23,2585654708
308,3.58662,4,0,117,0,102.717,4,8156,117,0,19,26,7.44307,2168,547,2495,0,24,2764131580
401,4.66953,58,0,8,0,106.922,79,8189,8,0,110,7,7.73427,2176,554,2503,0,24,2945243868
436,5.07715,101,0,15,0,152.28,101,8175,15,0,61,15,7.40813,2191,569,2518,0,24,2773866270
379,4.41346,4,0,128,0,114.198,4,8190,79,0,26,20,7.72262,2270,589,2646,0,25,2874427234
341,3.9709,27,0,56,0,40.06,27,8189,56,0,88,2,9.85421,2326,591,2702,0,26,2818499124
372,4.33168,32,0,1,0,58.176,32,8191,1,0,172,1,9.74938,2327,592,2703,0,26,2692156320
401,4.6698,37,0,2,0,82.46,37,8191,2,0,171,2,8.24678,2329,594,2705,0,26,2878929158
303,3.52827,3,0,80,0,100.407,3,8120,68,0,66,9,7.21011,2397,603,2785,0,27,2462657162
337,3.92444,37,0,4,0,81.912,37,8177,4,0,122,4,7.53626,2401,607,2789,0,27,3069928582
365,4.25023,16,0,75,0,86.559,16,8189,72,0,90,5,8.72435,2473,612,2864,0,28,2713298980
382,4.44805,42,0,3,0,97.579,42,8191,3,0,134,3,10.786,2476,615,2867,0,28,2867373460
437,5.08863,90,0,10,0,165.335,97,8191,9,0,121,10,10.9841,2485,625,2877,0,28,2802020970
270,3.14416,9,0,105,0,135.192,9,8191,92,0,11,7,9.76102,2577,632,2982,0,29,2870746326
437,5.0888,74,0,5,0,123.045,77,8189,5,0,99,5,9.66784,2582,637,2987,0,29,2763686744
442,5.14701,107,0,11,0,123.362,107,8176,11,0,89,11,10.0406,2593,648,2998,0,29,2759264480
372,4.33185,28,0,132,0,140.937,3,8102,101,0,35,15,10.9142,2694,663,3130,0,30,2557830408
427,4.97223,81,0,5,0,112.761,82,8189,5,0,118,5,10.0289,2699,668,3135,0,30,3067540238
467,5.43816,103,0,22,0,123.895,103,8176,21,0,62,22,8.81754,2720,690,3157,0,30,2746413488
317,3.69122,61,0,117,0,86.927,63,8189,72,0,80,12,8.81754,2792,702,3274,0,31,2853636590
276,3.21407,35,0,74,0,66.34,35,8189,62,0,79,3,7.58285,2854,705,3348,0,32,2814648200
419,4.87916,72,0,6,0,108.447,74,8190,6,0,144,6,7.22176,2860,711,3354,0,32,2733052098
346,4.02936,10,0,128,0,77.639,3,8191,113,0,95,2,8.03712,2973,713,3482,0,34,2832235028
347,4.04087,31,0,0,0,69.971,31,8191,0,0,167,0,8.38656,2973,713,3482,0,34,2717623794
414,4.82099,36,0,3,0,69.317,36,8190,3,0,182,3,10.6696,2976,716,3485,0,34,2851481622
284,3.30715,23,0,36,0,69.014,23,8189,0,0,138,0,10.0289,2976,716,3521,0,35,2831954328
411,4.78614,31,0,0,0,62.891,31,8191,0,0,208,0,9.41158,2976,716,3521,0,35,2790269334
387,4.50658,36,0,3,0,92.501,36,8191,3,0,167,3,8.77094,2979,719,3524,0,35,2687904696
442,5.14699,79,0,5,0,112.858,79,8190,5,0,140,5,10.3434,2984,724,3529,0,35,2848513598
464,5.40316,96,0,24,0,113.513,96,8191,24,0,46,24,9.26016,3008,748,3553,0,35,2836049524
308,3.58661,55,0,107,0,72.356,55,8175,107,0,62,10,7.68768,3115,758,3660,0,36,2770942664
454,5.28673,98,0,12,0,127.352,98,8181,12,0,103,12,9.21357,3127,770,3672,0,36,2718761850
274,3.1906,46,0,111,0,52.694,46,8189,71,0,51,12,11.8227,3198,782,3783,0,37,2907354170
399,4.64616,72,0,8,0,161.988,89,8189,8,0,91,8,10.192,3206,790,3791,0,37,2780044232
219,2.5502,6,0,99,0,160.502,6,8191,97,0,19,5,9.14368,3303,795,3890,0,38,2774388890
430,5.00757,58,0,3,0,138.469,87,8189,3,0,129,3,7.76922,3306,798,3893,0,38,2831453576
341,3.97096,105,0,15,0,136.573,105,8160,15,0,53,15,8.4215,3321,813,3908,0,38,1895433064
322,3.74986,57,0,108,0,84.449,57,8189,104,0,64,3,9.24851,3425,816,4016,0,39,3680176878
457,5.32172,87,0,7,0,125.023,110,8189,7,0,141,7,6.94221,3432,823,4023,0,39,2757923106
469,5.4613,110,0,24,0,154.185,125,8178,24,0,52,24,5.25325,3456,847,4047,0,39,2757760074
183,2.13103,23,0,138,0,68.972,23,8191,71,0,25,12,5.05523,3527,859,4185,0,40,2859208254
414,4.82101,77,0,6,0,137.27,82,8149,6,0,99,6,8.20019,3533,865,4191,0,40,2714591726
431,5.01922,95,0,22,0,129.573,95,8170,22,0,36,22,10.0755,3555,887,4213,0,40,2822276674
214,2.49202,38,0,104,0,51.996,38,8189,66,0,40,7,10.0056,3621,894,4317,0,41,2830763278
451,5.25199,61,0,6,0,139.089,90,8157,6,0,104,6,8.67776,3627,900,4323,0,41,2788625252
330,3.84267,103,0,21,0,139.625,103,8179,21,0,39,21,7.55955,3648,921,4344,0,41,2053090370
345,4.01742,67,0,104,0,90.298,72,8191,60,0,96,1,6.74419,3708,922,4448,0,42,3476185998
312,3.63321,92,0,11,0,131.978,92,8191,11,0,51,11,6.61606,3719,933,4459,0,42,2099680478
291,3.3886,18,0,142,0,72.422,18,8190,110,0,66,2,6.9888,3829,935,4601,0,44,3570562828
344,4.00581,29,0,1,0,62.994,29,8191,1,0,158,1,7.80416,3830,936,4602,0,44,2760645132
382,4.44815,34,0,4,0,65.047,34,8190,4,0,155,4,9.33005,3834,940,4606,0,44,2810515316
419,4.87937,61,0,2,0,106.828,64,8189,2,0,170,2,9.91245,3836,942,4608,0,44,2803241490
435,5.06547,81,0,9,0,104.886,94,8191,9,0,74,9,10.1221,3845,951,4617,0,44,2681605442
282,3.2838,9,0,112,0,105.184,9,8189,88,0,19,14,10.2386,3933,965,4729,0,45,2818976340
444,5.17038,62,0,8,0,136.384,87,8191,8,0,127,8,11.4267,3941,973,4737,0,45,2887051304
318,3.70312,98,0,27,0,120.095,98,8179,27,0,32,27,10.6812,3968,1000,4764,0,45,2199406902
363,4.22708,67,0,101,0,113.635,72,8189,61,0,95,3,10.3784,4029,1003,4865,0,46,3310560092
451,5.2516,99,0,13,0,132.533,99,8191,12,0,72,13,9.19027,4041,1016,4878,0,46,2830093714
276,3.21394,38,0,107,0,56.432,38,8189,98,0,41,7,8.74765,4139,1023,4985,0,47,2764784232
401,4.66961,79,0,8,0,125.301,79,8191,8,0,75,8,8.98061,4147,1031,4993,0,47,2823771272
465,5.41478,113,0,13,0,165.518,117,8191,13,0,116,13,9.33005,4160,1044,5006,0,47,2585328436
186,2.16598,14,0,129,0,107.781,14,8191,100,0,16,11,9.15533,4260,1055,5135,0,48,2792455360
376,4.37865,80,0,5,0,115.486,80,8189,5,0,103,5,7.87405,4265,1060,5140,0,48,2933524258
319,3.71459,54,0,83,0,73.907,54,8140,62,0,59,3,7.55955,4327,1063,5223,0,49,2784628084
209,2.43376,6,0,82,0,72.744,6,8189,82,0,53,1,7.3033,4409,1064,5305,0,51,2919034944
275,3.20224,20,0,0,0,40.967,20,8189,0,0,136,0,8.22349,4409,1064,5305,0,51,2790050816
323,3.7615,11,0,27,0,48.663,11,8191,27,0,146,1,7.64109,4436,1065,5332,0,52,2720324348
343,3.99431,22,0,0,0,47.841,22,8189,0,0,173,0,8.4681,4436,1065,5332,0,52,2870080094
351,4.08728,29,0,1,0,56.613,29,8189,1,0,167,1,9.22522,4437,1066,5333,0,52,2799102393
403,4.69275,35,0,1,0,67.452,35,8191,1,0,190,1,8.04877,4438,1067,5334,0,52,2787215799
450,5.2403,60,0,4,0,90.04,65,8189,4,0,154,4,8.1303,4442,1071,5338,0,52,2804030502
388,4.5182,90,0,6,0,123.553,90,8190,6,0,61,6,6.88397,4448,1077,5344,0,52,2538146324
334,3.88943,41,0,103,0,66.029,41,8189,61,0,73,2,7.45472,4509,1079,5447,0,53,3054676114
382,4.44836,68,0,7,0,136.198,83,8189,7,0,81,7,7.34989,4516,1086,5454,0,53,2768245438
375,4.36686,97,0,23,0,139.888,97,8165,23,0,40,22,7.72262,4539,1108,5477,0,53,2547169828
235,2.7365,46,0,105,0,77.539,46,8191,67,0,47,8,6.4297,4606,1116,5582,0,54,3013164238
346,4.0291,12,0,81,0,101.878,4,8191,81,0,50,10,6.83738,4687,1126,5663,0,55,2559739280
351,4.08734,50,0,3,0,75.763,50,8191,3,0,123,3,5.32314,4690,1129,5666,0,55,3080284382
362,4.21548,69,0,10,0,163.74,86,8191,10,0,76,10,4.32141,4700,1139,5676,0,55,2696701028
285,3.31879,96,0,21,0,151.449,96,8183,21,0,30,21,5.09018,4721,1160,5697,0,55,1950893070
372,4.33194,74,0,98,0,104.144,74,8191,61,0,100,2,8.4448,4782,1162,5795,0,56,3733935114
415,4.8328,90,0,12,0,106.205,90,8173,12,0,41,12,8.49139,4794,1174,5807,0,56,2534241850
327,3.8081,103,0,5,0,119.881,103,8191,5,0,38,5,10.1221,4799,1179,5812,0,56,1808205602
401,4.66956,79,0,105,0,102.26,79,8144,67,0,111,2,10.0988,4866,1181,5917,0,57,3969735873
331,3.85452,91,0,13,0,122.799,91,8189,13,0,32,13,9.74938,4879,1194,5930,0,57,1829779191
363,4.22718,66,0,93,0,124.537,75,8189,66,0,102,2,8.63117,4945,1196,6023,0,58,3767826454
313,3.64487,89,0,97,0,126.519,2,8160,66,0,37,8,8.38656,5011,1204,6120,0,59,1867271490
351,4.08723,72,0,4,0,101.267,72,8144,5,0,95,4,7.55955,5016,1208,6124,0,59,3713414488
432,5.03055,95,0,11,0,155.701,97,8166,11,0,65,11,6.87232,5027,1219,6135,0,59,2838882858
329,3.83115,56,0,102,0,57.114,56,8189,90,0,65,5,7.08198,5117,1224,6237,0,60,2819685806
251,2.92292,32,0,66,0,64.545,32,8191,62,0,81,3,8.40986,5179,1227,6303,0,61,2650834816
408,4.75107,34,0,3,0,71.54,36,8189,3,0,150,3,9.44653,5182,1230,6306,0,61,2949091642
414,4.82099,67,0,5,0,123.077,77,8189,5,0,123,5,8.87578,5187,1235,6311,0,61,2787495830
438,5.10038,98,0,22,0,129.609,98,8183,22,0,58,22,7.73427,5209,1257,6333,0,61,2760460892
322,3.74981,107,0,48,0,118.176,107,8191,48,0,30,45,7.31494,5257,1302,6381,0,61,1817846156
317,3.69131,21,0,144,0,45.116,21,8190,144,0,87,0,7.96723,5401,1302,6525,0,63,3690798426
375,4.36668,28,0,2,0,61.493,28,8191,2,0,182,2,7.90899,5403,1304,6527,0,63,2836882930
414,4.82119,34,0,2,0,58.494,34,8190,2,0,182,2,7.04704,5405,1306,6529,0,63,2677906168
352,4.09898,47,0,3,0,92.064,47,8191,3,0,142,3,7.09363,5408,1309,6532,0,63,2726369380
438,5.10031,87,0,9,0,125.275,87,8190,9,0,85,9,6.20838,5417,1318,6541,0,63,2659218894
413,4.8093,103,0,15,0,144.713,103,8191,15,0,48,15,6.18509,5432,1333,6556,0,63,3170697520
391,4.55312,2,0,138,0,133.131,3,8075,83,0,48,21,6.75584,5515,1354,6694,0,64,2678137350
323,3.76123,26,0,54,0,49.038,26,8191,54,0,105,2,8.38656,5569,1356,6748,0,65,2912398384
369,4.29688,32,0,2,0,66.671,32,8191,2,0,162,2,9.23686,5571,1358,6750,0,65,2702168280
297,3.45836,13,0,51,0,30.087,13,8189,51,0,110,2,8.53798,5622,1360,6801,0,67,2860291686
357,4.15513,23,0,0,0,50.257,23,8191,0,0,179,0,8.67776,5622,1360,6801,0,67,2839791724
378,4.40176,29,0,1,0,57.072,29,8191,1,0,180,1,7.47802,5623,1361,6802,0,67,2754622654
326,3.79623,19,0,32,0,44.975,19,8191,32,0,144,1,6.39475,5655,1362,6834,0,68,2808594334
341,3.97102,26,0,0,0,60.473,26,8189,0,0,175,0,6.84902,5655,1362,6834,0,68,2815205414
306,3.56356,30,0,6,0,69.394,30,8170,6,0,120,6,5.48621,5661,1368,6840,0,68,2753636578
293,3.41208,17,0,35,0,41.552,17,8189,35,0,106,3,5.85894,5696,1371,6875,0,69,2814273602
365,4.25046,26,0,0,0,55.121,26,8191,0,0,183,0,7.16352,5696,1371,6875,0,69,2810138940
372,4.33197,31,0,2,0,53.566,31,8189,2,0,163,2,7.76922,5698,1373,6877,0,69,2768371704
330,3.84268,18,0,36,0,41.644,18,8189,36,0,129,2,8.25843,5734,1375,6913,0,70,2804232418
418,4.86754,27,0,0,0,45.694,27,8189,0,0,213,0,10.1454,5734,1375,6913,0,70,2814612176
373,4.34367,33,0,1,0,78.832,33,8189,1,0,176,1,7.8624,5735,1376,6914,0,70,2735638886
336,3.91271,20,0,36,0,41.106,20,8191,36,0,131,2,7.58285,5771,1378,6950,0,71,2838787070
403,4.69274,28,0,0,0,55.632,28,8189,0,0,202,0,8.1536,5771,1378,6950,0,71,2787310624
302,3.51679,17,0,33,0,37.538,17,8191,33,0,111,3,9.91245,5804,1381,6983,0,72,2795325414
305,3.5517,24,0,1,0,50.899,24,8189,1,0,150,1,9.78432,5805,1382,6984,0,72,2814865732
310,3.60987,29,0,3,0,68.496,29,8189,3,0,123,3,9.57466,5808,1385,6987,0,72,2790857300
220,2.56185,18,0,30,0,36.293,18,8189,30,0,93,1,8.85248,5838,1386,7017,0,73,2766561966
432,5.03101,28,0,1,0,57.046,28,8190,1,0,219,1,7.75757,5839,1387,7018,0,73,2827255970
306,3.56317,31,0,3,0,92.407,31,8189,3,0,105,3,7.48966,5842,1390,7021,0,73,2790051670
319,3.71493,35,0,6,0,69.795,35,8191,6,0,115,6,9.73773,5848,1396,7027,0,73,2680361250
215,2.5038,5,0,43,0,65.398,5,8189,43,0,71,1,9.9241,5891,1397,7070,0,76,2879044112
220,2.56194,12,0,10,0,22.549,12,8189,10,0,109,0,9.03885,5901,1397,7080,0,77,2814284858
329,3.83103,21,0,0,0,51.249,22,8189,0,0,166,0,6.45299,5901,1397,7080,0,77,2807416598
297,3.45881,12,0,26,0,41.203,14,8189,26,0,136,1,5.32314,5927,1398,7106,0,78,2793928508
351,4.08727,23,0,1,0,62.852,23,8190,1,0,176,1,5.78906,5928,1399,7107,0,78,2756479432
438,5.10039,31,0,0,0,69.298,31,8189,0,0,209,0,8.47974,5928,1399,7107,0,78,2798732552
427,4.97233,37,0,1,0,76.649,37,8189,1,0,200,1,9.76102,5929,1400,7108,0,78,2803790416
406,4.72773,78,0,5,0,135.522,81,8191,5,0,112,5,8.33997,5934,1405,7113,0,78,2736402256
466,5.42649,93,0,24,0,135.15,100,8191,24,0,55,24,6.49958,5958,1429,7137,0,78,2840368020
488,5.68261,111,0,26,0,107.593,118,8190,26,0,62,25,6.87232,5984,1454,7163,0,78,2484187580
266,3.09749,8,0,139,0,126.578,8,8189,121,0,14,18,6.65101,6105,1472,7302,0,79,3131558598
369,4.29691,76,0,8,0,120.081,76,8190,8,0,99,8,6.94221,6113,1480,7310,0,79,2482939060
276,3.21418,31,0,89,0,70.831,31,8189,73,0,51,4,7.04704,6186,1484,7399,0,80,3091382728
337,3.9243,74,0,7,0,124.94,74,8191,7,0,70,7,6.62771,6193,1491,7406,0,80,2154291972
325,3.78345,53,0,75,0,75.684,53,8191,60,0,95,1,7.92064,6253,1492,7481,0,81,3448642722
347,4.04091,31,0,58,0,52.059,31,8191,56,0,126,2,7.82746,6309,1494,7539,0,82,2765326662
349,4.06394,4,0,39,0,71.298,4,8189,39,0,129,4,9.78432,6348,1498,7578,0,83,2697981874
290,3.37706,23,0,0,0,65.44,23,8189,0,0,140,0,10.6579,6348,1498,7578,0,83,2905896532
358,4.16885,28,0,3,0,77.597,28,8189,3,0,148,3,10.3318,6351,1501,7581,0,83,2813161386
265,3.08588,6,0,34,0,87.464,6,8191,34,0,90,3,10.2153,6385,1504,7615,0,84,2781210880
339,3.94759,23,0,0,0,65.463,23,8190,0,0,168,0,10.8443,6385,1504,7615,0,84,2794630818
281,3.27215,4,0,29,0,65.166,4,8189,29,0,117,2,10.8676,6414,1506,7644,0,85,2723989310
405,4.71639,23,0,0,0,39.111,23,8189,0,0,199,0,10.2619,6414,1506,7644,0,85,2878522178
334,3.88939,14,0,30,0,46.188,14,8189,30,0,138,2,7.11693,6444,1508,7674,0,86,2737330568
363,4.22707,24,0,0,0,49.938,24,8189,0,0,184,0,5.20666,6444,1508,7674,0,86,2826945058
442,5.14526,32,0,0,0,59.331,32,8189,0,0,225,0,5.33478,6444,1508,7674,0,86,2741391926
399,4.64613,37,0,2,0,91.271,37,8189,2,0,175,2,6.63936,6446,1510,7676,0,86,2866650178
334,3.88958,25,0,52,0,72.719,25,8189,52,0,114,3,8.10701,6498,1513,7728,0,87,2771650560
369,4.29719,31,0,2,0,80.324,31,8162,2,0,161,2,9.0505,6500,1515,7730,0,87,2788540286
380,4.42518,35,0,4,0,73.111,35,8189,4,0,148,4,8.72435,6504,1519,7734,0,87,2788664984
406,4.7278,77,0,5,0,118.921,77,8190,5,0,150,5,7.72262,6509,1524,7739,0,87,2738520120
229,2.66664,55,0,79,0,79.829,55,8191,61,0,61,2,7.03539,6570,1526,7818,0,88,2653550396
313,3.64483,30,0,56,0,65.65,30,8189,56,0,119,1,7.61779,6626,1527,7874,0,89,2964698184
382,4.44827,35,0,2,0,70.191,35,8189,2,0,179,2,7.89734,6628,1529,7876,0,89,2626594638
320,3.72645,23,0,36,0,47.959,23,8189,36,0,138,1,9.93574,6664,1530,7912,0,90,2977002466
388,4.51794,30,0,1,0,60.466,30,8189,1,0,186,1,8.57293,6665,1531,7913,0,90,2826501496
369,4.29695,35,0,1,0,73.568,35,8189,1,0,174,1,8.28173,6666,1532,7914,0,90,2783151826
381,4.43655,58,0,61,0,74.332,2,8191,50,0,126,3,5.83565,6716,1535,7975,0,91,2483262194
335,3.90099,32,0,3,0,68.492,32,8190,14,0,126,3,5.66093,6730,1538,7978,0,91,2995038200
319,3.71425,20,0,34,0,49.123,20,8189,34,0,124,1,5.39302,6764,1539,8012,0,92,2895391576
391,4.55309,28,0,0,0,60.011,28,8189,0,0,197,0,5.94048,6764,1539,8012,0,92,2826556404
385,4.48142,33,0,3,0,71.983,33,8189,3,0,167,3,5.56774,6767,1542,8015,0,92,2784636680
348,4.05255,37,0,5,0,65.921,37,8189,5,0,128,5,6.32486,6772,1547,8020,0,92,2799430732
425,4.94902,69,0,9,0,108.267,85,8191,9,0,111,9,6.83738,6781,1556,8029,0,92,2720407004
390,4.54145,105,0,14,0,116.899,105,8191,14,0,62,14,8.1536,6795,1570,8043,0,92,2278703266
365,4.24931,73,0,109,0,104.618,73,8189,109,0,97,4,10.3318,6904,1574,8152,0,93,3047335242
275,3.20228,37,0,75,0,74.342,37,8189,61,0,78,2,11.6131,6965,1576,8227,0,94,3109365518
333,3.87781,3,0,79,0,105.646,3,8118,65,0,93,6,12.7546,7030,1582,8306,0,95,2800920234
222,2.58514,7,0,38,0,79.635,7,8189,38,0,61,2,10.5065,7068,1584,8344,0,96,2698467478
362,4.21561,25,0,0,0,59.867,25,8191,0,0,176,0,7.37318,7068,1584,8344,0,96,2856529648
372,4.33181,31,0,1,0,84.882,31,8191,1,0,177,1,7.04704,7069,1585,8345,0,96,2850041432
398,4.63464,36,0,2,0,71.457,36,8155,2,0,167,2,7.81581,7071,1587,8347,0,96,2735451642
413,4.80926,67,0,4,0,115.294,75,8189,4,0,117,4,8.72435,7075,1591,8351,0,96,2843419320
476,5.54292,73,0,9,0,106.716,111,8189,9,0,106,9,9.12038,7084,1600,8360,0,96,2753432906
227,2.64347,14,0,125,0,105.81,14,8189,110,0,21,11,8.74765,7194,1611,8485,0,97,2689228220
340,3.95944,7,0,78,0,107.066,7,8191,66,0,85,7,10.1571,7260,1618,8563,0,98,2926830718
416,4.84437,45,0,3,0,79.679,45,8191,3,0,147,3,10.8792,7263,1621,8566,0,98,2792320818
163,1.8981,4,0,66,0,68.516,4,8189,66,0,47,1,11.252,7329,1622,8632,0,101,2718867186
232,2.7018,16,0,0,0,36.895,16,8191,0,0,117,0,11.6829,7329,1622,8632,0,101,2897487642
329,3.83118,24,0,0,0,58.034,24,8189,0,0,164,0,9.14368,7329,1622,8632,0,101,2792327594
369,4.2966,31,0,1,0,68.089,31,8190,1,0,187,1,6.4297,7330,1623,8633,0,101,2719920406
325,3.78434,32,0,2,0,73.956,34,8189,2,0,118,2,7.0121,7332,1625,8635,0,101,2871155420
414,4.8209,59,0,3,0,76.709,62,8189,2,0,162,3,7.74592,7334,1628,8638,0,101,2718569644
385,4.48333,84,0,9,0,131.327,86,8189,10,0,56,9,9.70278,7344,1637,8647,0,101,2869359220
277,3.22553,57,0,93,0,74.093,59,8189,64,0,74,5,6.48794,7408,1642,8740,0,102,2718173178
426,4.9607,71,0,6,0,117.975,101,8190,6,0,105,6,5.96378,7414,1648,8746,0,102,2862337212
470,5.47308,107,0,27,0,124.613,107,8181,27,0,21,27,6.28992,7441,1675,8773,0,102,2787767612
269,3.13245,52,0,117,0,59.154,52,8190,99,0,57,10,7.55955,7540,1685,8890,0,103,2702960442
324,3.77291,79,0,9,0,155.288,79,8180,9,0,57,9,7.61779,7549,1694,8899,0,103,2576710962
207,2.41062,49,0,80,0,61.301,49,8190,66,0,51,1,6.91891,7615,1695,8979,0,104,2899600326
475,5.5316,61,0,8,0,116.321,86,8191,8,0,78,8,6.37146,7623,1703,8987,0,104,2996490798
406,4.72795,117,0,13,0,168.18,117,8190,13,0,98,13,7.26835,7636,1716,9000,0,104,2080915914
287,3.3422,56,0,120,0,68.971,56,8191,110,0,63,3,9.36499,7746,1719,9120,0,105,3486747936
258,3.00441,33,0,66,0,72.124,33,8191,60,0,83,2,9.42323,7806,1721,9186,0,106,2792069560
261,3.0393,20,0,35,0,55.809,20,8191,35,0,108,2,8.53798,7841,1723,9221,0,107,2813480880
396,4.61134,28,0,0,0,52.906,28,8191,0,0,202,0,8.31667,7841,1723,9221,0,107,2795742670
403,4.69285,34,0,2,0,76.153,34,8191,2,0,188,2,7.82746,7843,1725,9223,0,107,2700597340
305,3.55164,18,0,39,0,48.87,18,8189,39,0,98,3,7.76922,7882,1728,9262,0,108,2856753466
359,4.1804,26,0,0,0,71.167,26,8189,0,0,184,0,8.10701,7882,1728,9262,0,108,2813145236
401,4.66987,33,0,1,0,74.631,33,8189,1,0,194,1,9.07379,7883,1729,9263,0,108,2795164352
252,2.9347,19,0,34,0,72.401,19,8189,34,0,106,1,9.70278,7917,1730,9297,0,109,2791680864
341,3.97088,27,0,0,0,61.983,27,8189,0,0,175,0,9.51642,7917,1730,9297,0,109,2804592140
398,4.63459,33,0,2,0,71.693,33,8159,2,0,174,2,8.00218,7919,1732,9299,0,109,2773792476
437,5.08904,48,0,2,0,68.072,48,8189,2,0,188,2,11.2054,7921,1734,9301,0,109,2826508776
325,3.78465,11,0,95,0,57.292,11,8189,92,0,76,3,8.92237,8013,1737,9396,0,111,2783442984
325,3.78479,21,0,0,0,45.607,21,8189,0,0,163,0,9.88915,8013,1737,9396,0,111,2780617070
391,4.55312,29,0,0,0,55.749,29,8189,0,0,195,0,8.49139,8013,1737,9396,0,111,2818889920
299,3.48181,19,0,32,0,46.199,19,8189,32,0,119,2,8.74765,8045,1739,9428,0,112,2776045384
348,4.05233,26,0,0,0,69.016,26,8191,0,0,179,0,9.14368,8045,1739,9428,0,112,2811710314
348,4.05237,32,0,2,0,90.38,32,8189,2,0,152,2,9.39994,8047,1741,9430,0,112,2744551248
399,4.64634,37,0,2,0,65.279,37,8189,2,0,172,2,9.13203,8049,1743,9432,0,112,2845808912
345,4.01748,74,0,5,0,140.774,74,8189,5,0,102,5,9.36499,8054,1748,9437,0,112,2607222870
423,4.92574,71,0,8,0,147.957,102,8191,8,0,76,8,9.13203,8062,1756,9445,0,112,2886162342
205,2.38719,18,0,113,0,116.861,18,8191,66,0,29,7,8.95731,8128,1763,9558,0,113,2830883848
427,4.97236,84,0,5,0,134.584,85,8191,5,0,111,5,7.90899,8133,1768,9563,0,113,2792297436
211,2.457,15,0,96,0,107.163,15,8189,63,0,31,5,7.80416,8196,1773,9659,0,114,2841561128
470,5.47309,86,0,7,0,132.791,89,8190,7,0,126,7,7.60614,8203,1780,9666,0,114,2790940222
362,4.21542,97,0,10,0,114.837,97,8191,10,0,23,10,7.5479,8213,1790,9676,0,114,2264938046
293,3.41195,57,0,99,0,86.372,58,8189,60,0,67,2,7.90899,8273,1792,9775,0,115,3311672434
358,4.16876,35,0,69,0,75.828,35,8191,69,0,115,3,7.2567,8342,1795,9844,0,116,2826170410
374,4.35517,4,0,58,0,83.648,4,8191,58,0,136,3,7.0121,8400,1798,9902,0,117,2432766700
380,4.42534,32,0,1,0,83.806,32,8191,1,0,171,1,7.26835,8401,1799,9903,0,117,3150949312
314,3.65644,19,0,35,0,57.52,19,8189,35,0,124,2,6.1385,8436,1801,9938,0,118,2795165380
380,4.42504,27,0,0,0,65.063,27,8189,0,0,193,0,7.32659,8436,1801,9938,0,118,2797766062
394,4.58805,33,0,1,0,75.468,33,8189,1,0,187,1,6.55782,8437,1802,9939,0,118,2793192654
379,4.41313,37,0,4,0,79.868,37,8189,4,0,126,4,5.8473,8441,1806,9943,0,118,2766800554
437,5.0887,87,0,7,0,112.331,87,8189,7,0,117,7,5.47456,8448,1813,9950,0,118,2672353586
468,5.44972,106,0,10,0,153.662,107,8191,10,0,62,10,6.62771,8458,1823,9960,0,118,2764921684
255,2.96939,26,0,121,0,69.624,26,8189,84,0,30,12,8.52634,8542,1835,10081,0,119,2938326930
419,4.87957,75,0,7,0,147.5,90,8187,7,0,116,7,9.50477,8549,1842,10088,0,119,2804670078
317,3.69161,4,0,110,0,152.3,4,8189,107,0,17,15,10.786,8656,1857,10198,0,120,2671390400
331,3.85435,71,0,5,0,110.123,71,8191,5,0,92,5,9.07379,8661,1862,10203,0,120,2506284298
337,3.92427,36,0,73,0,64.161,36,8191,61,0,95,2,8.74765,8722,1864,10276,0,121,3217264708
411,4.78589,10,0,78,0,98.88,4,8189,63,0,117,3,7.43142,8785,1867,10354,0,122,2657691120
375,4.36707,60,0,7,0,81.698,60,8191,15,0,106,7,9.62125,8800,1874,10361,0,122,2665036026
478,5.56665,91,0,15,0,113.539,91,8183,15,0,74,15,9.57466,8815,1889,10376,0,122,3030178912
340,3.95949,4,0,127,0,94.509,4,8191,96,0,20,30,8.99226,8911,1919,10503,0,123,2615424994
293,3.41192,15,0,61,0,68.962,15,8191,61,0,75,4,8.18854,8972,1923,10564,0,124,3000557294
337,3.92428,15,0,33,0,51.266,15,8191,33,0,134,2,7.66438,9005,1925,10597,0,125,2783818590
342,3.98251,24,0,0,0,47.788,24,8189,0,0,173,0,8.54963,9005,1925,10597,0,125,2804190410
367,4.27365,30,0,3,0,84.211,30,8190,3,0,164,3,8.98061,9008,1928,10600,0,125,2795236066
399,4.64629,35,0,2,0,73.498,35,8191,2,0,159,2,8.59622,9010,1930,10602,0,125,2803231942
419,4.87919,64,0,4,0,93.229,69,8189,4,0,152,4,8.56128,9014,1934,10606,0,125,2732532054
443,5.15852,98,0,19,0,154.598,98,8176,19,0,78,19,9.84256,9033,1953,10625,0,125,2677058342
466,5.42667,112,0,47,0,119.654,112,8183,47,0,46,46,9.78432,9080,1999,10672,0,125,2713960816
318,3.7028,54,0,117,0,88.518,54,8191,111,0,59,5,8.96896,9191,2004,10789,0,126,3021951002
310,3.60991,3,0,93,0,120.847,3,8176,62,0,82,3,7.62944,9253,2007,10882,0,127,2605723750
323,3.76117,23,0,63,0,98.915,3,8173,63,0,86,5,6.74419,9316,2012,10945,0,128,2858185106
262,3.05089,32,0,6,0,67.709,32,8191,6,0,95,6,9.30675,9322,2018,10951,0,128,2819154422
386,4.49519,36,0,4,0,80.117,36,8189,4,0,134,4,10.6929,9326,2022,10955,0,128,2898404264
407,4.73967,71,0,6,0,103.909,71,8191,6,0,126,6,8.1536,9332,2028,10961,0,128,2682356978
433,5.04237,89,0,17,0,147.669,89,8191,17,0,47,17,6.26662,9349,2045,10978,0,128,2933601482
138,1.60698,3,0,101,0,130.488,3,8100,69,0,6,9,6.17344,9418,2054,11079,0,129,2279803526
296,3.44687,4,0,67,0,99.822,4,8154,67,0,72,7,7.08198,9485,2061,11146,0,130,3060069334
401,4.66958,34,0,2,0,65.11,34,8189,2,0,160,2,9.3417,9487,2063,11148,0,130,3047049376
319,3.71467,20,0,38,0,48.145,20,8189,38,0,120,3,9.2951,9525,2066,11186,0,131,2721979876
429,4.99562,29,0,0,0,75.686,29,8189,0,0,215,0,7.8857,9525,2066,11186,0,131,2837851338
285,3.31873,19,0,31,0,56.268,19,8189,31,0,122,1,8.1769,9556,2067,11217,0,132,2795428622
361,4.20369,27,0,0,0,60.836,27,8189,0,0,185,0,9.46982,9556,2067,11217,0,132,2657068159
388,4.51824,32,0,5,0,69.902,32,8164,5,0,154,5,9.50477,9561,2072,11222,0,132,2850960955
338,3.93594,22,0,32,0,47.815,22,8191,32,0,149,0,7.62944,9593,2072,11254,0,133,2849227976
403,4.69305,24,0,1,0,67.386,30,8162,1,0,193,1,7.51296,9594,2073,11255,0,133,2848703802
347,4.04098,33,0,3,0,80.005,34,8189,3,0,132,3,9.88915,9597,2076,11258,0,133,2794887984
462,5.37991,63,0,3,0,84.819,65,8189,3,0,178,3,11.4267,9600,2079,11261,0,133,2745217356
371,4.32002,36,0,71,0,66.721,36,8189,71,0,121,4,10.39,9671,2083,11332,0,134,2830745946
314,3.65674,23,0,37,0,48.353,23,8189,37,0,137,1,8.39821,9708,2084,11369,0,135,2803007982
364,4.23933,30,0,1,0,61.121,30,8189,1,0,176,1,7.53626,9709,2085,11370,0,135,2795749056
410,4.77372,35,0,3,0,59.375,35,8189,3,0,163,3,8.35162,9712,2088,11373,0,135,2782596068
402,4.68116,61,0,6,0,76.465,61,8191,6,0,142,6,9.85421,9718,2094,11379,0,135,2552419702
403,4.6928,61,0,9,0,126.189,84,8189,9,0,52,9,9.76102,9727,2103,11388,0,135,2953005384
382,4.44834,89,0,11,0,145.497,104,8189,9,0,61,11,9.76102,9736,2114,11399,0,135,2688779534
338,3.93613,3,0,125,0,140.808,3,8083,78,0,13,17,9.94739,9814,2131,11524,0,136,2976615768
235,2.73654,68,0,5,0,108.935,68,8188,5,0,86,5,8.56128,9819,2136,11529,0,136,2146797268
343,3.99417,36,0,68,0,85.473,36,8189,59,0,133,0,7.65274,9878,2136,11597,0,137,3422610702
401,4.66947,71,0,10,0,105.894,71,8149,10,0,101,10,6.33651,9888,2146,11607,0,137,2825670162
347,4.04074,102,0,6,0,141.481,102,8191,6,0,84,6,7.17517,9894,2152,11613,0,137,2284053842
377,4.39032,67,0,104,0,108.207,75,8189,72,0,102,2,7.58285,9966,2154,11717,0,138,3289814024
404,4.70452,95,0,12,0,157.723,95,8175,12,0,53,12,8.7127,9978,2166,11729,0,138,2640847622
293,3.41195,58,0,98,0,87.681,58,8189,63,0,67,3,7.05869,10041,2169,11827,0,139,2963836932
465,5.41491,107,0,10,0,110.607,107,8190,10,0,128,10,6.63936,10051,2179,11837,0,139,2759323238
527,6.13697,122,0,19,0,111.483,122,8180,19,0,51,19,7.85075,10070,2198,11856,0,139,2648642556
276,3.21409,57,0,126,0,71.459,57,8191,101,0,64,4,9.69114,10171,2202,11982,0,140,2952063170
480,5.58959,97,0,14,0,123.821,97,8190,14,0,99,14,9.48147,10185,2216,11996,0,140,2809171260
480,5.58988,120,0,10,0,146.175,120,8155,10,0,75,10,9.24851,10195,2226,12006,0,140,2241270878
291,3.38887,4,0,177,0,71.313,4,8185,116,0,62,3,10.4366,10311,2229,12183,0,142,3331409340
358,4.16915,31,0,1,0,58.122,31,8189,1,0,159,1,11.1821,10312,2230,12184,0,142,2822576134
394,4.58781,36,0,4,0,63.194,36,8191,4,0,153,4,11.0656,10316,2234,12188,0,142,2755620784
408,4.75105,77,0,5,0,107.652,77,8190,5,0,139,5,11.6829,10321,2239,12193,0,142,2767650270
519,6.04359,65,0,13,0,102.376,96,8189,13,0,51,13,11.881,10334,2252,12206,0,142,2847391246
468,5.4494,103,0,11,0,145.535,114,8122,11,0,62,11,9.71443,10345,2263,12217,0,142,2695645652
347,4.04045,125,0,25,0,161.171,125,8181,25,0,41,25,8.93402,10370,2288,12242,0,142,1989266800
279,3.24893,48,0,129,0,66.266,48,8172,101,0,50,4,8.53798,10471,2292,12371,0,143,3204514282
401,4.66955,69,0,8,0,137.152,87,8190,8,0,83,8,6.73254,10479,2300,12379,0,143,3291188194
218,2.53856,3,0,109,0,161.933,3,8189,77,0,12,17,6.6976,10556,2317,12488,0,144,2513393302
328,3.81962,11,0,64,0,118.819,11,8191,60,0,82,2,7.08198,10616,2319,12552,0,145,3062726842
378,4.40206,35,0,2,0,82.776,35,8189,2,0,165,2,8.4681,10618,2321,12554,0,145,2759725231
365,4.25084,56,0,4,0,90.223,57,8191,4,0,126,4,8.51469,10622,2325,12558,0,145,2784062739
385,4.48341,64,0,6,0,119.455,86,8189,6,0,66,6,6.27827,10628,2331,12564,0,145,2823032828
298,3.47014,3,0,107,0,145.688,3,8092,102,0,37,8,6.70925,10730,2339,12671,0,146,2413846106
387,4.50673,57,0,6,0,99.355,81,8189,6,0,117,6,5.73082,10736,2345,12677,0,146,3202481352
426,4.96054,105,0,17,0,132.44,105,8191,17,0,69,17,6.61606,10753,2362,12694,0,146,2789637508
165,1.92153,11,0,116,0,145.715,11,8189,116,0,11,10,7.64109,10869,2372,12810,0,147,2798404518
342,3.98249,27,0,55,0,59.59,27,8191,55,0,109,3,9.6329,10924,2375,12865,0,148,2785501404
440,5.12373,34,0,0,0,62.146,34,8189,0,0,222,0,7.45472,10924,2375,12865,0,148,2688127274
252,2.93445,5,0,42,0,72.988,5,8191,42,0,78,3,7.12858,10966,2378,12907,0,150,2874620966
171,1.99112,10,0,10,0,29.874,10,8191,10,0,86,0,7.03539,10976,2378,12917,0,151,2759572438
315,3.66829,20,0,0,0,49.382,20,8191,0,0,158,0,7.37318,10976,2378,12917,0,151,2757091022
369,4.29663,28,0,1,0,51.348,28,8189,1,0,179,1,6.58112,10977,2379,12918,0,151,2753529618
370,4.3086,32,0,3,0,58.176,32,8189,3,0,145,3,6.30157,10980,2382,12921,0,151,2834511540
363,4.22705,36,0,5,0,69.048,36,8189,5,0,140,5,6.56947,10985,2387,12926,0,151,2769440436
260,3.02769,6,0,52,0,102.505,6,8189,52,0,65,3,7.66438,11037,2390,12978,0,152,2883847540
338,3.93619,28,0,2,0,109.673,28,8191,2,0,150,2,8.28173,11039,2392,12980,0,152,2808608488
386,4.49512,34,0,2,0,68.304,34,8189,2,0,169,2,7.37318,11041,2394,12982,0,152,2768471160
340,3.95921,37,0,4,0,73.504,37,8189,4,0,121,4,7.0121,11045,2398,12986,0,152,2716741538
418,4.86756,65,0,3,0,101.482,80,8166,3,0,91,3,6.65101,11048,2401,12989,0,152,2855133820
415,4.83262,84,0,19,0,105.956,88,8191,19,0,20,19,7.26835,11067,2420,13008,0,152,2780239196
335,3.90095,66,0,118,0,93.27,3,8191,118,0,17,24,7.11693,11185,2444,13126,0,153,2552643464
307,3.575,66,0,69,0,75.72,2,8189,45,0,82,4,6.16179,11230,2448,13195,0,154,2794951166
324,3.77298,36,0,0,0,76.212,36,8190,17,0,143,0,6.33651,11247,2448,13195,0,154,3108463400
334,3.88958,51,0,6,0,86.408,51,8190,6,0,85,6,8.98061,11253,2454,13201,0,154,2451949444
398,4.63518,72,0,9,0,130.3,90,8189,9,0,85,9,6.84902,11262,2463,13210,0,154,3079185774
235,2.73673,33,0,100,0,57.561,33,8189,68,0,35,9,7.64109,11330,2472,13310,0,155,2869108536
321,3.738,28,0,56,0,60.808,28,8189,51,0,108,2,8.03712,11381,2474,13366,0,156,2739450504
327,3.80785,3,0,36,0,66.023,3,8191,36,0,108,4,9.16698,11417,2478,13402,0,157,2770026560
334,3.88945,23,0,0,0,53.996,23,8189,0,0,166,0,9.95904,11417,2478,13402,0,157,2814451822
353,4.11052,29,0,2,0,55.067,29,8189,2,0,154,2,9.33005,11419,2480,13404,0,157,2828674198
333,3.87792,16,0,34,0,51.072,16,8191,34,0,146,1,10.6579,11453,2481,13438,0,158,2810998078
334,3.88954,24,0,1,0,57.807,24,8191,1,0,168,1,10.3201,11454,2482,13439,0,158,2712466064
240,2.79477,15,0,27,0,42.547,15,8189,27,0,92,1,10.2852,11481,2483,13466,0,159,2877834876
365,4.25036,24,0,0,0,49.932,24,8189,0,0,183,0,7.33824,11481,2483,13466,0,159,2753245544
358,4.16883,30,0,2,0,70.327,30,8189,2,0,161,2,8.06042,11483,2485,13468,0,159,2833224534
416,4.84439,36,0,1,0,76.537,36,8191,1,0,195,1,8.45645,11484,2486,13469,0,159,2767124966
349,4.06429,62,0,4,0,91.954,68,8189,3,0,117,4,8.49139,11487,2490,13473,0,159,2689853862
462,5.37984,90,0,10,0,143.307,93,8170,11,0,63,10,6.0919,11498,2500,13483,0,159,2814167286
368,4.28534,102,0,28,0,108.975,102,8191,28,0,27,28,5.54445,11526,2528,13511,0,159,2145944920
330,3.84279,61,0,103,0,66.825,61,8189,91,0,73,1,5.46291,11617,2529,13614,0,160,3557921038
378,4.40174,36,0,70,0,71.708,36,8191,61,0,128,2,8.04877,11678,2531,13684,0,161,2792293084
436,5.07714,75,0,5,0,117.185,75,8138,5,0,126,5,7.82746,11683,2536,13689,0,161,2765240044
412,4.79768,100,0,14,0,119.195,100,8176,14,0,70,14,9.66784,11697,2550,13703,0,161,2397363388
265,3.08586,58,0,100,0,120.077,65,8190,59,0,80,0,10.5997,11756,2550,13803,0,162,3158597722
418,4.86742,89,0,9,0,120.339,91,8189,9,0,63,9,11.6364,11765,2559,13812,0,162,2688367640
361,4.20405,107,0,22,0,148.42,107,8174,22,0,51,22,11.2869,11787,2581,13834,0,162,2262182762
296,3.44707,67,0,109,0,97.595,67,8190,71,0,85,2,9.64454,11858,2583,13943,0,163,3486200550
367,4.27363,85,0,10,0,127.439,85,8189,10,0,41,10,10.7628,11868,2593,13953,0,163,2586525844
392,4.56477,106,0,7,0,158.303,106,8191,7,0,63,7,9.50477,11875,2600,13960,0,163,2506490014
341,3.9708,6,0,165,0,70.209,3,8140,165,0,65,3,10.9258,12040,2603,14125,0,165,3090948686
311,3.62161,31,0,3,0,62.135,31,8189,3,0,117,3,8.52634,12043,2606,14128,0,165,2999831016
288,3.35345,18,0,34,0,48.898,18,8191,34,0,108,2,7.39648,12077,2608,14162,0,166,2681815430
408,4.75103,27,0,0,0,50.121,27,8189,0,0,205,0,6.53453,12077,2608,14162,0,166,2887401337
390,4.54162,33,0,2,0,61.898,33,8189,2,0,170,2,6.9888,12079,2610,14164,0,166,2776212621
387,4.50676,36,0,4,0,76.001,36,8189,4,0,134,4,6.95386,12083,2614,14168,0,166,2759770102
317,3.69133,3,0,72,0,94.543,3,8191,66,0,90,6,6.74419,12149,2620,14240,0,167,2541536228
416,4.84448,36,0,2,0,69.734,36,8191,2,0,165,2,7.33824,12151,2622,14242,0,167,3073742448
380,4.4249,59,0,7,0,102.668,76,8191,6,0,112,7,8.21184,12157,2629,14249,0,167,2770278420
268,3.12081,19,0,85,0,92.515,19,8189,65,0,26,5,8.58458,12222,2634,14334,0,168,2856609980
454,5.28665,85,0,8,0,118.425,85,8190,8,0,111,8,8.45645,12230,2642,14342,0,168,2659525176
277,3.22532,16,0,96,0,90.853,16,8189,68,0,19,9,8.22349,12298,2651,14438,0,169,2917866252
397,4.62326,13,0,84,0,120.411,13,8179,60,0,109,5,8.09536,12358,2656,14522,0,170,2766619240
461,5.3682,87,0,10,0,105.134,87,8191,10,0,123,10,7.47802,12368,2666,14532,0,170,2797613476
352,4.09896,99,0,115,0,150.797,2,8169,74,0,35,16,6.91891,12442,2682,14647,0,171,1707047398
403,4.69288,78,0,5,0,109.798,82,8191,45,0,119,5,6.39475,12487,2687,14652,0,171,3867996412
413,4.80937,99,0,30,0,128.566,99,8191,31,0,48,30,8.29338,12518,2717,14682,0,171,2530903690
291,3.38874,55,0,102,0,95.11,55,8191,77,0,62,3,7.48966,12595,2720,14784,0,172,2995696634
415,4.8322,85,0,12,0,140.753,85,8189,12,0,66,12,8.37491,12607,2732,14796,0,172,2767677205
250,2.91139,9,0,108,0,101.443,9,8189,78,0,17,19,7.5712,12685,2751,14904,0,173,2943046289
437,5.08889,71,0,7,0,122.455,82,8191,7,0,112,7,7.43142,12692,2758,14911,0,173,2654379196
423,4.92571,59,0,10,0,150.034,108,8191,10,0,77,10,9.09709,12702,2768,14921,0,173,2883440364
318,3.70301,3,0,133,0,143.229,3,8191,76,0,29,17,9.59795,12778,2785,15054,0,174,2571027270
355,4.13392,4,0,77,0,81.965,4,8191,55,0,96,5,13.6165,12833,2790,15131,0,175,3024093506
324,3.77279,45,0,3,0,67.507,45,8190,3,0,115,3,9.95904,12836,2793,15134,0,175,2750781642
405,4.71598,89,0,13,0,144.945,89,8191,13,0,93,13,9.37664,12849,2806,15147,0,175,2613242030
312,3.63344,55,0,99,0,78.567,56,8191,81,0,66,9,7.38483,12930,2815,15246,0,176,3037331934
339,3.94776,92,0,12,0,136.845,92,8180,12,0,85,12,7.41978,12942,2827,15258,0,176,2508673958
220,2.56178,4,0,136,0,67.219,4,8189,102,0,43,2,8.09536,13044,2829,15394,0,178,2982181076
284,3.30713,26,0,0,0,56.762,26,8189,0,0,138,0,8.68941,13044,2829,15394,0,178,2900454242
352,4.09895,16,0,31,0,38.796,16,8189,31,0,158,1,10.2036,13075,2830,15425,0,179,2806498744
334,3.88947,24,0,0,0,83.046,24,8191,0,0,171,0,11.1704,13075,2830,15425,0,179,2788859584
402,4.68073,31,0,1,0,77.302,31,8191,1,0,193,1,12.1372,13076,2831,15426,0,179,2794897602
383,4.45995,36,0,3,0,70.394,36,8189,3,0,161,3,11.9159,13079,2834,15429,0,179,2739606654
418,4.86756,79,0,5,0,111.668,83,8191,5,0,151,5,12.2537,13084,2839,15434,0,179,2704196452
295,3.43526,6,0,111,0,144.323,6,8189,75,0,35,16,10.5065,13159,2855,15545,0,180,2920218574
334,3.88933,32,0,67,0,62.893,32,8189,16,0,106,3,7.75757,13175,2858,15612,0,181,2722946912
393,4.57667,36,0,4,0,103.043,36,8191,4,0,154,4,7.82746,13179,2862,15616,0,181,2879941288
177,2.06113,9,0,44,0,35.206,9,8191,44,0,68,2,7.24506,13223,2864,15660,0,183,2802229794
292,3.40025,19,0,0,0,66.426,19,8189,0,0,151,0,6.90726,13223,2864,15660,0,183,2776675384
363,4.22745,22,0,1,0,75.748,27,8189,1,0,173,1,6.90726,13224,2865,15661,0,183,2818266832
407,4.74,33,0,1,0,65.481,33,8189,1,0,190,1,7.28,13225,2866,15662,0,183,2658943564
358,4.16877,37,0,3,0,90.881,37,8189,3,0,136,3,8.87578,13228,2869,15665,0,183,2907985990
398,4.63491,79,0,7,0,129.794,79,8190,7,0,102,7,8.59622,13235,2876,15672,0,183,2532154940
418,4.86759,97,0,11,0,174.96,97,8177,11,0,49,11,8.31667,13246,2887,15683,0,183,2937926530
169,1.96797,11,0,108,0,149.784,11,8189,108,0,11,10,7.37318,13354,2897,15791,0,184,2929132626
446,5.19357,75,0,10,0,132.814,78,8148,10,0,100,10,7.3033,13364,2907,15801,0,184,2787016232
368,4.28526,86,0,13,0,163.132,100,8190,13,0,63,13,6.62771,13377,2920,15814,0,184,2574103518
245,2.85293,44,0,105,0,57.625,44,8189,105,0,44,5,6.81408,13482,2925,15919,0,185,3018694564
271,3.15571,12,0,81,0,110.699,12,8189,81,0,84,4,8.09536,13563,2929,16000,0,187,2739416550
330,3.84276,22,0,0,0,43.534,22,8191,0,0,168,0,8.10701,13563,2929,16000,0,187,2815710086
344,4.00581,28,0,1,0,78.391,28,8189,1,0,164,1,8.50304,13564,2930,16001,0,187,2810454780
428,4.98406,35,0,1,0,65.95,35,8189,1,0,202,1,9.86586,13565,2931,16002,0,187,2811745836
384,4.47196,65,0,3,0,74.95,65,8189,3,0,148,3,7.92064,13568,2934,16005,0,187,2613136228
367,4.27377,4,0,96,0,132.163,4,8138,80,0,66,5,9.19027,13648,2939,16101,0,188,2849028784
362,4.21534,64,0,7,0,149.86,78,8189,7,0,108,6,8.09536,13655,2945,16108,0,188,2781024182
142,1.65375,13,0,93,0,130.755,13,8189,71,0,17,11,9.09709,13726,2956,16201,0,189,2915143937
365,4.25063,77,0,4,0,169.796,79,8189,4,0,100,4,8.7127,13730,2960,16205,0,189,2607351483
339,3.9477,99,0,16,0,198.007,99,8189,16,0,56,16,8.16525,13746,2976,16221,0,189,2830103682
163,1.89813,38,0,101,0,58.277,38,8189,61,0,36,2,7.87405,13807,2978,16322,0,190,2926793604
284,3.3071,76,0,8,0,154.379,76,8191,8,0,68,8,8.51469,13815,2986,16330,0,190,2493861062
443,5.15868,101,0,5,0,124.918,101,8189,5,0,71,5,12.4983,13820,2991,16335,0,190,2590428330
552,6.42791,134,0,12,0,194.265,135,8190,12,0,123,12,14.8163,13832,3003,16347,0,190,3204349344
188,2.18929,19,0,146,0,100.227,19,8189,69,0,19,10,12.475,13901,3013,16493,0,191,2930498132
401,4.66965,84,0,11,0,103.901,84,8190,11,0,108,11,8.28173,13912,3024,16504,0,191,2298008256
283,3.29549,3,0,134,0,64.993,3,8142,134,0,53,1,8.91072,14046,3025,16638,0,193,3105106004
345,4.01749,28,0,1,0,72.259,28,8189,1,0,153,1,9.67949,14047,3026,16639,0,193,2946627712
270,3.1441,32,0,6,0,74.507,32,8191,6,0,96,6,11.7761,14053,3032,16645,0,193,2671733246
356,4.14558,35,0,4,0,61.564,35,8190,4,0,122,4,10.7744,14057,3036,16649,0,193,2811471264
530,6.17147,76,0,3,0,131.028,91,8191,3,0,192,3,9.33005,14060,3039,16652,0,193,2914993074
464,5.4033,99,0,13,0,127.272,105,8191,13,0,42,13,9.36499,14073,3052,16665,0,193,2550460136
390,4.54182,111,0,33,0,117.879,111,8191,33,0,21,33,9.46982,14106,3085,16698,0,193,2516835664
344,4.006,58,0,116,0,85.739,61,8189,97,0,72,5,10.3318,14203,3090,16814,0,194,3284825418
294,3.4238,37,0,77,0,83.131,37,8189,77,0,90,6,7.26835,14280,3096,16891,0,195,2579231018
400,4.65812,85,0,10,0,119.461,85,8191,10,0,102,10,7.73427,14290,3106,16901,0,195,2537677842
351,4.08769,70,0,85,0,113.706,81,8189,59,0,117,0,8.00218,14349,3106,16986,0,196,3313341878
419,4.87918,93,0,10,0,123.029,93,8191,10,0,33,10,8.81754,14359,3116,16996,0,196,2512505380
310,3.6099,4,0,113,0,115.32,4,8191,104,0,12,16,8.37491,14463,3132,17109,0,197,3057833352
331,3.85442,64,0,2,0,87.841,79,8189,2,0,109,2,9.23686,14465,3134,17111,0,197,2733711726
297,3.45861,65,0,84,0,99.457,65,8190,63,0,82,5,8.43315,14528,3139,17195,0,198,2577839162
324,3.77206,3,0,95,0,137.265,3,8191,61,0,67,3,7.95558,14589,3142,17290,0,199,2832258618
401,4.66951,80,0,4,0,92.779,80,8191,4,0,113,4,8.53798,14593,3146,17294,0,199,2759514842
473,5.50795,111,0,7,0,138.225,111,8191,7,0,92,7,9.65619,14600,3153,17301,0,199,3033409316
413,4.80919,129,0,12,0,215.834,129,8189,12,0,67,12,8.36326,14612,3165,17313,0,199,2601156866
275,3.20232,132,0,27,0,176.358,132,8191,27,0,14,26,6.94221,14639,3191,17340,0,199,1553662446
386,4.49479,63,0,137,0,103.825,68,8164,108,0,87,5,7.31494,14747,3196,17477,0,200,4167636998
296,3.44654,46,0,83,0,59.996,46,8191,63,0,75,3,8.736,14810,3199,17560,0,201,2880349458


