SendPacket,SendRate(Mb/s),FlightSize,ReceiveRate(Mb/s),Send Loss,Recv Loss,RTT(ms),CWnd,FlowWindow,Retrans,PktSndPeriod(us),RecvACK,RecvNAK,EstimatedBandwidth(Mb/s),Retrans_Total,NAK_TotalRecv,Total Send Loss,Total Recv Loss,Timeout,usSndDuration
1058,3.68998,155,0,4,0,87.313,320,8128,4,0,318,4,5.09261,4,4,4,0,0,-635779582375954
1236,4.50747,379,0,31,0,86.949,379,8191,31,0,59,31,6.50438,35,35,35,0,0,2357851342
680,2.47996,115,0,384,0,72.789,143,8189,294,0,141,5,6.61018,329,40,419,0,1,3119202716
1218,4.44116,109,0,6,0,150.248,190,8189,6,0,393,6,8.1095,335,46,425,0,1,2912332248
1244,4.53682,168,0,8,0,94.846,192,8191,8,0,301,8,7.9417,343,54,433,0,1,2716575680
1088,3.96817,116,0,8,0,113.73,193,8189,8,0,263,8,9.05434,351,62,441,0,1,2836323140
1169,4.26319,120,0,8,0,94.579,195,8189,8,0,245,8,6.61747,359,70,449,0,1,2823103220
1234,4.5002,101,0,7,0,105.02,196,8189,7,0,341,7,6.90931,366,77,456,0,1,2801462398
1165,4.24882,175,0,17,0,99.479,197,8191,17,0,142,17,9.09082,383,94,473,0,1,2761890628
744,2.71277,84,0,215,0,43.936,86,8189,123,0,96,18,7.15373,506,112,688,0,2,2750050296
1060,3.86385,101,0,8,0,78.579,101,8191,8,0,379,8,9.28781,514,120,696,0,2,2836680210
1150,4.19426,91,0,3,0,90.572,105,8189,3,0,446,3,7.23763,517,123,699,0,2,2778390888
1102,4.01897,109,0,4,0,79.137,109,8187,4,0,388,4,9.0288,521,127,703,0,2,2844075066
1036,3.77858,110,0,5,0,79.949,112,8189,5,0,359,5,6.15418,526,132,708,0,2,2735158258
1058,3.85855,108,0,6,0,93.202,115,8190,6,0,338,6,8.56186,532,138,714,0,2,2817256344
1090,3.97525,108,0,4,0,66.511,118,8189,4,0,343,4,6.36211,536,142,718,0,2,2768916206
1092,3.98252,121,0,7,0,81.834,121,8107,7,0,385,7,5.30419,543,149,725,0,2,2834389110
1163,4.24165,124,0,7,0,89.59,124,8189,7,0,384,7,7.50758,550,156,732,0,2,2799234636
1057,3.85488,128,0,4,0,113.157,128,8190,4,0,425,4,6.90202,554,160,736,0,2,2764845998
1098,4.00441,120,0,4,0,77.963,130,8189,4,0,315,4,6.73786,558,164,740,0,2,2826344850
1091,3.97887,131,0,5,0,104.328,133,8189,5,0,325,5,8.34662,563,169,745,0,2,2788481668
1131,4.12476,101,0,7,0,85.823,135,8189,7,0,327,7,8.02925,570,176,752,0,2,2761160094
1128,4.11383,124,0,3,0,94.162,138,8189,3,0,366,3,7.21939,573,179,755,0,2,2813683026
1061,3.86968,140,0,5,0,97.901,140,8189,5,0,324,5,7.73376,578,184,760,0,2,2773650530
1068,3.89523,140,0,3,0,93.93,143,8191,3,0,337,3,10.1086,581,187,763,0,2,2836083698
1000,3.64539,89,0,5,0,97.536,145,8189,5,0,338,5,5.34797,586,192,768,0,2,2760258900
1187,4.32913,109,0,7,0,106.362,147,8189,7,0,317,7,7.26682,593,199,775,0,2,2844459752
1139,4.15387,149,0,7,0,90.171,149,8191,7,0,336,7,7.23398,600,206,782,0,2,2663095518
1177,4.29251,111,0,6,0,109.557,151,8189,6,0,286,6,7.11725,606,212,788,0,2,2886906442
1007,3.67251,153,0,4,0,82.626,153,8191,4,0,345,4,7.73011,610,216,792,0,2,2594158350
1261,4.59847,155,0,8,0,94.117,155,8190,8,0,310,8,7.68998,618,224,800,0,2,2926592410
1181,4.30708,157,0,5,0,92.071,158,8191,5,0,325,5,8.16422,623,229,805,0,2,2801408842
1105,4.02991,157,0,4,0,109.797,160,8189,4,0,340,4,6.60288,627,233,809,0,2,2804144370
1177,4.2925,162,0,7,0,105.168,162,8189,7,0,353,7,7.54406,634,240,816,0,2,2767629816
1151,4.1977,164,0,3,0,76.543,164,8189,3,0,372,3,6.65395,637,243,819,0,2,2833324620
1070,3.90236,167,0,5,0,142.444,167,8190,5,0,399,5,7.16467,642,248,824,0,2,2704697156
1196,4.36178,146,0,4,0,101.348,169,8191,4,0,377,4,8.78438,646,252,828,0,2,2898257124
610,2.22474,84,0,173,0,74.739,84,8189,109,0,139,4,9.03245,755,256,1001,0,3,2791947186
1082,3.94604,89,0,3,0,70.389,89,8189,3,0,460,3,6.91661,758,259,1004,0,3,2774349354
982,3.58136,93,0,4,0,74.26,93,8189,4,0,364,4,5.90611,762,263,1008,0,3,2874118478
1018,3.71281,98,0,3,0,77.162,98,8189,3,0,465,3,9.09446,765,266,1011,0,3,2745630986
972,3.54454,102,0,2,0,80.32,102,8189,2,0,357,2,6.24173,767,268,1013,0,3,2823434278
899,3.27863,50,0,105,0,39.469,52,8189,105,0,329,2,7.41638,872,270,1118,0,4,2820230014
1053,3.84025,62,0,0,0,56.038,62,8189,0,0,526,0,7.57325,872,270,1118,0,4,2773190938
1129,4.11748,70,0,0,0,56.07,70,8189,0,0,567,0,7.42733,872,270,1118,0,4,2811302452
1000,3.64699,76,0,2,0,80.586,76,8189,2,0,432,2,7.13549,874,272,1120,0,4,2762088630
1100,4.0116,82,0,3,0,64.412,82,8189,3,0,444,3,6.96403,877,275,1123,0,4,2818981928
866,3.15832,14,0,88,0,67.751,14,8189,40,0,333,3,6.63571,917,278,1211,0,5,2794469860
1014,3.69807,51,0,0,0,57.86,51,8187,0,0,493,0,9.46656,917,278,1211,0,5,2786115010
977,3.56337,60,0,0,0,47.668,60,8189,0,0,490,0,7.19386,917,278,1211,0,5,2806838216
1011,3.68747,68,0,0,0,40.974,68,8189,0,0,508,0,6.86189,917,278,1211,0,5,2760417744
1003,3.65818,74,0,2,0,61.352,74,8191,2,0,443,2,7.92346,919,280,1213,0,5,2826789462
974,3.55242,79,0,3,0,44.475,79,8189,3,0,381,3,24.1789,922,283,1216,0,5,2791784128
1022,3.72746,84,0,2,0,85.047,84,8189,2,0,438,2,7.28141,924,285,1218,0,5,2803300038
748,2.72798,9,0,90,0,79.851,9,8189,6,0,330,2,9.96998,930,287,1308,0,6,2700410160
956,3.48647,52,0,0,0,48.267,52,8189,0,0,462,0,7.95629,930,287,1308,0,6,2872618238
929,3.38804,61,0,0,0,67.638,61,8189,0,0,467,0,6.58464,930,287,1308,0,6,2800507962
997,3.63607,68,0,1,0,48.134,68,8191,1,0,470,1,9.52128,931,288,1309,0,6,2796797262
996,3.63247,74,0,2,0,76.468,74,8189,2,0,436,2,8.34298,933,290,1311,0,6,2791697804
990,3.61056,80,0,0,0,84.073,80,8187,0,0,499,0,7.60608,933,290,1311,0,6,2763022010
1039,3.78919,85,0,4,0,70.051,85,8189,4,0,402,4,8.71142,937,294,1315,0,6,2833626866
913,3.32974,28,0,91,0,50.549,28,8191,91,0,363,2,6.78528,1028,296,1406,0,7,2760991800
769,2.8046,51,0,0,0,67.271,51,8188,0,0,382,0,8.46701,1028,296,1406,0,7,2826360306
931,3.39547,60,0,0,0,67.14,60,8189,0,0,467,0,6.65395,1028,296,1406,0,7,2719381308
929,3.3882,67,0,0,0,66.569,67,8189,0,0,467,0,7.65715,1028,296,1406,0,7,2870145460
920,3.3553,73,0,3,0,80.903,73,8190,3,0,405,3,10.7908,1031,299,1409,0,7,2704225958
1030,3.75657,78,0,2,0,66.644,78,8190,2,0,444,2,9.8569,1033,301,1411,0,7,2858138500
981,3.57789,84,0,1,0,88.596,84,8189,1,0,418,1,8.33203,1034,302,1412,0,7,2794782088
990,3.61083,88,0,2,0,99.246,88,8189,2,0,415,2,10.6485,1036,304,1414,0,7,2802959068
1057,3.85516,91,0,4,0,86.926,93,8189,4,0,403,4,6.51898,1040,308,1418,0,7,2788629624
1021,3.72392,97,0,3,0,62.847,97,8189,3,0,376,3,6.16147,1043,311,1421,0,7,2819549316
959,3.49752,101,0,2,0,87.535,101,8190,2,0,434,2,7.44557,1045,313,1423,0,7,2547607664
1148,4.18674,106,0,1,0,87.235,106,8189,1,0,482,1,7.19386,1046,314,1424,0,7,3011063804
1044,3.80769,106,0,4,0,116.523,109,8189,4,0,375,4,9.89338,1050,318,1428,0,7,2823389800
844,3.07812,21,0,115,0,54.173,21,8189,115,0,309,3,6.77069,1165,321,1543,0,8,2776042416
1019,3.71628,63,0,0,0,43.203,63,8187,0,0,493,0,7.33248,1165,321,1543,0,8,2787655318
795,2.89962,34,0,69,0,28.745,34,8191,69,0,350,1,9.68179,1234,322,1612,0,9,2793124222
737,2.68789,43,0,0,0,37.304,43,8189,0,0,370,0,9.26957,1234,322,1612,0,9,2712295278
967,3.52683,51,0,0,0,38.287,53,8189,0,0,486,0,8.62752,1234,322,1612,0,9,2902988802
967,3.52656,62,0,0,0,52.752,62,8189,0,0,483,0,8.44512,1234,322,1612,0,9,2726821608
704,2.5675,67,0,0,0,54.144,67,8189,0,0,358,0,9.22579,1234,322,1612,0,9,2838499048
1106,4.03335,74,0,2,0,59.991,74,8189,2,0,491,2,7.05523,1236,324,1614,0,9,2790617088
954,3.47947,79,0,3,0,65.889,79,8189,3,0,405,3,8.0256,1239,327,1617,0,9,2820099114
948,3.45763,85,0,0,0,118.067,85,8189,0,0,477,0,8.02925,1239,327,1617,0,9,2788868754
961,3.50504,90,0,3,0,76.867,90,8187,3,0,395,3,11.2796,1242,330,1620,0,9,2642909696
1060,3.86601,94,0,3,0,86.194,94,8189,3,0,399,3,5.67994,1245,333,1623,0,9,2935730896
1008,3.67643,48,0,101,0,91.078,48,8189,99,0,343,4,6.00096,1344,337,1724,0,10,2805545708
863,3.14744,56,0,1,0,56.563,56,8189,1,0,412,1,7.58419,1345,338,1725,0,10,2781107378
985,3.59234,63,0,1,0,74.84,63,8189,1,0,465,1,7.01146,1346,339,1726,0,10,2798168030
952,3.47195,70,0,0,0,61.168,70,8189,0,0,478,0,5.016,1346,339,1726,0,10,2757488734
1108,4.04086,78,0,0,0,65.502,78,8183,0,0,555,0,7.16832,1346,339,1726,0,10,2839365676
1007,3.67263,83,0,2,0,83.759,83,8189,2,0,432,2,11.6152,1348,341,1728,0,10,2761532022
729,2.65889,13,0,87,0,41.795,43,8189,87,0,281,2,7.10995,1435,343,1815,0,11,2832581370
945,3.44639,53,0,0,0,49.593,53,8187,0,0,460,0,6.13958,1435,343,1815,0,11,2773582504
1026,3.74188,62,0,0,0,78.601,62,8189,0,0,516,0,7.4784,1435,343,1815,0,11,2808262128
1050,3.82962,68,0,1,0,66.752,69,8191,1,0,499,1,7.79578,1436,344,1816,0,11,2800394898
1017,3.70892,75,0,2,0,49.023,75,8191,2,0,444,2,8.9303,1438,346,1818,0,11,2790034940
1043,3.80419,82,0,1,0,70.765,82,8189,1,0,493,1,7.53677,1439,347,1819,0,11,2779148834
675,2.46197,40,0,84,0,42.326,43,8189,84,0,282,1,5.98637,1523,348,1903,0,12,2814083104
1035,3.77454,54,0,0,0,52.504,54,8189,0,0,518,0,8.4816,1523,348,1903,0,12,2769967060
961,3.50489,62,0,0,0,53.919,62,8191,0,0,480,0,10.032,1523,348,1903,0,12,2777566428
1101,4.0156,70,0,1,0,67.848,70,8191,1,0,520,1,7.1975,1524,349,1904,0,12,2819353593
1092,3.98293,77,0,0,0,64.776,77,8189,0,0,548,0,7.22669,1524,349,1904,0,12,2788610601
935,3.41016,82,0,4,0,81.543,82,8189,4,0,361,4,6.3913,1528,353,1908,0,12,2695624008
1007,3.67256,87,0,3,0,56.702,87,8189,3,0,428,3,7.64621,1531,356,1911,0,12,2887055794
906,3.30419,90,0,5,0,83.189,90,8189,5,0,295,5,9.66355,1536,361,1916,0,12,2782989142
1063,3.87674,95,0,2,0,83.629,95,8189,2,0,446,2,7.13184,1538,363,1918,0,12,2762289688
1148,4.18635,100,0,2,0,71.641,100,8189,2,0,488,2,6.40589,1540,365,1920,0,12,2804074574
1166,4.25238,105,0,3,0,71.257,105,8189,3,0,488,3,7.97818,1543,368,1923,0,12,2775641386
919,3.3516,47,0,108,0,35.782,47,8189,107,0,336,1,7.30694,1650,369,2031,0,13,2785606782
804,2.93238,60,0,0,0,79.395,60,8189,0,0,404,0,7.40179,1650,369,2031,0,13,2838746904
1016,3.70572,66,0,0,0,63.007,68,8189,0,0,515,0,10.4333,1650,369,2031,0,13,2838011651
862,3.1439,3,0,75,0,80.077,3,8118,75,0,363,2,9.38995,1725,371,2106,0,14,2678009559
560,2.04226,41,0,0,0,64.318,41,8191,0,0,265,0,14.716,1725,371,2106,0,14,2851846536
789,2.87748,50,0,0,0,75.656,50,8191,0,0,396,0,12.3594,1725,371,2106,0,14,2840684420
954,3.47943,58,0,1,0,46.569,58,8191,1,0,455,1,9.18931,1726,372,2107,0,14,2776031790
976,3.55975,66,0,0,0,81.276,66,8189,0,0,488,0,8.36486,1726,372,2107,0,14,2806720868
1106,4.0338,74,0,0,0,66.855,74,8189,0,0,558,0,8.37946,1726,372,2107,0,14,2785917078
1075,3.9208,81,0,2,0,67.692,81,8190,2,0,504,2,10.3968,1728,374,2109,0,14,2766198918
1151,4.19782,86,0,1,0,62.824,86,8189,1,0,499,1,16.1752,1729,375,2110,0,14,2835821814
1237,4.51138,93,0,1,0,93.531,93,8189,1,0,577,1,11.991,1730,376,2111,0,14,2779090000
1093,3.98616,98,0,3,0,76.742,98,8191,3,0,463,3,10.8236,1733,379,2114,0,14,2619444386
1078,3.93173,11,0,104,0,83.017,11,8191,104,0,393,2,17.3608,1837,381,2218,0,15,2996074004
853,3.11091,57,0,0,0,49.677,57,8189,0,0,408,0,12.9176,1837,381,2218,0,15,2759479758
1079,3.93514,66,0,0,0,47.336,66,8189,0,0,542,0,9.10541,1837,381,2218,0,15,2808036014
1021,3.72351,73,0,0,0,83.305,73,8189,0,0,515,0,8.44147,1837,381,2218,0,15,2799217806
1170,4.26711,80,0,1,0,55.375,80,8189,1,0,552,1,8.04019,1838,382,2219,0,15,2806867406
1039,3.78959,85,0,4,0,49.348,85,8189,4,0,405,4,9.51398,1842,386,2223,0,15,2676134186
809,2.95048,46,0,88,0,33.853,46,8189,88,0,343,1,7.86874,1930,387,2311,0,16,2902196264
821,2.99415,54,0,0,0,63.97,54,8189,0,0,413,0,7.6608,1930,387,2311,0,16,2804632810
1009,3.67983,63,0,0,0,52.285,63,8189,0,0,506,0,9.53222,1930,387,2311,0,16,2786995846
733,2.67324,68,0,0,0,74.759,68,8189,0,0,368,0,7.71917,1930,387,2311,0,16,2732196322
632,2.30501,73,0,0,0,127.86,73,8173,0,0,318,0,11.0498,1930,387,2311,0,16,2833562088
893,3.25707,79,0,0,0,65.032,79,8191,0,0,451,0,18.3713,1930,387,2311,0,16,2758986860
1067,3.89156,85,0,1,0,70.143,85,8189,1,0,498,1,7.40179,1931,388,2312,0,16,2849024186
949,3.46107,90,0,1,0,88.215,90,8189,1,0,438,1,6.88742,1932,389,2313,0,16,2789935042
850,3.09996,93,0,4,0,88.718,93,8190,4,0,340,4,8.40864,1936,393,2317,0,16,2623294366
978,3.5667,97,0,2,0,79.071,97,8189,2,0,362,2,6.86918,1938,395,2319,0,16,2833691938
1038,3.7857,100,0,2,0,96.759,101,8191,2,0,429,2,9.21485,1940,397,2321,0,16,2923011336
959,3.49757,104,0,4,0,86.438,105,8191,4,0,352,4,8.01101,1944,401,2325,0,16,2785776350
939,3.42457,3,0,110,0,104.778,3,8082,69,0,435,1,10.6266,2013,402,2435,0,17,2731997296
578,2.10817,57,0,0,0,57.894,57,8189,0,0,267,0,9.10906,2013,402,2435,0,17,2836173074
924,3.37014,65,0,0,0,78.577,65,8189,0,0,464,0,7.12819,2013,402,2435,0,17,2819058214
688,2.50915,37,0,67,0,76.749,37,8190,67,0,328,0,8.31014,2080,402,2502,0,18,2781070978
800,2.91763,46,0,0,0,37.024,47,8189,0,0,401,0,8.13869,2080,402,2502,0,18,2833023872
866,3.15849,55,0,0,0,80.009,55,8189,0,0,436,0,9.45197,2080,402,2502,0,18,2738403990
1091,3.97898,64,0,0,0,55.731,64,8189,0,0,546,0,8.83181,2080,402,2502,0,18,2841319530
1103,4.02251,69,0,1,0,75.948,72,8191,1,0,524,1,14.4169,2081,403,2503,0,18,2802660602
948,3.45738,78,0,1,0,111.332,78,8191,1,0,440,1,6.86189,2082,404,2504,0,18,2770698462
1024,3.73467,83,0,3,0,74.084,83,8137,3,0,452,3,8.04384,2085,407,2507,0,18,2767608718
1160,4.23073,85,0,2,0,73.963,89,8189,2,0,490,2,7.23034,2087,409,2509,0,18,2828207307
1099,4.00848,92,0,4,0,76.848,94,8189,4,0,421,4,7.95994,2091,413,2513,0,18,2801271065
1013,3.69449,97,0,3,0,74.056,97,8191,3,0,373,3,7.98182,2094,416,2516,0,18,2787065512
1153,4.20534,98,0,4,0,78.53,101,8189,4,0,392,4,6.78893,2098,420,2520,0,18,2771526814
1068,3.89539,103,0,5,0,104.737,105,8189,5,0,385,5,7.58419,2103,425,2525,0,18,2726824142
1037,3.78192,109,0,4,0,81.793,109,8189,4,0,416,4,7.01875,2107,429,2529,0,18,2882425266
991,3.61415,4,0,115,0,72.798,4,8190,110,0,343,3,7.23034,2217,432,2644,0,19,2614652824
1005,3.6652,63,0,0,0,44.623,63,8191,0,0,480,0,6.59923,2217,432,2644,0,19,2929590958
976,3.55949,70,0,0,0,63.542,70,8191,0,0,492,0,7.78118,2217,432,2644,0,19,2837201514
1018,3.71266,77,0,1,0,70.418,77,8189,1,0,478,1,6.90566,2218,433,2645,0,19,2786803390
896,3.26797,77,0,4,0,77.228,81,8191,4,0,340,4,8.22989,2222,437,2649,0,19,2821738528
1048,3.8216,85,0,4,0,65.752,85,8107,4,0,371,4,9.82406,2226,441,2653,0,19,2730622482
933,3.40264,89,0,4,0,86.958,89,8191,4,0,342,4,8.31379,2230,445,2657,0,19,2775539522
796,2.90302,92,0,5,0,91.5,92,8122,5,0,233,5,9.7511,2235,450,2662,0,19,2778029898
1022,3.72709,96,0,4,0,81.095,96,8189,4,0,410,4,9.43738,2239,454,2666,0,19,2885879360
648,2.36343,97,0,106,0,93.874,2,8190,87,0,191,10,7.67174,2326,464,2772,0,20,2283429722
635,2.316,52,0,5,0,36.426,52,8189,24,0,246,6,8.86099,2350,470,2777,0,20,3246566036
991,3.61442,51,0,0,0,59.507,60,8189,0,0,504,0,9.8423,2350,470,2777,0,20,2859831002
1104,4.02635,68,0,1,0,58.462,68,8191,1,0,517,1,7.33613,2351,471,2778,0,20,2745184862
1011,3.68729,75,0,1,0,42.457,75,8189,1,0,473,1,6.58829,2352,472,2779,0,20,2817266060
991,3.61422,80,0,3,0,54.385,80,8189,3,0,386,3,7.14278,2355,475,2782,0,20,2696920842
1183,4.31466,85,0,0,0,64.962,87,8189,0,0,597,0,7.97818,2355,475,2782,0,20,2915625496
898,3.27533,90,0,3,0,75.835,91,8189,3,0,368,3,34.5174,2358,478,2785,0,20,2781485588
970,3.53763,95,0,2,0,50.77,95,8189,2,0,403,2,7.94534,2360,480,2787,0,20,2777838308
1211,4.4165,97,0,1,0,56.568,101,8189,1,0,564,1,8.64576,2361,481,2788,0,20,2819283292
1015,3.7017,105,0,6,0,74.191,105,8135,6,0,380,6,9.41184,2367,487,2794,0,20,2764835612
1005,3.66523,108,0,3,0,82.679,108,8189,3,0,327,3,19.6408,2370,490,2797,0,20,2817136546
656,2.39263,54,0,111,0,87.15,54,8189,111,0,203,2,8.7552,2481,492,2908,0,21,2796741416
981,3.57776,63,0,0,0,78.525,63,8191,0,0,493,0,8.7552,2481,492,2908,0,21,2756373676
1021,3.72355,70,0,0,0,60.922,70,8189,0,0,512,0,9.52493,2481,492,2908,0,21,2833223666
1098,4.00444,77,0,1,0,70.727,77,8189,1,0,512,1,8.0329,2482,493,2909,0,21,2779200606
1090,3.97556,83,0,2,0,60.606,83,8189,2,0,470,2,13.3882,2484,495,2911,0,21,2807296730
1012,3.6911,88,0,1,0,119.564,88,8189,1,0,471,1,7.78118,2485,496,2912,0,21,2779357490
1011,3.68739,93,0,2,0,82.69,93,8189,2,0,423,2,6.52992,2487,498,2914,0,21,2665730032
1052,3.83691,98,0,2,0,76.639,98,8189,2,0,438,2,8.49619,2489,500,2916,0,21,2906082788
967,3.52662,102,0,3,0,97.9,102,8189,3,0,391,3,35.1156,2492,503,2919,0,21,2831380174
810,2.95403,104,0,5,0,81.729,104,8191,5,0,259,5,8.53632,2497,508,2924,0,21,2617583066
1081,3.94243,107,0,3,0,65.457,107,8191,3,0,346,3,8.18246,2500,511,2927,0,21,2944615982
1017,3.70907,111,0,3,0,90.786,111,8190,3,0,410,3,8.2919,2503,514,2930,0,21,2808569694
936,3.41363,103,0,6,0,101.461,113,8114,6,0,257,6,9.12365,2509,520,2936,0,21,2775162054
1006,3.6692,115,0,5,0,100.904,116,8189,5,0,332,5,8.23718,2514,525,2941,0,21,2823800056
985,3.59256,119,0,3,0,76.517,119,8191,3,0,383,3,11.079,2517,528,2944,0,21,2797909954
1106,4.03351,123,0,125,0,81.081,2,8189,106,0,444,2,7.24493,2623,530,3069,0,22,2400829234
834,3.0416,65,0,1,0,40.102,65,8185,4,0,362,1,7.6681,2627,531,3070,0,22,3171810538
987,3.59958,72,0,0,0,89.816,72,8189,0,0,496,0,9.65261,2627,531,3070,0,22,2803988166
965,3.51948,78,0,2,0,73.164,78,8189,2,0,416,2,10.8492,2629,533,3072,0,22,2771728036
705,2.57122,45,0,79,0,34.107,45,8191,79,0,298,1,6.87283,2708,534,3151,0,23,2819162178
859,3.1328,53,0,1,0,36.569,53,8189,1,0,406,1,8.62022,2709,535,3152,0,23,2763355650
1000,3.64722,62,0,0,0,46.016,62,8189,0,0,501,0,11.0097,2709,535,3152,0,23,2830171230
1045,3.81155,70,0,0,0,71.212,70,8189,0,0,527,0,22.5702,2709,535,3152,0,23,2789639086
1050,3.8294,76,0,1,0,53.064,76,8189,1,0,494,1,7.0151,2710,536,3153,0,23,2748212796
948,3.45738,43,0,81,0,43.665,43,8189,19,0,451,1,8.28096,2729,537,3234,0,24,2834458662
948,3.45752,53,0,0,0,54.941,53,8189,0,0,475,0,7.99642,2729,537,3234,0,24,2797579106
907,3.30792,61,0,0,0,65.905,61,8189,0,0,458,0,9.72922,2729,537,3234,0,24,2796576034
1000,3.64702,69,0,0,0,56.571,69,8189,0,0,501,0,15.6755,2729,537,3234,0,24,2794901410
818,2.98324,27,0,74,0,45.811,27,8183,74,0,365,1,8.36122,2803,538,3308,0,25,2701361656
746,2.72083,44,0,0,0,59.961,44,8189,0,0,371,0,8.61293,2803,538,3308,0,25,2884989324
1068,3.89511,55,0,0,0,53.827,55,8189,0,0,535,0,8.4889,2803,538,3308,0,25,2798512830
901,3.28614,62,0,2,0,64.667,62,8189,2,0,395,2,14.0412,2805,540,3310,0,25,2753197516
1137,4.14649,69,0,2,0,57.957,69,8189,2,0,509,2,6.38035,2807,542,3312,0,25,2817212370
1055,3.84758,76,0,2,0,55.765,76,8189,2,0,464,2,6.79987,2809,544,3314,0,25,2808791860
1093,3.98627,81,0,3,0,58.593,81,8187,3,0,436,3,10.094,2812,547,3317,0,25,2767877448
1063,3.87678,87,0,3,0,67.044,87,8190,3,0,452,3,12.7498,2815,550,3320,0,25,2667924490
229,0.835167,11,0,97,0,42.099,11,8191,97,0,71,1,10.8455,2912,551,3417,0,27,2885483160
433,1.57926,23,0,0,0,34.215,23,8189,0,0,216,0,10.5865,2912,551,3417,0,27,2852954286
560,2.0424,33,0,0,0,24.156,33,8189,0,0,282,0,9.0361,2912,551,3417,0,27,2633864422
814,2.96883,44,0,0,0,43.214,44,8189,0,0,405,0,8.05843,2912,551,3417,0,27,2956675652
888,3.23882,53,0,0,0,60.224,53,8189,0,0,448,0,6.64666,2912,551,3417,0,27,2798729500
1150,4.19426,63,0,0,0,47.792,63,8189,0,0,578,0,8.99597,2912,551,3417,0,27,2754214274
919,3.35164,69,0,1,0,66.33,69,8185,1,0,432,1,14.4716,2913,552,3418,0,27,2769138050
1154,4.20889,74,0,2,0,58.489,76,8189,2,0,512,2,7.0151,2915,554,3420,0,27,2863055244
996,3.63235,82,0,1,0,82.622,82,8190,1,0,499,1,6.53357,2916,555,3421,0,27,2681497966
767,2.79738,47,0,82,0,43.889,47,8189,82,0,328,0,6.52992,2998,555,3503,0,28,2839295900
880,3.20938,55,0,1,0,49.475,55,8189,1,0,417,1,8.35392,2999,556,3504,0,28,2810981516
1011,3.68738,60,0,0,0,54.422,64,8189,0,0,512,0,11.2395,2999,556,3504,0,28,2845442656
916,3.34068,70,0,2,0,52.598,70,8189,2,0,394,2,20.4324,3001,558,3506,0,28,2754732850
984,3.58881,76,0,2,0,80.942,76,8190,2,0,459,2,8.6713,3003,560,3508,0,28,2600026182
1059,3.86212,82,0,1,0,65.68,82,8189,1,0,460,1,8.05843,3004,561,3509,0,28,3004033648
891,3.2497,86,0,3,0,75.963,86,8189,3,0,332,3,10.6157,3007,564,3512,0,28,2816498818
940,3.42841,89,0,4,0,73.482,89,8189,4,0,346,4,11.5569,3011,568,3516,0,28,2776833598
936,3.41355,14,0,95,0,87.986,14,8187,95,0,380,2,12.4324,3106,570,3611,0,29,2792340754
857,3.12573,53,0,0,0,50.1,53,8191,0,0,414,0,7.79213,3106,570,3611,0,29,2796260320
1034,3.77124,62,0,0,0,50.898,62,8187,0,0,517,0,8.0329,3106,570,3611,0,29,2792732208
994,3.62525,65,0,1,0,48.152,69,8189,1,0,470,1,7.58784,3107,571,3612,0,29,2814501256
865,3.15455,75,0,0,0,68.29,75,8189,0,0,433,0,6.9312,3107,571,3612,0,29,2791483058
961,3.50475,78,0,5,0,68.216,80,8187,5,0,373,5,7.52582,3112,576,3617,0,29,2753639980
1054,3.84396,85,0,2,0,78.131,85,8189,2,0,453,2,16.1716,3114,578,3619,0,29,2814317240
678,2.47271,44,0,90,0,29.387,44,8189,90,0,237,3,11.2067,3204,581,3709,0,30,2815511654
1037,3.78209,55,0,0,0,49.468,55,8189,0,0,519,0,6.87283,3204,581,3709,0,30,2771065314
917,3.34415,62,0,0,0,66.369,62,8191,0,0,461,0,9.79488,3204,581,3709,0,30,2778715254
1019,3.71659,70,0,1,0,57.66,70,8189,1,0,478,1,6.73056,3205,582,3710,0,30,2834789692
1215,4.43145,77,0,1,0,51.511,77,8189,1,0,575,1,7.23398,3206,583,3711,0,30,2792589394
984,3.58874,83,0,1,0,63.621,83,8189,1,0,456,1,8.2992,3207,584,3712,0,30,2756752390
1077,3.92808,88,0,3,0,73.252,88,8189,3,0,416,3,5.60333,3210,587,3715,0,30,2780589994
993,3.62172,85,0,3,0,59.642,92,8189,3,0,377,3,9.92256,3213,590,3718,0,30,2833061899
907,3.30809,50,0,94,0,35.488,50,8189,94,0,385,1,10.3129,3307,591,3812,0,31,2792963373
958,3.49375,59,0,0,0,41.445,59,8191,0,0,481,0,9.77299,3307,591,3812,0,31,2782712282
1018,3.71285,66,0,1,0,62.393,66,8126,1,0,478,1,10.0174,3308,592,3813,0,31,2782840354
520,1.89657,35,0,69,0,32.268,35,8191,69,0,214,1,7.58054,3377,593,3882,0,32,2810531808
861,3.14027,46,0,0,0,31.177,46,8179,0,0,432,0,8.12774,3377,593,3882,0,32,2814603158
924,3.37021,55,0,0,0,58.992,55,8189,0,0,464,0,8.17517,3377,593,3882,0,32,2765376898
866,3.15831,62,0,0,0,47.15,62,8189,0,0,437,0,7.05523,3377,593,3882,0,32,2769781602
896,3.26788,69,0,0,0,65.43,69,8189,0,0,452,0,7.64986,3377,593,3882,0,32,2754224158
913,3.32971,75,0,2,0,83.25,75,8191,2,0,392,2,7.64256,3379,595,3884,0,32,2873474968
1029,3.75252,80,0,2,0,65.587,80,8189,2,0,446,2,13.866,3381,597,3886,0,32,2734473252
1111,4.05197,87,0,2,0,68.608,87,8190,2,0,520,2,8.46336,3383,599,3888,0,32,2650566807
919,3.35162,90,0,3,0,81.644,90,8190,3,0,332,3,12.9942,3386,602,3891,0,32,2991793539
1231,4.48983,96,0,2,0,72.624,96,8189,2,0,528,2,9.17107,3388,604,3893,0,32,2804681894
1137,4.14671,101,0,2,0,69.381,101,8189,2,0,481,2,9.14189,3390,606,3895,0,32,2793135716
817,2.97957,39,0,106,0,33.823,39,8187,106,0,291,3,8.91206,3496,609,4001,0,33,2774192904
951,3.46832,59,0,0,0,39.025,59,8189,0,0,474,0,9.8496,3496,609,4001,0,33,2816578170
1061,3.8697,67,0,0,0,59.172,67,8189,0,0,532,0,13.0927,3496,609,4001,0,33,2801323626
479,1.74701,6,0,76,0,76.057,6,8186,76,0,206,1,8.1168,3572,610,4077,0,35,2750766400
344,1.25457,19,0,0,0,31.065,19,8189,0,0,173,0,8.34662,3572,610,4077,0,35,2827433112
519,1.89287,30,0,0,0,42.143,30,8189,0,0,261,0,9.65261,3572,610,4077,0,35,2797043662
702,2.56033,40,0,0,0,34.703,40,8189,0,0,353,0,11.6225,3572,610,4077,0,35,2801817088
769,2.80454,48,0,0,0,61.908,48,8189,0,0,388,0,10.5756,3572,610,4077,0,35,2791419442
1029,3.75289,58,0,0,0,51.229,58,8189,0,0,518,0,13.6836,3572,610,4077,0,35,2788349802
995,3.62895,66,0,0,0,58.415,66,8189,0,0,500,0,11.1155,3572,610,4077,0,35,2786897680
1157,4.2197,74,0,0,0,62.669,74,8189,0,0,581,0,8.21165,3572,610,4077,0,35,2803706696
774,2.8228,30,0,80,0,40.909,30,8189,80,0,300,2,10.3494,3652,612,4157,0,36,2739176207
867,3.16199,48,0,0,0,45.699,48,8189,0,0,432,0,9.78394,3652,612,4157,0,36,2844201187
952,3.47194,57,0,0,0,70.561,57,8189,0,0,479,0,7.70093,3652,612,4157,0,36,2767273950
807,2.94319,63,0,1,0,40.969,63,8189,1,0,378,1,17.587,3653,613,4158,0,36,2771155364
975,3.556,70,0,1,0,67.621,70,8189,1,0,460,1,9.40819,3654,614,4159,0,36,2812404604
991,3.61428,76,0,2,0,57.292,76,8189,2,0,432,2,10.3786,3656,616,4161,0,36,2784990987
587,2.14081,79,0,3,0,108.338,79,8189,3,0,219,3,12.9431,3659,619,4164,0,36,2771707167
750,2.73522,44,0,84,0,47.185,44,8191,84,0,279,4,8.50714,3743,623,4248,0,37,2824832052
868,3.16571,53,0,0,0,63.979,53,8189,0,0,436,0,10.561,3743,623,4248,0,37,2821866502
899,3.27879,57,0,0,0,76.772,61,8187,0,0,455,0,9.10906,3743,623,4248,0,37,2814742212
911,3.32256,67,0,1,0,91.512,67,8189,1,0,428,1,8.04384,3744,624,4249,0,37,2785615684
604,2.20292,38,0,69,0,44.406,38,8189,69,0,261,1,6.73421,3813,625,4318,0,38,2756185418
603,2.1992,23,0,44,0,62.093,23,8189,44,0,294,0,7.00781,3857,625,4362,0,39,2836098202
456,1.66302,31,0,0,0,29.016,31,8189,0,0,231,0,5.86963,3857,625,4362,0,39,2790435634
472,1.72138,37,0,2,0,67.145,37,8189,2,0,206,2,5.37715,3859,627,4364,0,39,2772509558
601,2.19194,44,0,3,0,32.626,44,8189,3,0,266,3,4.93939,3862,630,4367,0,39,2801300894
416,1.51719,47,0,3,0,105.46,47,8189,3,0,168,3,7.04794,3865,633,4370,0,39,2695266518
460,1.67767,50,0,53,0,73.784,2,8191,53,0,139,3,8.27366,3918,636,4423,0,40,2584015966
500,1.82357,32,0,1,0,54.815,32,8189,1,0,227,1,8.1241,3919,637,4424,0,40,3124285164
641,2.33769,40,0,0,0,49.626,40,8191,0,0,322,0,8.05843,3919,637,4424,0,40,2665932500
482,1.75797,45,0,2,0,80.112,45,8189,2,0,208,2,8.0183,3921,639,4426,0,40,2923071340
897,3.27144,53,0,2,0,56.036,53,8189,2,0,410,2,7.41638,3923,641,4428,0,40,2766565426
995,3.62889,61,0,2,0,43.878,61,8189,2,0,448,2,11.3124,3925,643,4430,0,40,2774584118
1091,3.97875,69,0,1,0,43.583,69,8189,1,0,515,1,9.55046,3926,644,4431,0,40,2836246294
937,3.41726,75,0,3,0,47.508,75,8189,3,0,403,3,11.5605,3929,647,4434,0,40,2791639648
1248,4.55011,80,0,1,0,62.167,82,8189,1,0,590,1,8.80627,3930,648,4435,0,40,2786174076
898,3.27524,86,0,2,0,88.058,86,8189,2,0,369,2,7.26317,3932,650,4437,0,40,2691270176
1113,4.05934,80,0,4,0,65.042,91,8189,4,0,397,4,7.9344,3936,654,4441,0,40,2897263124
726,2.648,50,0,92,0,55.53,50,8189,92,0,293,1,13.2094,4028,655,4533,0,41,2809807126
977,3.56329,59,0,0,0,73.323,59,8189,0,0,489,0,7.49299,4028,655,4533,0,41,2780818810
1074,3.91305,66,0,2,0,49.163,66,8189,2,0,480,2,15.0954,4030,657,4535,0,41,2813357452
1091,3.97878,74,0,0,0,67.05,74,8189,0,0,547,0,7.55866,4030,657,4535,0,41,2773154178
1187,4.329,82,0,1,0,89.407,82,8189,1,0,597,1,10.1268,4031,658,4536,0,41,2793392138
788,2.87394,13,0,87,0,58.183,13,8191,87,0,229,3,11.4328,4118,661,4623,0,42,2814234536
874,3.18785,50,0,0,0,43.172,50,8189,0,0,425,0,14.9203,4118,661,4623,0,42,2780641886
1132,4.12843,60,0,0,0,49.412,60,8190,0,0,568,0,5.76019,4118,661,4623,0,42,2775946964
1044,3.8076,68,0,1,0,56.814,68,8189,1,0,493,1,7.81402,4119,662,4624,0,42,2794426908
897,3.27161,74,0,1,0,70.732,74,8189,1,0,418,1,6.03379,4120,663,4625,0,42,2784861744
971,3.54157,79,0,2,0,83.841,79,8189,2,0,417,2,7.5696,4122,665,4627,0,42,2836688274
909,3.31539,6,0,87,0,85.773,6,8186,52,0,356,4,6.2016,4174,669,4714,0,43,2778276746
728,2.65503,48,0,0,0,76.367,48,8187,0,0,347,0,5.5705,4174,669,4714,0,43,2754150840
935,3.40995,56,0,0,0,56.946,56,8189,0,0,470,0,7.70822,4174,669,4714,0,43,2844065448
1031,3.76019,65,0,0,0,69.22,65,8189,0,0,520,0,6.4825,4174,669,4714,0,43,2732141370
820,2.99049,70,0,2,0,69.748,70,8122,2,0,347,2,10.0284,4176,671,4716,0,43,2721681550
1077,3.92782,77,0,2,0,67.016,77,8189,2,0,476,2,7.50758,4178,673,4718,0,43,2872976134
1121,4.08834,84,0,0,0,63.09,84,8189,0,0,565,0,11.9253,4178,673,4718,0,43,2852617844
1053,3.84046,89,0,2,0,67.213,89,8189,2,0,447,2,7.06982,4180,675,4720,0,43,2792947830
1065,3.88429,94,0,3,0,82.216,94,8189,3,0,447,3,7.82496,4183,678,4723,0,43,2777472810
913,3.32971,97,0,3,0,84.037,97,8190,3,0,367,3,7.71552,4186,681,4726,0,43,2726829742
1142,4.16486,98,0,4,0,60.181,101,8189,4,0,385,4,9.05434,4190,685,4730,0,43,2813404762
1107,4.03721,106,0,3,0,72.039,106,8190,3,0,460,3,7.69728,4193,688,4733,0,43,2598434804
1158,4.22337,109,0,3,0,66.019,109,8189,3,0,377,3,8.25907,4196,691,4736,0,43,2968542148
1132,4.12868,105,0,4,0,87.365,113,8189,4,0,411,4,7.88698,4200,695,4740,0,43,2813915596
934,3.40625,105,0,2,0,103.651,116,8189,2,0,363,2,6.77434,4202,697,4742,0,43,2822839460
927,3.38099,116,0,7,0,103.711,119,8189,7,0,302,7,7.48934,4209,704,4749,0,43,2794514758
1078,3.93165,122,0,3,0,77.226,122,8191,3,0,366,3,8.33203,4212,707,4752,0,43,2828482216
1053,3.84039,124,0,5,0,79.756,124,8191,5,0,289,5,8.78803,4217,712,4757,0,43,2769794790
1120,4.08466,127,0,6,0,84.404,127,8188,6,0,387,6,7.62067,4223,718,4763,0,43,2742375468
1157,4.21959,130,0,3,0,83.553,130,8189,3,0,415,3,11.2577,4226,721,4766,0,43,2717126468
1173,4.27783,121,0,6,0,79.676,133,8191,6,0,339,6,8.92666,4232,727,4772,0,43,2949719500
990,3.61082,131,0,3,0,86.831,135,8191,3,0,307,3,10.5391,4235,730,4775,0,43,2792886780
1043,3.80405,137,0,4,0,65.828,137,8189,4,0,326,4,5.89517,4239,734,4779,0,43,2791441972
933,3.40273,140,0,7,0,109.392,140,8190,7,0,334,7,147.025,4246,741,4786,0,43,2727859636
902,3.2896,107,0,5,0,123.43,141,8191,5,0,196,5,15.1757,4251,746,4791,0,43,2855104700
1022,3.72746,9,0,147,0,94.747,9,8191,118,0,303,4,8.59104,4369,750,4938,0,44,2590741356
749,2.73151,74,0,2,0,56.409,74,8191,2,0,280,2,7.63891,4371,752,4940,0,44,2978944864
1044,3.80715,79,0,3,0,77.71,79,8189,3,0,414,3,7.70093,4374,755,4943,0,44,2819647194
1008,3.67618,84,0,2,0,55.659,84,8189,2,0,432,2,8.22259,4376,757,4945,0,44,2790776478
1036,3.77822,89,0,3,0,70.057,89,8191,3,0,443,3,9.35347,4379,760,4948,0,44,2801543346
1039,3.7894,94,0,3,0,90.463,94,8189,3,0,391,3,8.55456,4382,763,4951,0,44,2791598310
1119,4.08139,96,0,1,0,88.103,99,8189,1,0,519,1,9.79488,4383,764,4952,0,44,2745420352
923,3.36633,103,0,3,0,77.85,103,8190,3,0,367,3,7.82861,4386,767,4955,0,44,2688152810
1039,3.78929,104,0,2,0,96.607,106,8191,2,0,378,2,8.64211,4388,769,4957,0,44,2953555934
993,3.62104,96,0,7,0,93.985,109,8191,7,0,347,7,10.4187,4395,776,4964,0,44,2748371934
1105,4.02996,113,0,4,0,79.673,113,8189,4,0,443,4,8.11315,4399,780,4968,0,44,2822378356
911,3.32254,116,0,3,0,101.018,116,8191,3,0,291,3,6.87283,4402,783,4971,0,44,2721113862
817,2.97963,115,0,4,0,137.025,117,8189,4,0,192,4,7.6535,4406,787,4975,0,44,2799269524
989,3.60688,117,0,5,0,113.107,120,8189,5,0,324,5,8.57645,4411,792,4980,0,44,2873482220
987,3.59951,113,0,10,0,80.179,122,8189,10,0,261,10,6.94944,4421,802,4990,0,44,2771482686
1073,3.91354,125,0,5,0,83.656,125,8191,5,0,357,5,6.10675,4426,807,4995,0,44,2828521892
995,3.62879,90,0,5,0,91.071,128,8191,5,0,332,5,6.89107,4431,812,5000,0,44,2743384574
835,3.04531,61,0,130,0,125.766,3,8125,130,0,185,6,7.39085,4561,818,5130,0,46,2823522992
486,1.77253,65,0,3,0,113.344,65,8189,3,0,190,3,6.42778,4564,821,5133,0,46,2754180076
497,1.81257,67,0,7,0,50.579,67,8189,7,0,155,7,4.61837,4571,828,5140,0,46,2784152756
350,1.27649,34,0,71,0,51.866,34,8189,71,0,97,3,4.58554,4642,831,5211,0,47,2862470632
402,1.46619,39,0,2,0,77.973,39,8191,2,0,172,2,4.90291,4644,833,5213,0,47,2782784452
403,1.46973,43,0,4,0,90.712,43,8189,4,0,164,4,4.97952,4648,837,5217,0,47,2780219204
638,2.32691,48,0,3,0,44.458,48,8189,3,0,256,3,3.90701,4651,840,5220,0,47,2806527332
1024,3.73484,57,0,1,0,50.076,57,8189,1,0,485,1,7.33613,4652,841,5221,0,47,2795438716
1017,3.70921,65,0,1,0,57.8,65,8189,1,0,481,1,6.90931,4653,842,5222,0,47,2808468572
943,3.43916,71,0,2,0,75.204,71,8189,2,0,409,2,6.34387,4655,844,5224,0,47,2714733294
992,3.61784,77,0,1,0,88.982,77,8189,1,0,464,1,8.45242,4656,845,5225,0,47,2862786780
990,3.61053,82,0,3,0,70.363,82,8110,3,0,385,3,8.0183,4659,848,5228,0,47,2624501362
1102,4.01921,87,0,3,0,51.47,87,8189,3,0,434,3,10.3165,4662,851,5231,0,47,2951958524
1025,3.7383,91,0,2,0,69.213,92,8190,2,0,434,2,12.768,4664,853,5233,0,47,2800603172
756,2.75705,49,0,95,0,47.617,49,8188,37,0,296,2,9.09811,4701,855,5328,0,48,2774804788
898,3.27499,57,0,0,0,54.39,57,8191,0,0,453,0,6.66854,4701,855,5328,0,48,2813009570
934,3.40653,64,0,1,0,43.718,64,8189,1,0,443,1,7.40179,4702,856,5329,0,48,2811901750
1067,3.89138,72,0,1,0,66.586,72,8191,1,0,536,1,9.53222,4703,857,5330,0,48,2664631032
1087,3.96453,78,0,1,0,70.346,78,8189,1,0,479,1,7.25587,4704,858,5331,0,48,2871007412
1067,3.8916,84,0,2,0,62.591,84,8189,2,0,456,2,7.44922,4706,860,5333,0,48,2846413948
1047,3.81872,89,0,2,0,68.547,89,8189,2,0,444,2,7.91251,4708,862,5335,0,48,2781396392
1119,4.08141,95,0,1,0,62.958,95,8189,1,0,521,1,11.0826,4709,863,5336,0,48,2806422222
966,3.52327,98,0,4,0,61.193,98,8189,4,0,307,4,6.36211,4713,867,5340,0,48,2794629684
1070,3.90233,81,0,2,0,78.894,103,8189,2,0,460,2,8.61293,4715,869,5342,0,48,2766735356
911,3.32243,105,0,5,0,78.325,105,8189,5,0,254,5,8.4889,4720,874,5347,0,48,2752497594
998,3.63972,108,0,5,0,88.41,108,8190,5,0,309,5,8.14963,4725,879,5352,0,48,2668727166
1161,4.23407,110,0,4,0,94.685,111,8189,4,0,383,4,8.36851,4729,883,5356,0,48,2981132028
991,3.61415,114,0,4,0,72.502,114,8189,4,0,286,4,10.5974,4733,887,5360,0,48,2757017956
1013,3.69463,114,0,4,0,66.534,116,8189,4,0,295,4,7.3799,4737,891,5364,0,48,2829136912
1231,4.4895,121,0,2,0,100.191,121,8191,2,0,571,2,9.29146,4739,893,5366,0,48,2707661992
962,3.5084,119,0,4,0,93.477,123,8189,4,0,248,4,9.05434,4743,897,5370,0,48,2879307844
1103,4.02265,122,0,3,0,64.31,126,8189,3,0,376,3,7.36531,4746,900,5373,0,48,2756701570
897,3.2713,128,0,5,0,92.4,128,8189,5,0,267,5,8.0256,4751,905,5378,0,48,2736130404
1229,4.4825,132,0,1,0,90.725,132,8191,1,0,501,1,7.18656,4752,906,5379,0,48,2904560904
923,3.36624,134,0,5,0,123.13,134,8189,5,0,279,5,29.9647,4757,911,5384,0,48,2787511594
1141,4.16101,128,0,5,0,61.039,137,8189,5,0,349,5,7.69363,4762,916,5389,0,48,2792595764
1166,4.25265,132,0,7,0,103.229,140,8190,7,0,380,7,12.3813,4769,923,5396,0,48,2796891922
1067,3.89175,133,0,7,0,91.273,142,8191,7,0,330,7,9.41914,4776,930,5403,0,48,2786483106
975,3.55583,144,0,6,0,104.036,144,8191,6,0,277,6,9.93715,4782,936,5409,0,48,2737413966
888,3.2386,145,0,10,0,106.234,145,8191,10,0,205,10,7.42003,4792,946,5419,0,48,2773160550
1116,4.07014,132,0,3,0,103.971,147,8191,3,0,308,3,7.55136,4795,949,5422,0,48,2863648978
875,3.19128,149,0,9,0,99.852,149,8145,9,0,241,9,9.19296,4804,958,5431,0,48,2534296926
811,2.9577,76,0,152,0,67.932,76,8189,107,0,254,3,8.02925,4911,961,5583,0,49,2890629462
966,3.52301,80,0,3,0,51.136,80,8189,3,0,340,3,7.27776,4914,964,5586,0,49,2951726918
828,3.01979,84,0,4,0,106.587,84,8189,4,0,335,4,9.45926,4918,968,5590,0,49,2766542296
1118,4.07677,89,0,3,0,68.586,89,8189,3,0,440,3,10.2655,4921,971,5593,0,49,2839518986
880,3.20932,43,0,96,0,33.301,46,8189,96,0,291,4,6.32928,5017,975,5689,0,50,2805902152
1062,3.87325,56,0,0,0,42.753,56,8189,0,0,533,0,16.7261,5017,975,5689,0,50,2792688696
863,3.14753,63,0,1,0,61.545,63,8189,1,0,406,1,12.6221,5018,976,5690,0,50,2728401690
1046,3.81478,71,0,1,0,60.18,71,8189,1,0,494,1,7.97088,5019,977,5691,0,50,2822517558
881,3.21254,76,0,2,0,69.044,76,8189,2,0,377,2,8.04384,5021,979,5693,0,50,2807890484
782,2.85202,41,0,79,0,45.284,41,8189,79,0,339,1,7.70093,5100,980,5772,0,51,2775709566
808,2.947,50,0,0,0,56.387,50,8189,0,0,407,0,9.71098,5100,980,5772,0,51,2823648170
976,3.55966,59,0,0,0,56.53,59,8189,0,0,489,0,9.60518,5100,980,5772,0,51,2791211976
774,2.82292,65,0,0,0,54.805,65,8189,0,0,391,0,8.79533,5100,980,5772,0,51,2809651026
1113,4.0593,73,0,0,0,54.843,73,8191,0,0,560,0,14.6212,5100,980,5772,0,51,2786041104
714,2.60408,40,0,77,0,80.451,40,8191,77,0,305,1,9.34982,5177,981,5849,0,52,2800718970
846,3.08537,49,0,0,0,33.977,49,8191,0,0,424,0,7.50029,5177,981,5849,0,52,2789226216
911,3.32244,58,0,0,0,60.419,58,8187,0,0,456,0,10.0539,5177,981,5849,0,52,2768830876
1149,4.18933,67,0,0,0,58.129,67,8189,0,0,580,0,10.4916,5177,981,5849,0,52,2799180118
965,3.51959,73,0,2,0,55.22,73,8189,2,0,416,2,19.017,5179,983,5851,0,52,2820501333
1066,3.88813,78,0,3,0,74.393,78,8189,3,0,431,3,5.6544,5182,986,5854,0,52,2789464581
1084,3.95357,84,0,3,0,70.78,84,8189,3,0,425,3,8.2007,5185,989,5857,0,52,2772899500
818,2.98354,88,0,3,0,60.386,88,8189,3,0,335,3,10.3567,5188,992,5860,0,52,2808952832
1096,3.99711,89,0,3,0,73.131,92,8189,3,0,426,3,8.55456,5191,995,5863,0,52,2797078340
979,3.57051,97,0,2,0,116.011,97,8189,2,0,447,2,7.85414,5193,997,5865,0,52,2776818338
1135,4.13935,101,0,3,0,60.2,101,8189,3,0,433,3,6.41318,5196,1000,5868,0,52,2784410888
1135,4.13951,102,0,1,0,84.768,106,8187,1,0,527,1,7.87238,5197,1001,5869,0,52,2824752448
1136,4.14327,103,0,4,0,90.829,110,8153,4,0,415,4,6.92026,5201,1005,5873,0,52,2716538314
1018,3.7128,114,0,1,0,74.09,114,8189,1,0,454,1,9.26957,5202,1006,5874,0,52,2872808988
1125,4.10289,116,0,2,0,78.322,118,8189,2,0,455,2,9.86419,5204,1008,5876,0,52,2754076346
1071,3.90592,114,0,2,0,81.683,122,8191,2,0,433,2,8.11315,5206,1010,5878,0,52,2792309254
1016,3.7055,125,0,3,0,81.794,125,8189,3,0,389,3,6.5591,5209,1013,5881,0,52,2807546284
1181,4.30645,128,0,2,0,111.698,129,8189,2,0,471,2,8.42323,5211,1015,5883,0,52,2831268170
1150,4.19436,130,0,7,0,97.728,132,8189,7,0,387,7,8.26637,5218,1022,5890,0,52,2765906948
1072,3.90953,134,0,6,0,70.981,134,8189,6,0,315,6,7.89427,5224,1028,5896,0,52,2806106716
611,2.2283,68,0,136,0,54.434,68,8191,136,0,212,2,7.39814,5360,1030,6032,0,53,2781997736
818,2.98339,73,0,3,0,69.743,73,8191,3,0,344,3,5.8441,5363,1033,6035,0,53,2820873902
551,2.00952,39,0,76,0,48.072,39,8189,76,0,227,1,5.53402,5439,1034,6111,0,54,2785417740
767,2.79726,47,0,0,0,51.825,47,8189,0,0,387,0,5.30419,5439,1034,6111,0,54,2792310934
732,2.66972,54,0,1,0,113.799,54,8189,1,0,344,1,7.39085,5440,1035,6112,0,54,2804108636
718,2.61875,56,0,2,0,60.566,59,8189,2,0,307,2,7.21939,5442,1037,6114,0,54,2797642610
941,3.4285,66,0,1,0,70.446,66,8189,1,0,444,1,10.3165,5443,1038,6115,0,54,2788897468
977,3.56313,72,0,3,0,73.663,72,8189,3,0,395,3,5.4647,5446,1041,6118,0,54,2795030308
1058,3.85857,79,0,1,0,58.991,79,8189,1,0,497,1,6.85094,5447,1042,6119,0,54,2743607788
919,3.35171,83,0,3,0,96.551,83,8189,3,0,390,3,6.02285,5450,1045,6122,0,54,2847093356
711,2.59321,45,0,85,0,33.084,45,8191,36,0,281,1,6.85459,5486,1046,6207,0,55,2781618420
845,3.08169,54,0,0,0,41.392,54,8189,0,0,425,0,7.26682,5486,1046,6207,0,55,2758491792
906,3.30418,62,0,0,0,49.576,62,8187,0,0,455,0,7.00781,5486,1046,6207,0,55,2833016732
935,3.40996,68,0,1,0,98.457,68,8189,1,0,441,1,9.33158,5487,1047,6208,0,55,2758119938
1033,3.76752,75,0,1,0,60.022,75,8189,1,0,486,1,12.8081,5488,1048,6209,0,55,2842280322
678,2.4727,39,0,79,0,55.96,39,8190,79,0,289,1,13.2094,5567,1049,6288,0,56,2777007660
918,3.34781,50,0,0,0,33.624,50,8189,0,0,460,0,8.80992,5567,1049,6288,0,56,2804720954
948,3.45729,58,0,0,0,48.791,58,8189,0,0,474,0,7.80307,5567,1049,6288,0,56,2763059460
919,3.35183,66,0,0,0,58.049,66,8189,0,0,461,0,8.09126,5567,1049,6288,0,56,2628612658
918,3.34819,72,0,1,0,76.471,72,8189,1,0,432,1,6.77798,5568,1050,6289,0,56,2997286474
1134,4.13614,79,0,0,0,69.208,79,8189,0,0,569,0,6.70867,5568,1050,6289,0,56,2797536681
1122,4.09218,85,0,3,0,69.597,85,8183,3,0,487,3,8.37581,5571,1053,6292,0,56,2768432539
726,2.6477,47,0,85,0,43.717,47,8189,85,0,304,0,7.03699,5656,1053,6377,0,57,2812098184
917,3.34418,56,0,0,0,62.697,56,8189,0,0,460,0,7.64986,5656,1053,6377,0,57,2754685430
1050,3.82937,65,0,0,0,58.73,65,8187,0,0,526,0,5.32608,5656,1053,6377,0,57,2787205386
1084,3.9534,73,0,0,0,65.619,73,8189,0,0,543,0,8.71872,5656,1053,6377,0,57,2827525554
1173,4.27789,80,0,0,0,60.672,80,8189,0,0,590,0,6.93485,5656,1053,6377,0,57,2795770572
1017,3.70904,85,0,3,0,75.576,85,8187,3,0,432,3,11.2468,5659,1056,6380,0,57,2768974726
1125,4.10305,89,0,1,0,75.667,91,8189,1,0,526,1,9.08352,5660,1057,6381,0,57,2836373750
1098,4.0044,96,0,2,0,82.3,96,8189,2,0,460,2,12.8118,5662,1059,6383,0,57,2759399952
864,3.151,99,0,4,0,74.551,99,8191,4,0,292,4,10.0831,5666,1063,6387,0,57,2727701052
1137,4.14681,102,0,3,0,97.077,104,8189,3,0,474,3,8.22989,5669,1066,6390,0,57,2895848998
1148,4.18701,108,0,5,0,68.727,108,8189,5,0,422,5,8.03654,5674,1071,6395,0,57,2758848010
1067,3.89137,111,0,4,0,94.404,111,8189,4,0,378,4,10.6996,5678,1075,6399,0,57,2807156040
1068,3.89527,116,0,1,0,100.17,116,8190,1,0,540,1,9.44467,5679,1076,6400,0,57,2705763986
1085,3.95709,120,0,2,0,109.418,120,8189,2,0,437,2,7.15738,5681,1078,6402,0,57,2766918616
1148,4.18697,108,0,3,0,140.891,123,8189,3,0,412,3,8.51443,5684,1081,6405,0,57,2904351338
850,3.1002,95,0,4,0,125.977,125,8189,4,0,252,4,12.1405,5688,1085,6409,0,57,2754249316
1206,4.39863,127,0,4,0,93.73,128,8189,4,0,427,4,5.16922,5692,1089,6413,0,57,2752330438
937,3.4175,65,0,133,0,37.619,65,8187,111,0,266,3,6.89107,5803,1092,6546,0,58,2895982610
1082,3.94621,72,0,1,0,53.78,72,8189,1,0,511,1,8.41229,5804,1093,6547,0,58,2743283928
1032,3.7637,79,0,0,0,58.204,79,8189,0,0,517,0,5.99002,5804,1093,6547,0,58,2854633222
805,2.93601,82,0,6,0,65.934,82,8189,6,0,256,6,8.00736,5810,1099,6553,0,58,2794705690
953,3.47564,44,0,86,0,64.201,44,8189,86,0,418,1,13.1802,5896,1100,6639,0,59,2783089856
926,3.37738,53,0,0,0,53.454,53,8189,0,0,466,0,8.40134,5896,1100,6639,0,59,2803751768
822,2.99788,60,0,0,0,43.542,60,8189,0,0,413,0,9.13094,5896,1100,6639,0,59,2777984510
685,2.49835,65,0,3,0,78.343,65,8191,3,0,286,3,9.64896,5899,1103,6642,0,59,2577943578
921,3.35905,70,0,2,0,54.305,70,8191,2,0,372,2,8.2919,5901,1105,6644,0,59,3027593352
869,3.16946,75,0,2,0,53.693,75,8189,2,0,367,2,8.07667,5903,1107,6646,0,59,2795640904
994,3.62539,80,0,5,0,65.642,80,8189,5,0,385,5,21.2642,5908,1112,6651,0,59,2782184482
979,3.57036,85,0,3,0,59.074,85,8189,3,0,398,3,7.60973,5911,1115,6654,0,59,2790563944
990,3.61062,88,0,2,0,74.066,90,8189,2,0,417,2,20.1333,5913,1117,6656,0,59,2797942812
1038,3.78575,94,0,2,0,70.358,94,8189,2,0,433,2,8.18976,5915,1119,6658,0,59,2797812990
1125,4.10304,99,0,3,0,81.11,99,8189,3,0,482,3,8.3831,5918,1122,6661,0,59,2798718328
942,3.43563,103,0,4,0,102.469,103,8190,4,0,377,4,9.14189,5922,1126,6665,0,59,2420876724
920,3.35534,106,0,7,0,84.961,106,8191,7,0,326,6,9.68544,5929,1132,6672,0,59,3055419612
1057,3.85468,98,0,2,0,70.428,110,8191,2,0,384,2,7.09536,5931,1134,6674,0,59,2910851740
1036,3.77859,96,0,2,0,112.805,114,8191,2,0,418,2,11.8049,5933,1136,6676,0,59,2777709152
797,2.90671,115,0,8,0,95.29,115,8189,8,0,226,8,10.5573,5941,1144,6684,0,59,2783527474
969,3.53389,118,0,6,0,79.134,118,8190,6,0,316,6,10.3676,5947,1150,6690,0,59,2629349114
1136,4.14296,121,0,5,0,61.63,121,8191,5,0,337,5,7.62067,5952,1155,6695,0,59,2943698688
1033,3.76737,125,0,2,0,92.291,125,8190,2,0,460,2,11.2249,5954,1157,6697,0,59,2574360138
966,3.52301,124,0,4,0,88.195,127,8189,4,0,304,4,12.1953,5958,1161,6701,0,59,3021428928
1047,3.81837,128,0,2,0,130.966,130,8189,2,0,409,2,7.1063,5960,1163,6703,0,59,2731031856
978,3.56675,133,0,9,0,73.439,133,8191,9,0,296,9,10.3822,5969,1172,6712,0,59,2797228322
1184,4.31802,133,0,2,0,106.639,136,8187,2,0,414,2,8.81357,5971,1174,6714,0,59,2878366988
782,2.85177,9,0,145,0,94.215,9,8189,113,0,199,8,7.60243,6084,1182,6859,0,60,2763832834
771,2.81198,71,0,4,0,73.525,71,8191,4,0,297,4,8.62387,6088,1186,6863,0,60,2823128700
993,3.6217,76,0,4,0,64.735,76,8191,4,0,399,4,8.17152,6092,1190,6867,0,60,2670359222
1062,3.87334,82,0,2,0,57.48,82,8189,2,0,423,2,6.86189,6094,1192,6869,0,60,2917263700
936,3.41362,86,0,2,0,71.069,86,8190,2,0,392,2,8.09491,6096,1194,6871,0,60,2797841130
998,3.63967,91,0,2,0,68.2,91,8189,2,0,419,2,7.82861,6098,1196,6873,0,60,2792841380
1278,4.66085,98,0,1,0,77.951,98,8191,1,0,642,1,10.105,6099,1197,6874,0,60,2775960782


