SendPacket,SendRate(Mb/s),FlightSize,ReceiveRate(Mb/s),Send Loss,Recv Loss,RTT(ms),CWnd,FlowWindow,Retrans,PktSndPeriod(us),RecvACK,RecvNAK,EstimatedBandwidth(Mb/s),Retrans_Total,NAK_TotalRecv,Total Send Loss,Total Recv Loss
943,1.4379,265,0,3,0,107.401,265,8190,3,0,263,3,2.05011,3,3,3,0
1251,2.06094,369,0,5,0,100.255,480,8189,5,0,215,5,2.94168,8,8,8,0
1312,2.1615,265,0,8,0,141.052,723,8189,8,0,243,8,4.54848,16,16,16,0
1313,2.16319,606,0,24,0,101.573,769,8140,24,0,46,24,2.97299,40,40,40,0
755,1.24393,86,0,781,0,94.766,200,8191,117,0,198,11,3.0076,157,51,821,0
827,1.36257,9,0,275,0,77.025,9,8189,208,0,60,22,2.59725,365,73,1096,0
1071,1.76455,128,0,3,0,94.981,128,8088,3,0,375,3,2.73568,368,76,1099,0
1083,1.78438,118,0,3,0,88.995,130,8191,3,0,357,3,3.43773,371,79,1102,0
1046,1.72343,122,0,5,0,60.588,132,8189,5,0,277,5,3.31413,376,84,1107,0
1151,1.89643,128,0,5,0,87.43,135,8189,5,0,378,5,5.25053,381,89,1112,0
1126,1.85525,138,0,6,0,113.576,138,8190,6,0,397,6,3.51518,387,95,1118,0
1041,1.71472,140,0,7,0,89.966,140,8190,7,0,317,7,3.60582,394,102,1125,0
776,1.27846,72,0,141,0,57.475,72,8189,109,0,273,1,3.54814,503,103,1266,0
1005,1.65577,79,0,3,0,57.176,79,8189,3,0,467,3,2.52803,506,106,1269,0
275,0.453109,10,0,87,0,31.971,10,8189,87,0,56,1,2.99277,593,107,1356,0
483,0.795805,24,0,0,0,43.278,24,8189,0,0,241,0,3.40971,593,107,1356,0
639,1.05278,35,0,0,0,29.29,35,8189,0,0,320,0,3.06198,593,107,1356,0
925,1.52394,46,0,0,0,37.99,46,8189,0,0,465,0,3.2927,593,107,1356,0
742,1.22245,53,0,0,0,54.607,53,8187,0,0,371,0,3.30094,593,107,1356,0
730,1.20264,60,0,0,0,41.158,60,8189,0,0,368,0,3.42125,593,107,1356,0
792,1.30486,66,0,1,0,67.805,66,8188,1,0,397,1,4.04914,594,108,1357,0
1126,1.85519,74,0,0,0,63.521,74,8189,0,0,534,0,3.09659,594,108,1357,0
858,1.41357,78,0,3,0,84.837,78,8187,3,0,358,3,2.73733,597,111,1360,0
960,1.58165,83,0,2,0,65.087,83,8189,2,0,408,2,4.35402,599,113,1362,0
1061,1.74809,89,0,2,0,63.7,89,8189,2,0,490,2,3.53002,601,115,1364,0
679,1.11872,49,0,89,0,63.15,49,8189,89,0,279,0,3.42949,690,115,1453,0
863,1.42183,57,0,0,0,68.461,57,8189,0,0,433,0,2.82302,690,115,1453,0
732,1.20605,63,0,0,0,83.355,63,8189,0,0,370,0,3.40477,690,115,1453,0
836,1.37726,69,0,1,0,74.568,69,8190,1,0,422,1,3.10318,691,116,1454,0
969,1.59649,75,0,0,0,58.456,75,8189,0,0,457,0,2.76864,691,116,1454,0
711,1.17148,80,0,0,0,146.054,80,8187,0,0,361,0,3.85632,691,116,1454,0
789,1.29988,85,0,0,0,107.675,85,8189,0,0,396,0,3.07517,691,116,1454,0
822,1.35425,90,0,0,0,67.789,90,8189,0,0,417,0,3.23667,691,116,1454,0
850,1.4004,3,0,95,0,69.253,3,8098,95,0,380,1,6.27723,786,117,1549,0
530,0.873283,51,0,0,0,107.45,51,8190,0,0,249,0,3.72613,786,117,1549,0
944,1.55538,59,0,0,0,80.166,59,8191,0,0,473,0,4.72976,786,117,1549,0
963,1.58667,66,0,1,0,39.664,66,8189,1,0,455,1,3.16251,787,118,1550,0
1015,1.67234,74,0,0,0,58.435,74,8189,0,0,509,0,3.18888,787,118,1550,0
766,1.26211,79,0,0,0,100.365,79,8189,0,0,384,0,3.75909,787,118,1550,0
1115,1.8372,85,0,1,0,67.446,85,8187,1,0,560,1,3.68163,788,119,1551,0
557,0.917719,46,0,85,0,52.433,46,8189,85,0,218,0,3.01419,873,119,1636,0
678,1.11703,52,0,0,0,78.914,52,8189,0,0,344,0,3.50365,873,119,1636,0
822,1.35428,60,0,0,0,45.024,60,8190,0,0,411,0,3.08506,873,119,1636,0
834,1.37411,66,0,0,0,51.999,66,8189,0,0,421,0,2.61702,873,119,1636,0
836,1.37731,72,0,1,0,55.858,72,8189,1,0,383,1,2.63186,874,120,1637,0
960,1.58159,77,0,79,0,66.503,2,8179,79,0,407,2,3.53826,953,122,1716,0
133,0.219117,11,0,14,0,56.014,11,8185,14,0,59,0,7.33195,967,122,1730,0
200,0.329507,18,0,0,0,96.135,18,8189,0,0,102,0,9.37547,967,122,1730,0
376,0.619497,26,0,0,0,96.275,26,8189,0,0,188,0,6.12067,967,122,1730,0
517,0.851792,35,0,0,0,45.317,35,8189,0,0,260,0,3.70141,967,122,1730,0
449,0.739746,41,0,0,0,48.494,41,8191,0,0,229,0,3.48882,967,122,1730,0
748,1.23238,49,0,0,0,57.88,49,8189,0,0,377,0,2.88894,967,122,1730,0
743,1.22416,56,0,0,0,130.922,56,8189,0,0,374,0,3.20206,967,122,1730,0
655,1.07907,62,0,0,0,60.099,62,8187,0,0,333,0,4.18592,967,122,1730,0
841,1.38517,68,0,0,0,65.597,68,8187,0,0,424,0,3.13779,967,122,1730,0
958,1.57847,74,0,1,0,70.841,74,8187,1,0,447,1,3.26963,968,123,1731,0
1043,1.71847,80,0,2,0,64.208,80,8189,2,0,448,2,2.86917,970,125,1733,0
629,1.03626,42,0,85,0,48.203,42,8189,85,0,258,3,3.28611,1055,128,1818,0
762,1.25537,50,0,0,0,49.151,50,8189,0,0,382,0,3.20536,1055,128,1818,0
848,1.39709,58,0,0,0,68.852,58,8189,0,0,426,0,3.0455,1055,128,1818,0
1007,1.65903,66,0,1,0,72.467,66,8131,1,0,477,1,3.72118,1056,129,1819,0
1074,1.7695,73,0,0,0,73.939,73,8187,0,0,537,0,4.11506,1056,129,1819,0
985,1.62283,79,0,2,0,72.468,79,8189,2,0,424,2,3.13285,1058,131,1821,0
841,1.38392,83,0,4,0,107.767,83,8189,4,0,346,4,2.83786,1062,135,1825,0
980,1.61464,87,0,3,0,75.137,87,8190,3,0,373,3,5.01816,1065,138,1828,0
1041,1.71506,92,0,2,0,70.945,92,8189,2,0,437,2,2.86258,1067,140,1830,0
1008,1.66067,97,0,4,0,86.436,97,8187,4,0,414,4,3.59758,1071,144,1834,0
934,1.53877,100,0,102,0,91.226,2,8189,102,0,326,2,4.27821,1173,146,1936,0
672,1.10712,55,0,0,0,38.707,55,8189,0,0,315,0,4.47267,1173,146,1936,0
867,1.42848,62,0,1,0,58.025,62,8189,1,0,407,1,3.61736,1174,147,1937,0
1083,1.78433,70,0,0,0,51.614,70,8187,0,0,542,0,3.04715,1174,147,1937,0
941,1.55032,76,0,1,0,73.366,76,8189,1,0,439,1,2.86917,1175,148,1938,0
1110,1.82874,82,0,1,0,78.555,82,8189,1,0,518,1,4.09198,1176,149,1939,0
1007,1.65894,86,0,4,0,72.525,86,8189,4,0,346,4,2.99606,1180,153,1943,0
984,1.6213,90,0,4,0,77.622,90,8189,4,0,365,4,3.14274,1184,157,1947,0
951,1.56691,95,0,2,0,76.343,95,8150,2,0,431,2,2.18854,1186,159,1949,0
609,1.00339,48,0,98,0,97.601,48,8189,98,0,235,1,2.25446,1284,160,2047,0
614,1.01156,54,0,0,0,69.873,54,8189,0,0,308,0,3.10813,1284,160,2047,0
879,1.44816,62,0,0,0,58.959,62,8189,0,0,439,0,3.8316,1284,160,2047,0
749,1.23397,67,0,0,0,60.202,67,8185,0,0,378,0,5.55046,1284,160,2047,0
1140,1.8783,75,0,1,0,58.672,75,8189,1,0,536,1,8.1164,1285,161,2048,0
1000,1.64751,81,0,0,0,107.477,81,8189,0,0,502,0,4.07056,1285,161,2048,0
723,1.19116,86,0,0,0,82.861,86,8189,0,0,364,0,3.05704,1285,161,2048,0
683,1.12527,89,0,1,0,110.611,89,8189,1,0,303,1,3.38829,1286,162,2049,0
609,1.00335,45,0,92,0,47.444,45,8189,92,0,241,1,3.98486,1378,163,2141,0
871,1.43507,54,0,0,0,57.974,54,8189,0,0,436,0,4.13648,1378,163,2141,0
836,1.37736,61,0,0,0,55.587,61,8189,0,0,419,0,2.85434,1378,163,2141,0
884,1.45651,67,0,1,0,66.83,67,8189,1,0,413,1,3.26304,1379,164,2142,0
1074,1.76955,74,0,2,0,63.417,74,8189,2,0,469,2,4.22547,1381,166,2144,0
820,1.35109,78,0,2,0,54.854,78,8183,2,0,341,2,3.34379,1383,168,2146,0
950,1.5652,84,0,1,0,76.62,84,8189,1,0,476,1,8.79538,1384,169,2147,0
1191,1.96238,90,0,2,0,62.315,90,8189,2,0,479,2,3.02078,1386,171,2149,0
988,1.62785,94,0,2,0,96.22,94,8189,2,0,409,2,3.23667,1388,173,2151,0
693,1.14181,97,0,4,0,97.867,97,8189,4,0,254,4,4.45784,1392,177,2155,0
968,1.5948,101,0,0,0,73.572,102,8189,0,0,489,0,3.09,1392,177,2155,0
745,1.22749,53,0,104,0,68.107,53,8189,104,0,299,1,2.56923,1496,178,2259,0
915,1.5076,61,0,0,0,76.932,61,8187,0,0,459,0,2.69613,1496,178,2259,0
932,1.53565,68,0,1,0,53.774,68,8189,1,0,437,1,2.61538,1497,179,2260,0
962,1.58497,74,0,1,0,56.821,74,8189,1,0,451,1,4.64736,1498,180,2261,0
1022,1.68392,81,0,0,0,69.187,81,8189,0,0,512,0,5.07584,1498,180,2261,0
963,1.58659,86,0,2,0,85.07,86,8189,2,0,446,2,8.43117,1500,182,2263,0
1065,1.75461,85,0,2,0,90.928,91,8191,2,0,413,2,4.0343,1502,184,2265,0
626,1.03131,48,0,92,0,63.977,48,8191,92,0,245,1,3.66845,1594,185,2357,0
502,0.827049,53,0,0,0,95.413,53,8189,0,0,253,0,3.66845,1594,185,2357,0
890,1.46636,61,0,2,0,80.165,61,8189,2,0,419,2,4.13978,1596,187,2359,0
884,1.45647,67,0,0,0,48.105,67,8189,0,0,416,0,3.73437,1596,187,2359,0
1015,1.67226,74,0,0,0,80.508,74,8191,0,0,508,0,3.5432,1596,187,2359,0
799,1.31651,79,0,0,0,119.676,79,8191,0,0,403,0,4.52376,1596,187,2359,0
1000,1.64755,85,0,0,0,85.278,85,8187,0,0,504,0,4.57979,1596,187,2359,0
757,1.24724,47,0,87,0,42.367,47,8189,87,0,320,1,4.22053,1683,188,2446,0
893,1.4713,55,0,0,0,40.472,55,8189,0,0,448,0,7.36491,1683,188,2446,0
884,1.45646,62,0,1,0,51.293,62,8189,1,0,417,1,3.38005,1684,189,2447,0
636,1.04786,67,0,0,0,74.464,67,8189,0,0,322,0,3.43773,1684,189,2447,0
601,0.990214,72,0,0,0,108.698,72,8189,0,0,306,0,3.53331,1684,189,2447,0
897,1.47782,78,0,0,0,49.792,78,8189,0,0,450,0,3.14438,1684,189,2447,0
1000,1.64749,83,0,2,0,76.26,83,8189,2,0,426,2,3.03891,1686,191,2449,0
720,1.18623,43,0,88,0,33.288,43,8189,88,0,260,3,3.34379,1774,194,2537,0
673,1.10879,50,0,0,0,112.175,50,8189,0,0,337,0,3.23832,1774,194,2537,0
862,1.42013,58,0,0,0,37.368,58,8191,0,0,433,0,2.93674,1774,194,2537,0
903,1.48776,65,0,1,0,65.903,65,8188,1,0,455,1,3.98322,1775,195,2538,0
794,1.3081,70,0,1,0,65.231,70,8189,1,0,338,1,2.60878,1776,196,2539,0
976,1.60812,62,0,1,0,71.602,77,8191,1,0,458,1,3.77227,1777,197,2540,0
1051,1.73157,82,0,2,0,77.919,82,8191,2,0,454,2,4.42653,1779,199,2542,0
750,1.23569,18,0,87,0,64.556,18,8191,87,0,284,2,3.8349,1866,201,2629,0
277,0.456368,19,0,27,0,42.239,19,8189,27,0,130,0,3.14274,1893,201,2656,0
462,0.761173,29,0,0,0,40.494,29,8191,0,0,233,0,3.71789,1893,201,2656,0
568,0.935799,37,0,0,0,35.111,37,8189,0,0,285,0,4.02606,1893,201,2656,0
604,0.995101,45,0,0,0,33.321,45,8187,0,0,304,0,3.05539,1893,201,2656,0
634,1.04456,51,0,0,0,39.425,51,8190,0,0,319,0,3.07517,1893,201,2656,0
836,1.37733,59,0,0,0,58.751,59,8191,0,0,418,0,2.9631,1893,201,2656,0
805,1.32631,65,0,1,0,100.934,65,8191,1,0,376,1,3.10978,1894,202,2657,0
759,1.25055,70,0,0,0,116.786,70,8187,0,0,383,0,2.82962,1894,202,2657,0
925,1.52399,77,0,0,0,103.45,77,8189,0,0,463,0,1.91992,1894,202,2657,0
872,1.4367,82,0,0,0,121.584,82,8191,0,0,440,0,3.75579,1894,202,2657,0
645,1.06268,86,0,0,0,108.312,86,8191,0,0,327,0,3.08011,1894,202,2657,0
652,1.07424,89,0,2,0,97.267,89,8189,2,0,247,2,3.11307,1896,204,2659,0
843,1.3888,93,0,0,0,76.359,94,8191,0,0,428,0,3.96509,1896,204,2659,0
917,1.51103,97,0,3,0,129.479,97,8191,3,0,325,3,3.36686,1899,207,2662,0
1183,1.94908,102,0,2,0,79.293,102,8189,2,0,503,2,3.07517,1901,209,2664,0
872,1.43665,105,0,3,0,84.358,105,8135,3,0,286,3,3.2515,1904,212,2667,0
1060,1.74629,109,0,3,0,77.663,109,8191,3,0,434,3,4.2469,1907,215,2670,0
884,1.45639,112,0,3,0,90.6,112,8190,3,0,339,3,3.74261,1910,218,2673,0
770,1.2686,60,0,112,0,67.744,60,8189,105,0,311,0,3.15592,2015,218,2785,0
708,1.16648,66,0,0,0,67.619,66,8191,0,0,356,0,4.0788,2015,218,2785,0
938,1.54537,71,0,2,0,61.601,71,8191,2,0,408,2,2.54122,2017,220,2787,0
988,1.62774,78,0,1,0,59.521,78,8191,1,0,461,1,2.76534,2018,221,2788,0
888,1.46293,83,0,2,0,70.299,83,8189,2,0,406,2,4.80062,2020,223,2790,0
697,1.14834,46,0,83,0,77.415,46,8189,83,0,290,0,4.4529,2103,223,2873,0
658,1.08406,53,0,0,0,57.654,53,8189,0,0,329,0,3.42784,2103,223,2873,0
767,1.26362,60,0,0,0,75.772,60,8189,0,0,385,0,2.56264,2103,223,2873,0
750,1.23569,66,0,0,0,87.502,66,8191,0,0,377,0,2.36982,2103,223,2873,0
924,1.52241,72,0,1,0,60.975,72,8189,1,0,432,1,4.27656,2104,224,2874,0
915,1.50751,78,0,0,0,72.713,78,8191,0,0,459,0,4.03595,2104,224,2874,0
1062,1.74961,84,0,3,0,56.899,84,8191,3,0,460,3,3.8761,2107,227,2877,0
974,1.60477,88,0,1,0,72.252,88,8191,1,0,408,1,4.83194,2108,228,2878,0
1011,1.66587,93,0,2,0,68.673,93,8187,2,0,423,2,2.70107,2110,230,2880,0
825,1.35926,97,0,1,0,107.237,97,8189,1,0,376,1,14.8732,2111,231,2881,0
832,1.37076,101,0,1,0,54.825,101,8191,1,0,371,1,3.27458,2112,232,2882,0
1018,1.67713,106,0,0,0,103.099,106,8191,0,0,513,0,3.67174,2112,232,2882,0
734,1.20926,54,0,108,0,89.023,54,8189,106,0,292,1,3.27458,2218,233,2990,0
635,1.04621,60,0,0,0,55.05,60,8191,0,0,322,0,2.8807,2218,233,2990,0
1074,1.76947,68,0,0,0,64.554,68,8189,0,0,540,0,4.00629,2218,233,2990,0
920,1.51569,74,0,2,0,64.811,74,8189,2,0,396,2,4.53035,2220,235,2992,0
1075,1.77123,80,0,1,0,65.495,80,8191,1,0,504,1,3.0933,2221,236,2993,0
1085,1.7876,86,0,2,0,55.405,86,8191,2,0,467,2,3.44762,2223,238,2995,0
883,1.45484,90,0,1,0,88.607,90,8191,1,0,402,1,3.66515,2224,239,2996,0
1008,1.66084,95,0,2,0,73.42,95,8191,2,0,420,2,3.6289,2226,241,2998,0
989,1.62959,92,0,2,0,71.445,99,8191,2,0,406,2,3.15098,2228,243,3000,0
1004,1.65434,103,0,3,0,78.642,103,8191,3,0,403,3,2.9285,2231,246,3003,0
944,1.5553,106,0,3,0,85.916,106,8187,3,0,325,3,2.93838,2234,249,3006,0
883,1.45472,110,0,0,0,107.149,110,8191,0,0,443,0,4.23866,2234,249,3006,0
917,1.5108,103,0,2,0,95.729,113,8191,2,0,360,2,3.59923,2236,251,3008,0
1014,1.67052,117,0,2,0,81.135,117,8191,2,0,459,2,2.63515,2238,253,3010,0
703,1.15824,61,0,117,0,73.834,61,8189,117,0,269,0,3.79205,2355,253,3127,0
834,1.37405,68,0,1,0,47.908,68,8191,1,0,419,1,3.64538,2356,254,3128,0
820,1.35097,73,0,1,0,88.643,73,8191,1,0,352,1,4.2024,2357,255,3129,0
749,1.23395,77,0,1,0,82.274,77,8191,1,0,340,1,3.60747,2358,256,3130,0
1070,1.76296,83,0,2,0,66.022,83,8189,2,0,462,2,3.71624,2360,258,3132,0
927,1.52742,88,0,2,0,87.317,88,8189,2,0,423,2,2.97958,2362,260,3134,0
903,1.48774,92,0,4,0,120.028,92,8191,4,0,365,4,2.83456,2366,264,3138,0
949,1.56348,96,0,4,0,69.651,96,8189,4,0,383,4,2.79336,2370,268,3142,0
530,0.873223,31,0,98,0,75.386,31,8187,98,0,158,1,3.56133,2468,269,3240,0
670,1.10384,54,0,0,0,43.385,54,8191,0,0,332,0,3.27128,2468,269,3240,0
883,1.45485,61,0,0,0,43.332,61,8189,0,0,442,0,3.58275,2468,269,3240,0
804,1.32463,68,0,0,0,57.52,68,8189,0,0,404,0,3.04386,2468,269,3240,0
658,1.08411,72,0,0,0,64.674,72,8187,0,0,334,0,5.55706,2468,269,3240,0
948,1.56189,78,0,2,0,63.358,78,8187,2,0,436,2,3.53496,2470,271,3242,0
891,1.46798,83,0,2,0,74.767,83,8189,2,0,370,2,2.39619,2472,273,3244,0
757,1.24713,86,0,3,0,82.844,86,8189,3,0,262,3,41.289,2475,276,3247,0
939,1.54694,90,0,4,0,78.368,90,8191,4,0,343,4,5.20933,2479,280,3251,0
1057,1.74132,94,0,4,0,86.075,94,8191,4,0,400,4,2.96475,2483,284,3255,0
130,0.214183,10,0,103,0,35.647,10,8191,20,0,56,0,3.20536,2503,284,3358,0
415,0.683694,23,0,0,0,29.323,23,8189,0,0,209,0,3.61901,2503,284,3358,0
438,0.721615,31,0,0,0,37.205,31,8187,0,0,222,0,3.00266,2503,284,3358,0
364,0.599681,36,0,0,0,73.795,36,8191,0,0,184,0,2.73733,2503,284,3358,0
636,1.04788,44,0,0,0,68.859,44,8189,0,0,321,0,3.30589,2503,284,3358,0
864,1.42351,53,0,0,0,47.168,53,8189,0,0,434,0,3.72448,2503,284,3358,0
840,1.38371,60,0,0,0,49.696,60,8191,0,0,425,0,5.89654,2503,284,3358,0
764,1.25875,66,0,0,0,85.329,66,8191,0,0,386,0,4.43312,2503,284,3358,0
832,1.37043,72,0,0,0,100.762,72,8187,0,0,419,0,5.08738,2503,284,3358,0
839,1.38228,78,0,1,0,110.645,78,8183,1,0,388,1,4.09198,2504,285,3359,0
1008,1.66069,84,0,1,0,68.605,84,8188,1,0,509,1,2.5544,2505,286,3360,0
953,1.56963,88,0,1,0,79.993,88,8189,1,0,398,1,3.73437,2506,287,3361,0
1140,1.87817,93,0,1,0,69.027,94,8189,1,0,529,1,2.64339,2507,288,3362,0
747,1.23066,49,0,97,0,56.421,49,8189,38,0,293,2,2.95486,2545,290,3459,0
800,1.31795,57,0,0,0,44.846,57,8189,0,0,401,0,2.4275,2545,290,3459,0
962,1.58503,65,0,0,0,52.052,65,8189,0,0,483,0,5.00662,2545,290,3459,0
1040,1.71351,72,0,0,0,64.252,72,8189,0,0,521,0,3.75085,2545,290,3459,0
914,1.5058,78,0,2,0,71.894,78,8189,2,0,424,2,2.2281,2547,292,3461,0
1067,1.75771,84,0,1,0,77.75,84,8189,1,0,462,1,19.3244,2548,293,3462,0
1068,1.75956,84,0,2,0,71.019,89,8189,2,0,457,2,3.72778,2550,295,3464,0
1087,1.78987,94,0,1,0,86.618,94,8189,1,0,500,1,2.80984,2551,296,3465,0
795,1.30987,8,0,99,0,91.035,8,8189,99,0,308,2,2.66317,2650,298,3564,0
873,1.43846,55,0,0,0,65.97,55,8189,0,0,418,0,3.56792,2650,298,3564,0
819,1.3494,62,0,1,0,69.187,62,8190,1,0,410,1,3.21854,2651,299,3565,0
1025,1.6889,69,0,0,0,60.796,69,8189,0,0,487,0,3.03067,2651,299,3565,0
978,1.61142,76,0,1,0,72.214,76,8189,1,0,490,1,3.61077,2652,300,3566,0
515,0.848518,42,0,76,0,57.353,42,8191,76,0,211,0,3.67834,2728,300,3642,0
869,1.43181,51,0,0,0,49.572,51,8189,0,0,435,0,2.74392,2728,300,3642,0
917,1.51098,59,0,0,0,57.92,59,8187,0,0,460,0,3.42619,2728,300,3642,0
888,1.46315,66,0,0,0,101.974,66,8189,0,0,446,0,4.13978,2728,300,3642,0
946,1.55874,73,0,0,0,83.716,73,8189,0,0,476,0,2.59725,2728,300,3642,0
556,0.916102,40,0,74,0,46.289,40,8189,54,0,236,1,4.02771,2782,301,3716,0
864,1.42358,50,0,0,0,38.677,50,8189,0,0,435,0,4.27656,2782,301,3716,0
944,1.55506,58,0,0,0,58.079,58,8189,0,0,475,0,3.98981,2782,301,3716,0
1111,1.83017,67,0,0,0,52.751,67,8191,0,0,557,0,3.53166,2782,301,3716,0
1023,1.68544,74,0,0,0,53.49,74,8189,0,0,512,0,10.7285,2782,301,3716,0
566,0.932559,38,0,78,0,49.725,38,8189,78,0,232,1,2.54122,2860,302,3794,0
819,1.34879,48,0,0,0,59.247,48,8189,0,0,410,0,2.5923,2860,302,3794,0
976,1.60789,57,0,0,0,78.808,57,8189,0,0,492,0,3.11802,2860,302,3794,0
726,1.19612,63,0,0,0,57.136,63,8189,0,0,366,0,2.76205,2860,302,3794,0
910,1.49936,70,0,0,0,66.965,70,8189,0,0,457,0,3.40312,2860,302,3794,0
779,1.28339,9,0,76,0,67.498,9,8189,76,0,352,1,3.94696,2936,303,3870,0
716,1.17976,44,0,0,0,44.342,44,8187,0,0,351,0,3.92224,2936,303,3870,0
749,1.23408,52,0,0,0,118.915,52,8189,0,0,374,0,3.85632,2936,303,3870,0
908,1.49612,60,0,0,0,47.145,60,8189,0,0,455,0,3.15098,2936,303,3870,0
1028,1.69356,68,0,2,0,49.236,68,8187,2,0,484,2,3.10483,2938,305,3872,0
1008,1.66082,74,0,1,0,76.661,74,8187,1,0,441,1,3.0043,2939,306,3873,0
1054,1.73652,80,0,2,0,54.909,80,8189,2,0,455,2,3.89752,2941,308,3875,0
675,1.11211,42,0,84,0,42.162,42,8189,84,0,239,2,3.53496,3025,310,3959,0
610,1.00446,48,0,0,0,93.154,48,8189,0,0,309,0,3.37016,3025,310,3959,0
993,1.63593,58,0,0,0,42.277,58,8189,0,0,500,0,3.61406,3025,310,3959,0
1008,1.66081,65,0,2,0,50.402,65,8189,2,0,446,2,6.89523,3027,312,3961,0
1014,1.67056,72,0,1,0,80.845,72,8187,1,0,473,1,4.42323,3028,313,3962,0
956,1.57511,78,0,1,0,55.769,78,8191,1,0,443,1,2.95981,3029,314,3963,0
912,1.50271,83,0,1,0,73.077,83,8189,1,0,421,1,3.30094,3030,315,3964,0
1139,1.87663,90,0,0,0,84.387,90,8189,0,0,574,0,3.48058,3030,315,3964,0
928,1.5288,94,0,2,0,76.474,94,8189,2,0,376,2,3.3817,3032,317,3966,0
982,1.61767,98,0,2,0,82.47,98,8187,2,0,450,2,3.48387,3034,319,3968,0
1034,1.70357,101,0,5,0,99.217,102,8189,5,0,374,5,2.58242,3039,324,3973,0
1052,1.73319,106,0,3,0,83.019,106,8145,3,0,454,3,2.76864,3042,327,3976,0
732,1.20559,57,0,106,0,67.366,57,8189,104,0,292,0,2.69613,3146,327,4082,0
845,1.39226,64,0,0,0,91.796,64,8189,0,0,425,0,3.02573,3146,327,4082,0
871,1.43509,67,0,1,0,92.624,70,8189,1,0,409,1,3.0076,3147,328,4083,0
1017,1.67549,77,0,0,0,70.673,77,8187,0,0,509,0,3.11637,3147,328,4083,0
736,1.21258,41,0,81,0,36.198,41,8189,47,0,296,2,3.1279,3194,330,4164,0
696,1.1463,48,0,0,0,59.772,48,8189,0,0,348,0,3.85797,3194,330,4164,0
706,1.16257,51,0,0,0,63.854,55,8189,0,0,356,0,3.6289,3194,330,4164,0
625,1.02975,61,0,0,0,107.858,61,8189,0,0,314,0,3.08506,3194,330,4164,0
745,1.22714,66,0,0,0,148.899,66,8187,0,0,374,0,3.46904,3194,330,4164,0
921,1.51736,73,0,0,0,62.037,73,8189,0,0,464,0,3.91235,3194,330,4164,0
920,1.51573,78,0,80,0,52.084,2,8189,80,0,385,2,2.74557,3274,332,4244,0
690,1.13684,45,0,0,0,35.643,45,8189,0,0,330,0,3.07846,3274,332,4244,0
982,1.61787,55,0,0,0,41.778,55,8189,0,0,493,0,3.4987,3274,332,4244,0
873,1.43835,63,0,0,0,63.499,63,8189,0,0,439,0,3.39158,3274,332,4244,0
1025,1.68874,70,0,0,0,51.463,70,8189,0,0,512,0,2.93838,3274,332,4244,0
1001,1.64912,77,0,1,0,67.175,77,8187,1,0,469,1,8.73275,3275,333,4245,0
1017,1.67552,80,0,1,0,75.86,82,8187,1,0,475,1,5.9328,3276,334,4246,0
1022,1.68381,87,0,2,0,75.281,87,8189,2,0,430,2,3.64867,3278,336,4248,0
856,1.4103,91,0,2,0,82.305,91,8189,2,0,345,2,6.24757,3280,338,4250,0
1011,1.66573,95,0,4,0,76.381,95,8189,4,0,375,4,4.92422,3284,342,4254,0
1020,1.68071,99,0,1,0,96.383,100,8189,1,0,464,1,3.8761,3285,343,4255,0
1079,1.77766,103,0,9,0,115.796,103,8189,9,0,339,9,3.21195,3294,352,4264,0
814,1.34113,9,0,109,0,80.656,9,8189,109,0,301,3,3.10813,3403,355,4373,0
876,1.44294,59,0,0,0,62.471,59,8189,0,0,419,0,2.87741,3403,355,4373,0
680,1.12037,34,0,62,0,46.115,34,8189,62,0,315,1,2.48848,3465,356,4435,0
577,0.950692,23,0,38,0,32.82,23,8189,38,0,279,0,3.07187,3503,356,4473,0
343,0.5651,17,0,27,0,43.561,17,8189,27,0,166,0,3.33061,3530,356,4500,0
444,0.731492,27,0,0,0,35.384,27,8191,0,0,223,0,3.35368,3530,356,4500,0
645,1.06274,37,0,0,0,33.678,37,8189,0,0,323,0,3.18394,3530,356,4500,0
607,1.00011,44,0,0,0,45.211,44,8189,0,0,304,0,3.9107,3530,356,4500,0
771,1.27023,52,0,0,0,46.233,52,8189,0,0,389,0,2.87246,3530,356,4500,0
691,1.13848,29,0,57,0,86.944,29,8191,57,0,332,0,2.78182,3587,356,4557,0
544,0.896212,37,0,0,0,64.653,37,8189,0,0,276,0,3.9552,3587,356,4557,0
532,0.876419,23,0,42,0,48.948,23,8187,42,0,258,0,3.37016,3629,356,4599,0
585,0.96382,33,0,0,0,34.427,33,8189,0,0,295,0,2.76864,3629,356,4599,0
752,1.23868,38,0,0,0,94.357,43,8189,0,0,380,0,2.68954,3629,356,4599,0
1582,2.60639,52,0,0,0,81.812,52,8191,0,0,415,0,3.13614,3629,356,4599,0
915,1.50745,60,0,0,0,42.848,60,8187,0,0,461,0,3.75744,3629,356,4599,0
1062,1.74958,68,0,0,0,65.558,68,8189,0,0,532,0,2.85269,3629,356,4599,0
1026,1.69034,75,0,0,0,74.427,75,8189,0,0,517,0,3.45421,3629,356,4599,0
819,1.34935,81,0,0,0,74.004,81,8189,0,0,413,0,4.54024,3629,356,4599,0
1015,1.67224,86,0,2,0,70.568,86,8190,2,0,467,2,3.5465,3631,358,4601,0
1022,1.68377,91,0,1,0,95.82,91,8191,1,0,431,1,1.87048,3632,359,4602,0
1027,1.6921,96,0,1,0,89.097,96,8187,1,0,470,1,3.56462,3633,360,4603,0
979,1.61284,99,0,5,0,76.068,99,8092,5,0,308,5,2.44728,3638,365,4608,0
1047,1.72503,102,0,4,0,67.435,103,8189,4,0,379,4,2.9252,3642,369,4612,0
1096,1.80569,104,0,4,0,79.172,106,8189,4,0,356,4,3.34709,3646,373,4616,0
1005,1.65567,110,0,1,0,87.752,110,8189,1,0,452,1,2.8807,3647,374,4617,0
1060,1.74646,110,0,4,0,88.925,114,8189,4,0,421,4,4.66054,3651,378,4621,0
469,0.77271,58,0,115,0,44.1,58,8190,106,0,156,1,3.37346,3757,379,4736,0
1010,1.66395,66,0,1,0,55.849,66,8190,1,0,510,1,3.90576,3758,380,4737,0
695,1.14506,40,0,66,0,43.026,40,8189,66,0,303,0,3.5432,3824,380,4803,0
928,1.5289,50,0,0,0,45.783,50,8189,0,0,464,0,3.02078,3824,380,4803,0
892,1.4696,58,0,0,0,53.276,58,8189,0,0,449,0,3.75085,3824,380,4803,0
992,1.63445,66,0,1,0,59.775,66,8189,1,0,470,1,2.85269,3825,381,4804,0
1016,1.67377,73,0,0,0,67.95,73,8189,0,0,512,0,3.14274,3825,381,4804,0
981,1.61623,78,0,3,0,68.817,78,8189,3,0,384,3,3.52178,3828,384,4807,0
948,1.56183,84,0,2,0,70.645,84,8189,2,0,438,2,3.35038,3830,386,4809,0
1072,1.76622,88,0,3,0,88.479,88,8189,3,0,377,3,2.56923,3833,389,4812,0
1015,1.67236,87,0,2,0,73.57,93,8189,2,0,428,2,2.8395,3835,391,4814,0
887,1.46132,96,0,2,0,62.317,96,8187,2,0,359,2,2.85269,3837,393,4816,0
1021,1.68208,101,0,3,0,100.449,101,8189,3,0,419,3,3.48717,3840,396,4819,0
942,1.55187,104,0,3,0,135.088,104,8189,3,0,377,3,2.79006,3843,399,4822,0
1063,1.75145,107,0,3,0,99.421,108,8189,3,0,383,3,4.01123,3846,402,4825,0
1043,1.71839,112,0,3,0,97.168,112,8189,3,0,418,3,3.85962,3849,405,4828,0
1151,1.89628,116,0,1,0,81.044,116,8189,1,0,522,1,2.77358,3850,406,4829,0
973,1.60307,119,0,5,0,105.888,119,8189,5,0,317,5,3.20042,3855,411,4834,0
1049,1.72826,113,0,2,0,83.394,122,8191,2,0,418,2,3.49541,3857,413,4836,0
1152,1.89793,120,0,5,0,92.634,125,8189,5,0,347,5,3.57286,3862,418,4841,0
1067,1.75802,126,0,6,0,109.061,128,8191,6,0,345,6,4.17438,3868,424,4847,0
1020,1.68056,130,0,9,0,104.392,130,8191,9,0,322,9,4.12494,3877,433,4856,0
1078,1.77602,121,0,3,0,78.449,133,8189,3,0,296,3,3.63219,3880,436,4859,0
1005,1.65575,135,0,140,0,79.163,2,8189,109,0,315,5,4.09034,3989,441,4999,0
751,1.23736,70,0,1,0,55.482,70,8187,32,0,299,1,4.17603,4021,442,5000,0
988,1.62776,76,0,2,0,91.684,76,8191,2,0,422,2,3.06693,4023,444,5002,0
932,1.53546,81,0,1,0,70.608,81,8189,1,0,434,1,2.84774,4024,445,5003,0
965,1.58988,86,0,2,0,97.176,86,8189,2,0,446,2,2.94662,4026,447,5005,0
999,1.646,90,0,5,0,79.132,91,8191,4,0,414,5,3.64867,4030,452,5010,0
913,1.50417,50,0,93,0,30.469,50,8187,94,0,346,1,3.06198,4124,453,5103,0
1015,1.67227,59,0,0,0,65.056,59,8189,0,0,510,0,2.69118,4124,453,5103,0
923,1.52057,67,0,0,0,52.862,67,8189,0,0,463,0,3.21854,4124,453,5103,0
780,1.28503,72,0,0,0,122.505,72,8189,0,0,392,0,3.35533,4124,453,5103,0
1031,1.69859,79,0,1,0,85.627,79,8189,1,0,482,1,2.73733,4125,454,5104,0
1101,1.81399,85,0,1,0,80.181,85,8189,1,0,517,1,2.73568,4126,455,5105,0
991,1.63276,90,0,2,0,128.159,90,8191,2,0,416,2,3.57781,4128,457,5107,0
1173,1.9327,92,0,1,0,74.617,95,8189,1,0,545,1,2.90542,4129,458,5108,0
994,1.63762,98,0,2,0,111.172,100,8191,2,0,405,2,5.9773,4131,460,5110,0
1005,1.65581,104,0,3,0,70.578,104,8191,3,0,405,3,3.60088,4134,463,5113,0
1025,1.68876,107,0,4,0,68.121,107,8191,4,0,368,4,3.85467,4138,467,5117,0
1168,1.92371,107,0,1,0,80.805,112,8189,1,0,537,1,3.34544,4139,468,5118,0
1066,1.75637,115,0,5,0,85.224,115,8189,5,0,368,5,3.76403,4144,473,5123,0
1068,1.75934,113,0,5,0,104.056,119,8189,5,0,426,5,2.82632,4149,478,5128,0
1066,1.75599,93,0,1,0,101.758,123,8189,1,0,492,1,3.1724,4150,479,5129,0
1027,1.69194,116,0,4,0,107.246,126,8189,4,0,383,4,3.1279,4154,483,5133,0
1069,1.761,129,0,5,0,103.027,129,8191,5,0,408,5,3.24821,4159,488,5138,0
1140,1.87819,120,0,8,0,79.363,132,8187,8,0,385,8,3.48222,4167,496,5146,0
981,1.61627,131,0,0,0,148.036,136,8189,0,0,491,0,5.62298,4167,496,5146,0
1117,1.83974,104,0,4,0,90.61,139,8101,4,0,407,4,5.73834,4171,500,5150,0
1061,1.74782,141,0,5,0,81.487,141,8190,5,0,315,5,4.95389,4176,505,5155,0
1171,1.92933,138,0,5,0,91.194,143,8189,5,0,329,5,3.74096,4181,510,5160,0
1025,1.68871,145,0,5,0,101.704,145,8187,5,0,302,5,2.39949,4186,515,5165,0
1011,1.66566,145,0,2,0,99.842,148,8187,2,0,439,2,5.86358,4188,517,5167,0
1016,1.674,11,0,155,0,111.2,11,8190,26,0,311,5,6.32832,4214,522,5322,0
848,1.39707,78,0,3,0,74.306,78,8190,3,0,333,3,3.69317,4217,525,5325,0
1062,1.74973,84,0,1,0,87.632,84,8187,1,0,458,1,3.79864,4218,526,5326,0
948,1.56185,89,0,2,0,69.071,89,8191,2,0,434,2,2.7225,4220,528,5328,0
1078,1.776,91,0,4,0,71.411,93,8191,4,0,409,4,3.49541,4224,532,5332,0
1067,1.7579,86,0,2,0,73.102,98,8187,2,0,497,2,4.62099,4226,534,5334,0
886,1.4597,5,0,104,0,79.124,5,8191,43,0,329,2,4.03266,4269,536,5438,0
231,0.380565,15,0,5,0,46.089,15,8189,5,0,115,0,2.60054,4274,536,5443,0
388,0.639233,25,0,0,0,43.238,25,8189,0,0,199,0,2.89718,4274,536,5443,0
530,0.873192,34,0,0,0,88.033,34,8181,0,0,265,0,3.18229,4274,536,5443,0
578,0.952302,41,0,0,0,68.781,41,8187,0,0,292,0,3.10318,4274,536,5443,0
795,1.30986,50,0,0,0,43.596,50,8189,0,0,400,0,4.27491,4274,536,5443,0
1066,1.75636,60,0,0,0,49.453,60,8189,0,0,532,0,3.67669,4274,536,5443,0
946,1.55839,66,0,2,0,62.891,66,8189,2,0,417,2,4.36555,4276,538,5445,0
993,1.63608,73,0,1,0,75.067,73,8189,1,0,465,1,4.63582,4277,539,5446,0
942,1.55198,78,0,2,0,62.891,78,8189,2,0,401,2,3.11802,4279,541,5448,0
1062,1.74968,84,0,1,0,84.314,84,8187,1,0,496,1,3.30424,4280,542,5449,0
1024,1.6872,89,0,3,0,68.822,89,8189,3,0,388,3,2.96805,4283,545,5452,0
950,1.56509,93,0,3,0,101.898,93,8187,3,0,391,3,3.07022,4286,548,5455,0
998,1.64419,97,0,2,0,83.664,97,8189,2,0,406,2,2.83291,4288,550,5457,0
1064,1.75312,102,0,2,0,59.143,102,8189,2,0,443,2,4.23536,4290,552,5459,0
884,1.45643,105,0,4,0,106.27,105,8190,4,0,298,4,2.83291,4294,556,5463,0
857,1.41199,4,0,109,0,94.983,4,8189,107,0,281,2,2.89883,4401,558,5572,0
731,1.20436,58,0,0,0,46.914,58,8190,0,0,347,0,3.11966,4401,558,5572,0
880,1.44971,65,0,0,0,82.196,65,8189,0,0,443,0,3.71789,4401,558,5572,0
873,1.43825,71,0,1,0,56.163,71,8189,1,0,405,1,3.31907,4402,559,5573,0
972,1.60142,77,0,1,0,73.017,77,8189,1,0,451,1,3.55968,4403,560,5574,0
756,1.24554,43,0,79,0,44.456,43,8189,79,0,322,1,2.32203,4482,561,5653,0
770,1.26862,51,0,0,0,68.255,51,8189,0,0,387,0,2.71755,4482,561,5653,0
889,1.46474,59,0,0,0,71.992,59,8187,0,0,446,0,2.89059,4482,561,5653,0
802,1.32137,65,0,1,0,65.535,65,8187,1,0,371,1,2.85104,4483,562,5654,0
903,1.48771,71,0,0,0,50.007,71,8189,0,0,453,0,3.73107,4483,562,5654,0
523,0.861608,37,0,74,0,79.081,37,8187,74,0,211,1,2.37642,4557,563,5728,0
809,1.33288,47,0,0,0,52.19,47,8189,0,0,409,0,3.15592,4557,563,5728,0
992,1.63451,56,0,0,0,59.335,56,8189,0,0,498,0,3.62725,4557,563,5728,0
794,1.30817,63,0,0,0,52.186,63,8185,0,0,401,0,4.35566,4557,563,5728,0
960,1.58162,70,0,1,0,52.92,70,8189,1,0,447,1,6.86392,4558,564,5729,0
900,1.48276,76,0,0,0,141.417,76,8189,0,0,453,0,3.68163,4558,564,5729,0
1023,1.68534,82,0,1,0,101.981,82,8189,1,0,485,1,3.92224,4559,565,5730,0
956,1.57516,86,0,3,0,62.189,86,8189,3,0,363,3,3.90741,4562,568,5733,0
1051,1.73164,92,0,0,0,76.099,92,8190,0,0,526,0,10.0874,4562,568,5733,0
1043,1.7184,97,0,2,0,68.581,97,8189,2,0,433,2,4.7825,4564,570,5735,0
1110,1.82874,101,0,5,0,75.367,101,8122,5,0,429,5,11.358,4569,575,5740,0
1051,1.73168,98,0,3,0,69.16,105,8189,3,0,377,3,3.60747,4572,578,5743,0
1034,1.70354,108,0,3,0,71.319,108,8190,3,0,373,3,3.05704,4575,581,5746,0
658,1.08407,56,0,110,0,82.725,56,8189,106,0,254,1,4.66878,4681,582,5856,0
1002,1.65083,64,0,1,0,40.274,64,8191,1,0,475,1,3.23832,4682,583,5857,0
998,1.64438,71,0,0,0,76.391,71,8187,0,0,501,0,2.98123,4682,583,5857,0
989,1.62944,77,0,2,0,60.728,77,8189,2,0,428,2,3.48552,4684,585,5859,0
1056,1.7398,82,0,5,0,64.87,82,8189,5,0,415,5,3.79864,4689,590,5864,0
1057,1.7414,87,0,2,0,68.286,87,8189,2,0,451,2,2.86917,4691,592,5866,0
1054,1.73644,85,0,4,0,68.067,92,8189,4,0,402,4,3.42619,4695,596,5870,0
1130,1.8618,96,0,4,0,65.228,97,8189,4,0,471,4,4.13483,4699,600,5874,0
1180,1.94428,102,0,3,0,64.017,102,8187,3,0,497,3,2.64339,4702,603,5877,0
1039,1.71186,106,0,3,0,90.444,106,8189,3,0,422,3,3.06034,4705,606,5880,0
1008,1.66084,57,0,108,0,51.348,57,8191,108,0,382,1,3.57616,4813,607,5988,0
964,1.58826,65,0,0,0,57.478,65,8189,0,0,485,0,2.81973,4813,607,5988,0
1106,1.82216,72,0,1,0,53.314,72,8189,1,0,527,1,3.65032,4814,608,5989,0
983,1.61962,79,0,1,0,65.119,79,8189,1,0,461,1,3.8283,4815,609,5990,0
1082,1.78272,84,0,3,0,67.511,84,8187,3,0,427,3,4.93082,4818,612,5993,0
1030,1.69694,88,0,2,0,63.181,89,8189,2,0,433,2,3.1691,4820,614,5995,0
975,1.60635,93,0,4,0,70.97,93,8189,4,0,364,4,3.03067,4824,618,5999,0
953,1.57001,96,0,6,0,68.431,96,8187,6,0,338,6,3.28117,4830,624,6005,0
1122,1.84851,101,0,3,0,86.682,101,8190,3,0,476,3,2.90378,4833,627,6008,0
1168,1.92432,104,0,7,0,75.861,105,8087,7,0,360,7,2.90048,4840,634,6015,0
683,1.12527,54,0,106,0,49.436,54,8189,106,0,268,1,3.97827,4946,635,6121,0
920,1.51574,5,0,62,0,54.016,5,8189,62,0,429,1,2.87246,5008,636,6183,0
632,1.0411,38,0,0,0,37.877,38,8189,0,0,306,0,3.04386,5008,636,6183,0
879,1.44812,48,0,0,0,88.611,48,8189,0,0,440,0,3.55803,5008,636,6183,0
905,1.49109,56,0,0,0,36.116,56,8189,0,0,453,0,2.67306,5008,636,6183,0
1042,1.71682,65,0,1,0,45.668,65,8189,1,0,493,1,2.81314,5009,637,6184,0
638,1.05113,37,0,66,0,65.256,37,8189,66,0,274,1,3.37675,5075,638,6250,0
787,1.29667,47,0,0,0,43.83,47,8189,0,0,396,0,3.44267,5075,638,6250,0
932,1.53562,56,0,0,0,53.677,56,8189,0,0,467,0,3.54814,5075,638,6250,0
1027,1.69206,64,0,1,0,45.222,64,8189,1,0,489,1,3.07682,5076,639,6251,0
1115,1.83708,72,0,0,0,55.213,72,8189,0,0,558,0,4.77755,5076,639,6251,0
944,1.5553,78,0,2,0,63.209,78,8189,2,0,433,2,4.51058,5078,641,6253,0
1015,1.67226,83,0,2,0,72.828,83,8191,2,0,435,2,2.62362,5080,643,6255,0
1157,1.90638,87,0,1,0,81.636,89,8189,1,0,501,1,3.38334,5081,644,6256,0
1019,1.67879,93,0,4,0,68.511,93,8190,4,0,421,4,3.31907,5085,648,6260,0
900,1.48283,52,0,93,0,41.157,52,8189,93,0,387,0,2.96475,5178,648,6353,0
994,1.63769,61,0,0,0,50.848,61,8189,0,0,499,0,3.708,5178,648,6353,0
992,1.63445,69,0,0,0,57.926,69,8189,0,0,497,0,4.06726,5178,648,6353,0
767,1.26367,37,0,73,0,46.92,37,8189,73,0,336,1,12.4078,5251,649,6426,0
923,1.5207,48,0,0,0,43.53,48,8189,0,0,462,0,3.76898,5251,649,6426,0
895,1.47458,57,0,0,0,43.239,57,8189,0,0,449,0,2.88565,5251,649,6426,0
954,1.5717,64,0,0,0,44.102,64,8189,0,0,477,0,3.04386,5251,649,6426,0
1009,1.66226,72,0,0,0,50.236,72,8189,0,0,507,0,3.09659,5251,649,6426,0
1107,1.82393,79,0,1,0,75.534,79,8191,1,0,519,1,3.51683,5252,650,6427,0
1042,1.7167,82,0,2,0,80.709,84,8187,2,0,450,2,3.24491,5254,652,6429,0
727,1.19776,33,0,90,0,43.358,33,8189,46,0,327,2,30.4089,5300,654,6519,0
889,1.46465,52,0,0,0,51.681,52,8189,0,0,440,0,10.4582,5300,654,6519,0
816,1.34431,60,0,0,0,54.06,60,8189,0,0,412,0,2.7637,5300,654,6519,0
1105,1.82047,68,0,0,0,55.249,68,8187,0,0,552,0,3.11637,5300,654,6519,0
953,1.57003,74,0,1,0,70.322,74,8189,1,0,443,1,2.65987,5301,655,6520,0
1056,1.73979,81,0,1,0,70.158,81,8172,1,0,492,1,4.19086,5302,656,6521,0
982,1.61786,86,0,1,0,55.138,86,8191,1,0,451,1,3.18064,5303,657,6522,0
985,1.62284,90,0,3,0,60.944,90,8189,3,0,376,3,3.89917,5306,660,6525,0
1037,1.70858,95,0,2,0,73.605,95,8189,2,0,430,2,3.09989,5308,662,6527,0
981,1.61624,100,0,1,0,77.366,100,8190,1,0,497,1,3.0933,5309,663,6528,0
969,1.59643,103,0,4,0,87.917,103,8189,4,0,289,4,3.46245,5313,667,6532,0
940,1.54875,106,0,3,0,85.886,106,8190,3,0,371,3,3.12296,5316,670,6535,0
1095,1.80409,110,0,2,0,98.598,110,8189,2,0,396,2,3.58934,5318,672,6537,0
982,1.6179,102,0,0,0,101.738,114,8189,0,0,502,0,5.91302,5318,672,6537,0
1032,1.7004,115,0,6,0,90.256,117,8189,6,0,342,6,3.11307,5324,678,6543,0
1079,1.77749,121,0,3,0,82.927,121,8189,3,0,429,3,2.83291,5327,681,6546,0
1176,1.93749,122,0,4,0,98.668,124,8189,4,0,412,4,3.05704,5331,685,6550,0
974,1.60469,127,0,7,0,137.772,127,8189,7,0,364,7,3.31248,5338,692,6557,0
1146,1.888,103,0,3,0,87.43,130,8061,3,0,339,3,3.64208,5341,695,6560,0
1120,1.84523,133,0,4,0,108.267,133,8187,4,0,419,4,2.6401,5345,699,6564,0
1139,1.87652,125,0,5,0,76.417,136,8189,5,0,393,5,2.85269,5350,704,6569,0
1046,1.72342,138,0,5,0,114.221,138,8189,5,0,319,5,17.0683,5355,709,6574,0
1113,1.83369,141,0,5,0,107.243,141,8189,5,0,409,5,2.9285,5360,714,6579,0
1158,1.90765,103,0,5,0,117.521,143,8130,5,0,323,5,3.28446,5365,719,6584,0
585,0.963753,13,0,218,0,107.164,13,8187,194,0,174,1,2.44398,5559,720,6802,0
400,0.659013,23,0,0,0,21.495,23,8187,0,0,202,0,2.5544,5559,720,6802,0
451,0.743076,32,0,0,0,42.751,32,8188,0,0,227,0,2.75216,5559,720,6802,0
839,1.38229,43,0,0,0,37.993,43,8189,0,0,421,0,2.86917,5559,720,6802,0
585,0.96383,49,0,0,0,53.128,49,8187,0,0,297,0,4.70834,5559,720,6802,0
589,0.970454,55,0,0,0,118.494,55,8189,0,0,297,0,3.296,5559,720,6802,0
893,1.47125,62,0,0,0,64.102,62,8189,0,0,450,0,3.26304,5559,720,6802,0
905,1.49089,69,0,0,0,59.817,69,8189,0,0,456,0,2.91696,5559,720,6802,0
919,1.51418,75,0,1,0,40.636,75,8189,1,0,429,1,2.7604,5560,721,6803,0
793,1.30652,80,0,1,0,108.466,80,8187,1,0,365,1,2.65987,5561,722,6804,0
1066,1.75627,85,0,4,0,65.551,85,8190,4,0,455,4,3.59758,5565,726,6808,0
817,1.34607,90,0,0,0,76.959,90,8187,0,0,368,0,2.97134,5565,726,6808,0
983,1.61951,94,0,2,0,65.062,94,8190,2,0,410,2,3.36522,5567,728,6810,0
957,1.57679,98,0,1,0,110.668,98,8189,1,0,437,1,3.77392,5568,729,6811,0
865,1.42509,102,0,2,0,118.441,102,8187,2,0,387,2,3.18888,5570,731,6813,0
992,1.63429,107,0,2,0,94.749,107,8189,2,0,448,2,4.33424,5572,733,6815,0
972,1.60149,111,0,2,0,73.735,111,8189,2,0,436,2,3.77557,5574,735,6817,0
1071,1.76464,114,0,4,0,89.253,114,8189,4,0,428,4,2.99606,5578,739,6821,0
835,1.37571,59,0,117,0,47.149,59,8191,106,0,340,1,3.03397,5684,740,6938,0
921,1.51721,67,0,0,0,61.642,67,8189,0,0,461,0,3.27458,5684,740,6938,0
993,1.63595,73,0,1,0,53.182,73,8190,1,0,471,1,3.18064,5685,741,6939,0
910,1.49935,79,0,0,0,64.337,79,8189,0,0,458,0,3.35698,5685,741,6939,0
1057,1.74152,85,0,2,0,80.486,85,8187,2,0,454,2,4.16285,5687,743,6941,0
1006,1.65748,90,0,4,0,65.834,90,8189,4,0,417,4,2.95157,5691,747,6945,0
1070,1.76296,94,0,2,0,117.038,94,8187,2,0,452,2,3.63219,5693,749,6947,0
936,1.54211,98,0,3,0,76.641,98,8190,3,0,376,3,5.15165,5696,752,6950,0
1139,1.87653,103,0,4,0,72.392,103,8187,4,0,427,4,2.61208,5700,756,6954,0
1105,1.8206,107,0,3,0,90.75,107,8190,3,0,456,3,3.5844,5703,759,6957,0
1009,1.66221,111,0,1,0,126.164,111,8189,1,0,458,1,3.99146,5704,760,6958,0
854,1.40704,58,0,113,0,100.431,58,8134,106,0,351,1,2.4308,5810,761,7071,0
851,1.40189,65,0,0,0,92.169,65,8189,0,0,428,0,2.74886,5810,761,7071,0
1057,1.74148,72,0,1,0,69.314,72,8189,1,0,497,1,4.04749,5811,762,7072,0
822,1.35434,3,0,79,0,67.541,3,8115,79,0,304,3,3.56298,5890,765,7151,0
744,1.22577,45,0,0,0,55.502,45,8189,0,0,361,0,2.73568,5890,765,7151,0
898,1.47953,54,0,0,0,49.743,54,8189,0,0,454,0,3.60582,5890,765,7151,0
854,1.40715,62,0,0,0,70.751,62,8189,0,0,432,0,13.0588,5890,765,7151,0
983,1.61952,69,0,1,0,46.444,69,8191,1,0,472,1,3.01254,5891,766,7152,0
1017,1.67546,76,0,0,0,70.122,76,8189,0,0,509,0,2.12922,5891,766,7152,0
953,1.57015,80,0,0,0,75.535,82,8189,0,0,482,0,4.89456,5891,766,7152,0
993,1.63598,86,0,3,0,63.435,86,8189,3,0,379,3,3.47234,5894,769,7155,0
1025,1.68884,91,0,4,0,71.682,91,8189,4,0,388,4,3.75909,5898,773,7159,0
1071,1.76464,88,0,2,0,115.778,96,8189,2,0,496,2,2.7637,5900,775,7161,0
915,1.50752,99,0,6,0,74.064,99,8189,6,0,313,6,3.08835,5906,781,7167,0
942,1.55192,100,0,1,0,98.195,103,8189,1,0,426,1,4.52211,5907,782,7168,0
1078,1.77618,108,0,3,0,75.672,108,8187,3,0,440,3,3.3339,5910,785,7171,0
1039,1.71187,103,0,6,0,92.805,110,8189,6,0,316,6,3.82006,5916,791,7177,0
1015,1.67234,114,0,3,0,77.123,114,8189,3,0,355,3,3.29106,5919,794,7180,0
1141,1.87996,114,0,2,0,75.118,118,8189,2,0,461,2,2.42586,5921,796,7182,0
1010,1.66415,120,0,4,0,98.788,120,8191,4,0,336,4,6.91501,5925,800,7186,0
1155,1.90291,124,0,5,0,85.766,124,8187,5,0,406,5,2.97134,5930,805,7191,0
1007,1.65905,117,0,4,0,68.444,126,8191,4,0,331,4,3.02243,5934,809,7195,0
1074,1.76942,128,0,4,0,86.268,129,8191,4,0,348,4,3.09494,5938,813,7199,0
966,1.59147,130,0,3,0,89.576,132,8191,3,0,359,3,2.85598,5941,816,7202,0
969,1.59647,134,0,6,0,81.988,134,8190,6,0,295,6,3.32731,5947,822,7208,0
1158,1.90799,133,0,6,0,106.479,136,8191,6,0,323,6,2.70602,5953,828,7214,0
1110,1.82878,103,0,5,0,91.943,139,8052,5,0,385,5,2.94498,5958,833,7219,0
1075,1.77117,134,0,5,0,103.408,141,8186,5,0,321,5,3.20536,5963,838,7224,0
1153,1.89964,144,0,6,0,72.279,144,8189,6,0,331,6,2.88894,5969,844,7230,0
1039,1.71186,118,0,7,0,120.172,146,8189,7,0,322,7,4.92422,5976,851,7237,0
1073,1.76779,148,0,8,0,73.782,148,8189,8,0,306,8,2.9219,5984,859,7245,0
1134,1.86844,147,0,5,0,112.29,150,8189,5,0,318,5,3.86786,5989,864,7250,0
1110,1.82893,152,0,4,0,104.793,152,8189,4,0,307,4,3.28611,5993,868,7254,0
1123,1.85025,151,0,4,0,45.332,154,8187,4,0,317,4,3.40806,5997,872,7258,0
1061,1.74804,155,0,7,0,133.217,156,8191,7,0,300,7,4.99344,6004,879,7265,0
1134,1.86849,158,0,9,0,97.948,158,8191,9,0,299,9,2.94003,6013,888,7274,0
1050,1.72993,158,0,3,0,109.879,160,8189,3,0,261,3,9.59136,6016,891,7277,0
1180,1.94419,162,0,5,0,82.724,162,8187,5,0,390,5,3.83984,6021,896,7282,0
945,1.55703,83,0,164,0,74.096,83,8187,148,0,324,2,3.62395,6169,898,7446,0
905,1.4911,88,0,1,0,95.684,88,8189,1,0,419,1,6.6777,6170,899,7447,0
1012,1.66727,92,0,4,0,72.084,92,8100,4,0,340,4,2.93674,6174,903,7451,0
889,1.46449,97,0,1,0,84.915,97,8190,1,0,447,1,2.25776,6175,904,7452,0
1110,1.82872,95,0,4,0,72.15,101,8189,4,0,419,4,3.18064,6179,908,7456,0
874,1.44,14,0,110,0,76.631,3,8101,86,0,298,7,2.77194,6265,915,7566,0
770,1.26861,57,0,0,0,61.245,57,8189,0,0,364,0,3.07352,6265,915,7566,0
901,1.48454,65,0,0,0,92.711,65,8189,0,0,452,0,2.2627,6265,915,7566,0
989,1.62949,72,0,0,0,68.107,72,8189,0,0,495,0,63.0129,6265,915,7566,0
1047,1.72498,79,0,0,0,67.09,79,8189,0,0,526,0,3.26634,6265,915,7566,0
1051,1.73154,82,0,0,0,63.73,85,8189,0,0,531,0,2.66152,6265,915,7566,0
960,1.5817,89,0,4,0,83.151,89,8189,4,0,354,4,3.73602,6269,919,7570,0
769,1.26696,46,0,92,0,68.272,46,8189,92,0,279,1,3.76238,6361,920,7662,0
822,1.35438,54,0,0,0,46.996,54,8189,0,0,414,0,3.61736,6361,920,7662,0
817,1.34596,61,0,0,0,45.712,61,8189,0,0,411,0,2.23963,6361,920,7662,0
1034,1.70366,69,0,0,0,69.106,69,8189,0,0,518,0,4.9852,6361,920,7662,0
1013,1.66897,76,0,1,0,101.072,76,8189,1,0,473,1,3.48717,6362,921,7663,0
944,1.55536,81,0,1,0,91.636,81,8189,1,0,438,1,2.79336,6363,922,7664,0
1028,1.69383,84,0,2,0,53.491,86,8189,2,0,436,2,2.70766,6365,924,7666,0
1091,1.79747,91,0,1,0,80.403,92,8189,1,0,507,1,4.46114,6366,925,7667,0
173,0.285022,6,0,99,0,70.878,6,8187,99,0,37,1,3.08011,6465,926,7766,0
316,0.520601,19,0,0,0,27.6,19,8189,0,0,163,0,2.884,6465,926,7766,0
664,1.09401,32,0,0,0,35.624,32,8189,0,0,331,0,3.13614,6465,926,7766,0
782,1.28838,42,0,0,0,40.437,42,8189,0,0,392,0,3.6223,6465,926,7766,0
773,1.27366,48,0,0,0,37.698,50,8189,0,0,393,0,3.20042,6465,926,7766,0
967,1.59323,59,0,0,0,86.99,59,8189,0,0,483,0,3.41795,6465,926,7766,0
800,1.31783,66,0,0,0,86.379,66,8187,0,0,404,0,3.09659,6465,926,7766,0
1045,1.72133,73,0,0,0,59.823,73,8187,0,0,525,0,3.60582,6465,926,7766,0
1074,1.76898,79,0,3,0,60.033,79,8190,3,0,464,3,2.83291,6468,929,7769,0
1082,1.78228,84,0,3,0,71.148,84,8189,3,0,391,3,3.41301,6471,932,7772,0
1026,1.69004,90,0,1,0,62.919,90,8189,1,0,517,1,3.61736,6472,933,7773,0
748,1.23243,50,0,90,0,35.382,50,8189,90,0,313,0,3.72942,6562,933,7863,0
760,1.25211,57,0,0,0,44.928,57,8189,0,0,382,0,3.08011,6562,933,7863,0
988,1.62773,65,0,0,0,46.591,65,8187,0,0,498,0,2.75546,6562,933,7863,0
1034,1.70357,73,0,0,0,58.813,73,8189,0,0,521,0,3.93542,6562,933,7863,0
1065,1.75474,79,0,1,0,68.222,79,8189,1,0,498,1,3.14109,6563,934,7864,0
1037,1.70862,85,0,2,0,71.472,85,8189,2,0,446,2,3.89917,6565,936,7866,0
795,1.30993,89,0,1,0,72.964,89,8190,1,0,400,1,4.7792,6566,937,7867,0
1037,1.7086,56,0,2,0,76.945,94,8098,2,0,413,2,3.53661,6568,939,7869,0
717,1.18133,50,0,95,0,43.531,50,8189,95,0,277,1,6.70406,6663,940,7964,0
958,1.57839,59,0,0,0,37.008,59,8189,0,0,481,0,4.02606,6663,940,7964,0
1099,1.81071,67,0,0,0,49.744,67,8189,0,0,551,0,2.75381,6663,940,7964,0
980,1.61458,73,0,3,0,73.183,73,8189,3,0,391,3,3.02243,6666,943,7967,0
1009,1.66239,79,0,3,0,69.195,79,8189,3,0,434,3,3.45256,6669,946,7970,0
1105,1.82047,82,0,3,0,58.491,84,8189,3,0,437,3,2.88565,6672,949,7973,0
650,1.07094,43,0,88,0,58.232,43,8189,88,0,224,2,3.76733,6760,951,8061,0
850,1.40047,52,0,0,0,51.425,52,8189,0,0,426,0,2.96475,6760,951,8061,0
765,1.26045,59,0,0,0,54.817,59,8190,0,0,385,0,3.14933,6760,951,8061,0
875,1.44085,64,0,0,0,46.217,66,8189,0,0,439,0,3.50859,6760,951,8061,0
873,1.43828,72,0,0,0,91.198,72,8187,0,0,441,0,3.27128,6760,951,8061,0
1062,1.74977,79,0,1,0,64.529,79,8189,1,0,496,1,2.91531,6761,952,8062,0
1038,1.70885,85,0,0,0,68.806,85,8189,0,0,520,0,3.43608,6761,952,8062,0
1199,1.97546,91,0,3,0,73.501,91,8189,3,0,517,3,3.28941,6764,955,8065,0
728,1.19944,30,0,95,0,55.448,30,8189,95,0,216,2,9.5963,6859,957,8160,0
439,0.723263,25,0,30,0,37.208,25,8189,30,0,215,0,4.05243,6889,957,8190,0
624,1.02801,35,0,0,0,48.671,35,8189,0,0,313,0,4.4117,6889,957,8190,0
749,1.23376,44,0,0,0,61.606,44,8189,0,0,378,0,3.49376,6889,957,8190,0
699,1.1517,52,0,0,0,83.262,52,8189,0,0,350,0,3.11142,6889,957,8190,0
628,1.03428,57,0,0,0,102.877,57,8189,0,0,318,0,3.5844,6889,957,8190,0
493,0.812267,62,0,0,0,132.243,62,8189,0,0,254,0,3.36522,6889,957,8190,0
377,0.621122,65,0,0,0,162.404,65,8191,0,0,195,0,3.18723,6889,957,8190,0
840,1.3838,70,0,2,0,58.445,70,8189,2,0,389,2,7.37974,6891,959,8192,0
1035,1.70527,77,0,0,0,70.754,77,8191,0,0,486,0,3.26798,6891,959,8192,0
1146,1.8882,84,0,0,0,55.767,84,8189,0,0,577,0,3.08011,6891,959,8192,0
881,1.45142,4,0,94,0,74.222,4,8189,94,0,397,1,2.41597,6985,960,8286,0
272,0.448139,16,0,0,0,29.586,16,8189,0,0,133,0,2.83291,6985,960,8286,0


