SendPacket,SendRate(Mb/s),FlightSize,ReceiveRate(Mb/s),Send Loss,Recv Loss,RTT(ms),CWnd,FlowWindow,Retrans,PktSndPeriod(us),RecvACK,RecvNAK,EstimatedBandwidth(Mb/s),Retrans_Total,NAK_TotalRecv,Total Send Loss,Total Recv Loss
256,1.76103,21,0,55,0,92.883,21,8189,55,0,70,2,6.1184,55,2,55,0
348,2.66053,31,0,2,0,71.697,31,8189,2,0,150,2,5.09357,57,4,57,0
224,1.71277,9,0,37,0,82.578,9,8191,37,0,80,4,4.09933,94,8,94,0
310,2.37036,21,0,0,0,56.095,23,8191,0,0,154,0,3.13568,94,8,94,0
235,1.79671,3,0,31,0,85.097,3,8189,31,0,102,1,3.12038,125,9,125,0
158,1.20799,13,0,0,0,55.26,13,8189,0,0,83,0,2.92154,125,9,125,0
310,2.37039,22,0,0,0,61.22,22,8189,0,0,158,0,3.4263,125,9,125,0
347,2.65308,28,0,2,0,66.688,28,8189,2,0,164,2,3.51808,127,11,127,0
346,2.64546,33,0,4,0,77.278,33,8189,4,0,147,4,4.07638,131,15,131,0
329,2.51526,36,0,7,0,82.879,36,8191,7,0,110,7,4.35936,138,22,138,0
318,2.43144,39,0,5,0,104.255,39,8189,5,0,100,5,4.18346,143,27,143,0
292,2.23246,22,0,42,0,62.397,22,8189,42,0,100,2,4.33642,185,29,185,0
324,2.47733,27,0,5,0,73.82,27,8189,5,0,130,5,3.35747,190,34,190,0
333,2.54606,32,0,4,0,82.754,32,8189,4,0,141,4,2.68445,194,38,194,0
294,2.24787,7,0,37,0,95.706,7,8189,37,0,103,2,2.34029,231,40,231,0
305,2.33196,23,0,1,0,56.458,23,8189,1,0,141,1,2.31734,232,41,232,0
318,2.43152,29,0,1,0,75.848,29,8189,1,0,150,1,3.97696,233,42,233,0
341,2.60728,33,0,6,0,74.54,33,8189,6,0,123,6,4.10698,239,48,239,0
327,2.50017,36,0,5,0,96.691,36,8191,5,0,122,5,3.31158,244,53,244,0
343,2.62262,6,0,44,0,87.85,6,8189,44,0,100,5,2.94448,288,58,288,0
347,2.65258,25,0,0,0,55.982,26,8189,0,0,172,0,3.53338,288,58,288,0
294,2.24787,3,0,32,0,65.443,3,8162,32,0,111,3,4.51232,320,61,320,0
170,1.29984,13,0,3,0,42.289,13,8189,3,0,88,0,4.83354,323,61,323,0
309,2.36259,22,0,0,0,49.11,22,8189,0,0,157,0,4.94826,323,61,323,0
273,2.08735,16,0,25,0,44.897,16,8189,25,0,125,1,3.16627,348,62,348,0
311,2.37789,24,0,2,0,63.616,24,8189,2,0,148,2,2.47795,350,64,350,0
326,2.49266,29,0,2,0,74.976,29,8189,2,0,142,2,2.6768,352,66,352,0
324,2.47728,33,0,4,0,78.269,33,8188,4,0,138,4,2.8833,356,70,356,0
315,2.40842,37,0,1,0,88.016,37,8190,1,0,131,1,3.33453,357,71,357,0
310,2.37011,21,0,41,0,52.159,21,8189,41,0,103,3,3.43395,398,74,398,0
349,2.66815,28,0,0,0,61.719,28,8189,0,0,176,0,3.2657,398,74,398,0
314,2.39974,32,0,3,0,86.77,32,8190,3,0,135,3,3.12038,401,77,401,0
259,1.98027,21,0,32,0,51.805,21,8189,32,0,109,0,3.21216,433,77,433,0
291,2.22498,26,0,2,0,61.234,26,8189,2,0,128,2,3.28864,435,79,435,0
353,2.69903,31,0,4,0,72.706,31,8190,4,0,141,4,3.94637,439,83,439,0
187,1.42977,9,0,36,0,35.559,9,8189,36,0,61,1,4.26758,475,84,475,0
295,2.25563,19,0,0,0,64.952,19,8189,0,0,148,0,4.09933,475,84,475,0
333,2.54603,26,0,1,0,59.976,26,8189,1,0,156,1,4.29053,476,85,476,0
277,2.11709,15,0,30,0,77.898,15,8189,30,0,122,1,3.9999,506,86,506,0
320,2.44664,23,0,0,0,57.757,23,8190,0,0,163,0,4.22934,506,86,506,0
256,1.95738,15,0,27,0,47.778,15,8189,27,0,116,1,4.70352,533,87,533,0
274,2.09488,23,0,0,0,57.268,23,8189,0,0,140,0,5.03238,533,87,533,0
258,1.97262,14,0,27,0,44.569,14,8189,27,0,114,1,4.83354,560,88,560,0
332,2.53847,23,0,1,0,56.28,23,8191,1,0,168,1,3.95402,561,89,561,0
332,2.53836,28,0,2,0,66.218,28,8191,2,0,138,2,3.47984,563,91,563,0
334,2.55376,33,0,4,0,73.002,33,8189,4,0,130,4,3.48749,567,95,567,0
326,2.49262,36,0,5,0,75.638,36,8189,5,0,106,5,4.49702,572,100,572,0
301,2.30108,38,0,4,0,92.935,38,8191,4,0,100,4,4.40525,576,104,576,0
276,2.11028,41,0,7,0,116.271,41,8191,7,0,104,7,4.68058,583,111,583,0
345,2.63786,43,0,4,0,104.662,43,8189,4,0,97,4,4.43584,587,115,587,0
198,1.51386,23,0,44,0,66.283,23,8189,44,0,73,1,3.58691,631,116,631,0
266,2.03365,28,0,1,0,88.273,28,8189,1,0,127,1,3.66339,632,117,632,0
251,1.91921,32,0,0,0,105.385,32,8189,0,0,127,0,3.57162,632,117,632,0
292,2.23242,3,0,38,0,87.717,3,8191,38,0,100,3,3.90813,670,120,670,0
166,1.26926,20,0,0,0,74.886,20,8191,0,0,79,0,3.70163,670,120,670,0
327,2.50017,27,0,0,0,66.856,27,8191,0,0,169,0,4.0305,670,120,670,0
275,2.10259,31,0,3,0,116.706,31,8191,3,0,119,3,4.16051,673,123,673,0
404,3.08896,37,0,0,0,98.84,37,8189,0,0,207,0,4.06109,673,123,673,0
290,2.21746,40,0,1,0,107.67,40,8191,1,0,130,1,3.54867,674,124,674,0
323,2.46933,43,0,6,0,101.479,43,8191,6,0,103,6,3.93872,680,130,680,0
315,2.40836,45,0,6,0,106.378,45,8191,6,0,80,6,4.24464,686,136,686,0
320,2.44693,47,0,5,0,108.908,47,8189,5,0,95,5,4.87942,691,141,691,0
253,1.93448,48,0,5,0,124.994,48,8190,5,0,83,5,4.17581,696,146,696,0
390,2.98201,51,0,4,0,121.008,51,8191,4,0,130,4,3.59456,700,150,700,0
311,2.37774,53,0,4,0,130.95,53,8191,4,0,83,4,3.4263,704,154,704,0
326,2.49266,55,0,4,0,131.228,55,8189,4,0,116,4,3.48749,708,158,708,0
312,2.3855,56,0,6,0,142.623,57,8190,6,0,103,6,3.68634,714,164,714,0
272,2.07979,58,0,9,0,142.167,58,8191,9,0,83,9,4.14522,723,173,723,0
348,2.66087,60,0,11,0,113.057,60,8190,11,0,91,11,2.89859,734,184,734,0
374,2.85953,60,0,7,0,141.422,61,8184,7,0,74,7,2.76093,741,191,741,0
293,2.24021,62,0,8,0,117.033,62,8191,8,0,87,8,2.69974,749,199,749,0
211,1.61322,4,0,94,0,78.058,4,8189,91,0,50,1,3.62515,840,200,843,0
199,1.52152,19,0,0,0,84.35,19,8189,0,0,96,0,3.84694,840,200,843,0
284,2.17147,25,0,2,0,69.449,25,8167,2,0,122,2,3.64045,842,202,845,0
278,2.12554,29,0,3,0,74.456,29,8191,3,0,118,3,3.34982,845,205,848,0
220,1.68207,16,0,32,0,57.475,16,8191,32,0,89,1,3.18157,877,206,880,0
297,2.27098,24,0,0,0,66.917,24,8189,0,0,151,0,2.98272,877,206,880,0
287,2.19428,29,0,1,0,70.239,29,8191,1,0,135,1,4.29818,878,207,881,0
296,2.26314,33,0,1,0,83.861,33,8191,1,0,135,1,4.45878,879,208,882,0
308,2.35489,36,0,5,0,92.52,36,8191,5,0,108,5,4.4129,884,213,887,0
271,2.07198,39,0,6,0,115.882,39,8191,6,0,103,6,3.8393,890,219,893,0
290,2.21727,9,0,45,0,107.02,9,8191,45,0,83,4,3.64045,935,223,938,0
250,1.9114,4,0,25,0,57.189,4,8189,25,0,109,1,3.93872,960,224,963,0
246,1.88078,19,0,0,0,53.356,19,8189,0,0,123,0,3.41101,960,224,963,0
295,2.25549,26,0,0,0,64.68,26,8189,0,0,151,0,3.48749,960,224,963,0
263,2.01082,29,0,3,0,78.878,29,8190,3,0,111,3,3.62515,963,227,966,0
237,1.81205,32,0,3,0,81.676,32,8191,3,0,63,3,3.57162,966,230,969,0
313,2.39313,35,0,37,0,87.02,2,8191,37,0,128,2,4.09933,1003,232,1006,0
124,0.94807,11,0,3,0,49.447,11,8191,3,0,62,0,3.8393,1006,232,1009,0
248,1.89613,19,0,0,0,53.566,19,8189,0,0,126,0,3.17392,1006,232,1009,0
257,1.96505,25,0,0,0,101.129,25,8189,0,0,131,0,3.33453,1006,232,1009,0
278,2.12569,15,0,29,0,58.269,15,8189,29,0,125,1,3.28864,1035,233,1038,0
228,1.74334,22,0,0,0,93.594,22,8189,0,0,117,0,3.77811,1035,233,1038,0
317,2.42372,28,0,2,0,70.956,28,8190,2,0,152,2,3.6175,1037,235,1040,0
312,2.38549,32,0,1,0,77.019,32,8191,1,0,145,1,3.72458,1038,236,1041,0
149,1.13918,11,0,36,0,48.831,11,8191,36,0,59,1,4.6041,1074,237,1077,0
238,1.81963,18,0,1,0,58.173,18,8191,1,0,118,1,4.19875,1075,238,1078,0
259,1.98038,17,0,20,0,55.948,17,8189,20,0,128,0,4.27523,1095,238,1098,0
276,2.1103,24,0,0,0,75.153,24,8189,0,0,140,0,4.81824,1095,238,1098,0
324,2.4772,30,0,1,0,74.599,30,8190,1,0,166,1,4.43584,1096,239,1099,0
262,2.00317,20,0,30,0,65.386,20,8191,30,0,113,0,4.2064,1126,239,1129,0
326,2.49243,27,0,1,0,60.911,27,8191,1,0,156,1,3.96166,1127,240,1130,0
323,2.46955,31,0,3,0,76.863,31,8160,3,0,124,3,4.25229,1130,243,1133,0
303,2.31669,35,0,2,0,84.73,35,8189,2,0,123,2,3.6175,1132,245,1135,0
274,2.09508,22,0,36,0,61.09,22,8189,36,0,117,1,3.74752,1168,246,1171,0
300,2.29387,28,0,1,0,74.295,28,8189,1,0,154,1,3.86989,1169,247,1172,0
296,2.26326,31,0,3,0,73.943,31,8190,3,0,110,3,3.70928,1172,250,1175,0
247,1.88843,18,0,33,0,41.197,18,8191,33,0,89,1,4.09933,1205,251,1208,0
293,2.24017,25,0,0,0,67.064,25,8189,0,0,149,0,3.91578,1205,251,1208,0
251,1.91908,9,0,30,0,65.949,9,8189,30,0,112,1,3.77811,1235,252,1238,0
246,1.88088,20,0,0,0,57.063,20,8189,0,0,122,0,4.10698,1235,252,1238,0
300,2.29374,26,0,2,0,67.049,26,8189,2,0,134,2,4.25994,1237,254,1240,0
301,2.3014,31,0,2,0,79.851,31,8190,2,0,140,2,4.25229,1239,256,1242,0
300,2.2937,35,0,1,0,109.229,35,8191,1,0,128,1,4.52762,1240,257,1243,0
338,2.58426,38,0,4,0,110.574,38,8191,4,0,140,4,4.74941,1244,261,1247,0
301,2.30138,40,0,8,0,110.09,40,8189,8,0,77,8,2.86035,1252,269,1255,0
345,2.63777,43,0,7,0,96.142,43,8191,7,0,114,7,2.66915,1259,276,1262,0
284,2.17133,45,0,6,0,120.723,45,8189,6,0,83,6,3.58691,1265,282,1268,0
186,1.42215,23,0,47,0,71.971,23,8189,47,0,61,2,2.64621,1312,284,1315,0
325,2.48501,29,0,4,0,71.262,29,8191,4,0,153,4,3.0439,1316,288,1319,0
357,2.72966,34,0,1,0,87.672,34,8191,1,0,172,1,3.05155,1317,289,1320,0
272,2.07964,20,0,36,0,49.174,20,8189,36,0,100,1,3.60221,1353,290,1356,0
344,2.63037,27,0,0,0,61.133,27,8189,0,0,172,0,3.49514,1353,290,1356,0
308,2.35487,31,0,2,0,77.726,31,8190,2,0,132,2,3.17392,1355,292,1358,0
327,2.50016,9,0,37,0,91.295,9,8189,37,0,131,2,3.4416,1392,294,1395,0
323,2.46944,24,0,0,0,52.213,24,8189,0,0,159,0,3.4416,1392,294,1395,0
314,2.40077,30,0,0,0,88.966,30,8189,0,0,160,0,3.59456,1392,294,1395,0
334,2.5537,3,0,37,0,85.578,3,8158,37,0,138,3,3.38806,1429,297,1432,0
319,2.43907,23,0,0,0,49.252,23,8189,0,0,157,0,4.17581,1429,297,1432,0
272,2.07969,29,0,0,0,71.278,29,8189,0,0,141,0,4.51997,1429,297,1432,0
241,1.84263,33,0,1,0,113.92,33,8189,1,0,123,1,4.12992,1430,298,1433,0
317,2.4235,36,0,2,0,101.523,36,8191,2,0,114,2,3.62515,1432,300,1435,0
294,2.24804,22,0,38,0,47.981,22,8189,38,0,124,1,2.34794,1470,301,1473,0
266,2.03389,27,0,1,0,64.407,27,8191,1,0,125,1,2.27146,1471,302,1474,0
276,2.11029,31,0,2,0,85.575,31,8189,2,0,115,2,2.77622,1473,304,1476,0
290,2.21732,34,0,5,0,89.165,34,8191,5,0,110,5,2.95213,1478,309,1481,0
264,2.01848,19,0,36,0,71.216,19,8191,36,0,111,1,4.17581,1514,310,1517,0
297,2.27071,25,0,1,0,62.377,25,8189,1,0,141,1,4.24464,1515,311,1518,0
345,2.63778,31,0,1,0,76.538,31,8189,1,0,163,1,4.74176,1516,312,1519,0
275,2.1026,18,0,35,0,44.823,18,8189,5,0,122,2,4.63469,1521,314,1554,0
298,2.27845,25,0,0,0,62.895,25,8189,0,0,151,0,4.55821,1521,314,1554,0
266,2.03384,30,0,1,0,82.574,30,8190,1,0,139,1,4.29818,1522,315,1555,0
300,2.29378,34,0,1,0,119.866,34,8189,1,0,126,1,4.33642,1523,316,1556,0
298,2.27833,37,0,1,0,96.974,37,8189,1,0,139,1,4.40525,1524,317,1557,0
278,2.12552,23,0,39,0,53.899,23,8189,39,0,114,1,3.72458,1563,318,1596,0
282,2.15617,27,0,4,0,81.028,27,8175,4,0,117,4,3.64045,1567,322,1600,0
291,2.22487,6,0,33,0,74.415,6,8189,33,0,110,2,3.74752,1600,324,1633,0
156,1.19279,12,0,8,0,35.583,12,8191,8,0,77,0,3.73987,1608,324,1641,0
283,2.16382,21,0,0,0,56.021,21,8189,0,0,141,0,3.77046,1608,324,1641,0
289,2.20958,26,0,1,0,67.52,26,8189,1,0,136,1,3.4569,1609,325,1642,0
300,2.29378,31,0,3,0,97.949,31,8189,3,0,130,3,3.16627,1612,328,1645,0
254,1.94204,16,0,35,0,66.715,16,8191,35,0,94,2,3.09744,1647,330,1680,0
283,2.16388,23,0,0,0,94.768,23,8191,0,0,146,0,3.86989,1647,330,1680,0
311,2.37796,29,0,2,0,71.432,29,8190,2,0,146,2,4.64998,1649,332,1682,0
255,1.94966,18,0,30,0,77.074,18,8189,30,0,110,0,5.9119,1679,332,1712,0
288,2.20184,25,0,1,0,58.395,25,8189,1,0,136,1,4.50467,1680,333,1713,0
300,2.29371,30,0,0,0,83.954,30,8189,0,0,153,0,4.6041,1680,333,1713,0
357,2.72951,35,0,2,0,76.508,35,8191,2,0,163,2,3.79341,1682,335,1715,0
341,2.60727,38,0,4,0,85.319,38,8189,4,0,119,4,3.53338,1686,339,1719,0
327,2.50024,41,0,45,0,97.845,2,8191,45,0,109,4,4.10698,1731,343,1764,0
215,1.64376,23,0,1,0,71.566,23,8191,1,0,104,1,3.18922,1732,344,1765,0
293,2.24026,29,0,0,0,80.698,29,8189,0,0,135,0,3.30394,1732,344,1765,0
340,2.59978,34,0,2,0,88.784,34,8189,2,0,161,2,2.94448,1734,346,1767,0
212,1.62092,20,0,34,0,79.423,20,8189,34,0,88,0,3.2657,1768,346,1801,0
273,2.08734,26,0,0,0,88.353,26,8190,0,0,140,0,3.86989,1768,346,1801,0
296,2.26316,30,0,3,0,64.088,30,8162,3,0,109,3,4.40525,1771,349,1804,0
325,2.48486,35,0,1,0,77.95,35,8190,1,0,168,1,5.20064,1772,350,1805,0
320,2.44656,5,0,40,0,98.563,5,8190,40,0,130,1,5.37654,1812,351,1845,0
327,2.50032,25,0,0,0,63.642,25,8189,0,0,158,0,5.81248,1812,351,1845,0
332,2.53844,31,0,1,0,86.586,31,8189,1,0,157,1,5.70541,1813,352,1846,0
341,2.60726,3,0,37,0,78.998,3,8156,37,0,139,2,4.19875,1850,354,1883,0
291,2.22493,23,0,1,0,62.658,23,8190,1,0,140,1,4.30582,1851,355,1884,0
340,2.59959,29,0,1,0,65.933,29,8189,1,0,150,1,4.03814,1852,356,1885,0
166,1.26924,9,0,33,0,45.212,9,8189,33,0,67,1,4.07638,1885,357,1918,0
218,1.66679,17,0,0,0,45.103,17,8189,0,0,110,0,3.34218,1885,357,1918,0
327,2.50025,25,0,0,0,63.206,25,8189,0,0,167,0,3.18922,1885,357,1918,0
321,2.45439,30,0,2,0,74.05,30,8189,2,0,136,2,3.10509,1887,359,1920,0
316,2.41621,33,0,4,0,76.113,33,8190,4,0,116,4,2.89859,1891,363,1924,0
278,2.12546,36,0,2,0,120.126,36,8191,2,0,96,2,2.82976,1893,365,1926,0
330,2.52332,39,0,4,0,102.685,39,8168,4,0,130,4,3.8393,1897,369,1930,0
214,1.63624,11,0,45,0,89.258,11,8191,45,0,56,4,3.95402,1942,373,1975,0
245,1.87329,24,0,1,0,61.329,24,8189,1,0,110,1,4.3976,1943,374,1976,0
189,1.44504,16,0,25,0,51.299,16,8191,25,0,80,1,4.47408,1968,375,2001,0
316,2.41605,23,0,1,0,55.125,23,8189,1,0,153,1,4.18346,1969,376,2002,0
288,2.20188,28,0,1,0,83.283,28,8163,1,0,134,1,4.27523,1970,377,2003,0
287,2.19426,32,0,2,0,88.267,32,8189,2,0,122,2,4.51997,1972,379,2005,0
150,1.14687,9,0,37,0,48.221,9,8189,37,0,56,1,4.7647,2009,380,2042,0
256,1.95735,18,0,0,0,41.031,18,8191,0,0,130,0,4.51997,2009,380,2042,0
240,1.83503,24,0,0,0,78.15,24,8189,0,0,121,0,3.08214,2009,380,2042,0
288,2.20207,29,0,3,0,69.738,29,8190,3,0,135,3,2.92918,2012,383,2045,0
228,1.74325,17,0,32,0,110.461,17,8189,32,0,83,2,2.63091,2044,385,2077,0
255,1.94972,23,0,0,0,95.08,23,8189,0,0,132,0,2.40147,2044,385,2077,0
286,2.1867,29,0,0,0,109.042,29,8189,0,0,144,0,3.83165,2044,385,2077,0
263,2.01081,3,0,38,0,79.768,3,8190,38,0,103,3,4.7953,2082,388,2115,0
79,0.604014,10,0,0,0,53.629,10,8189,0,0,44,0,5.04003,2082,388,2115,0
284,2.17138,19,0,0,0,45.287,19,8190,0,0,145,0,4.22934,2082,388,2115,0
348,2.66053,27,0,0,0,58.772,27,8189,0,0,175,0,4.06109,2082,388,2115,0
316,2.41625,31,0,4,0,71.057,31,8189,4,0,110,4,3.60986,2086,392,2119,0
320,2.44688,35,0,2,0,93.117,35,8162,2,0,149,2,4.43584,2088,394,2121,0
330,2.52328,38,0,5,0,101.208,38,8189,5,0,114,5,4.74176,2093,399,2126,0
296,2.26325,6,0,47,0,94.217,6,8189,47,0,90,7,4.78,2140,406,2173,0
186,1.42205,23,0,0,0,104.82,23,8189,0,0,89,0,4.51232,2140,406,2173,0
284,2.17135,28,0,1,0,98.862,28,8189,1,0,132,1,4.2064,2141,407,2174,0
276,2.11028,32,0,2,0,96.173,32,8190,2,0,126,2,3.60986,2143,409,2176,0
350,2.67614,36,0,3,0,102.056,36,8175,3,0,140,3,3.52573,2146,412,2179,0
314,2.40094,40,0,2,0,90.377,40,8189,2,0,132,2,3.69398,2148,414,2181,0
407,3.11182,44,0,3,0,77.186,44,8190,3,0,165,3,3.57926,2151,417,2184,0
250,1.9114,24,0,45,0,59.389,24,8191,45,0,88,1,3.4416,2196,418,2229,0
228,1.74316,18,0,24,0,37.672,18,8191,24,0,111,0,3.60221,2220,418,2253,0
338,2.58426,25,0,1,0,61.418,25,8189,1,0,160,1,3.59456,2221,419,2254,0
284,2.17144,30,0,2,0,81.074,30,8191,2,0,117,2,4.17581,2223,421,2256,0
259,1.98031,33,0,1,0,106.191,33,8189,1,0,119,1,3.97696,2224,422,2257,0
313,2.39315,37,0,3,0,106.708,37,8189,3,0,125,3,3.73222,2227,425,2260,0
257,1.96515,20,0,40,0,53.121,20,8191,40,0,87,2,3.33453,2267,427,2300,0
313,2.39304,26,0,1,0,59.327,26,8189,1,0,147,1,3.54867,2268,428,2301,0
307,2.34731,18,0,29,0,49.115,18,8189,29,0,141,1,3.38806,2297,429,2330,0
203,1.5522,23,0,0,0,74.449,23,8191,0,0,105,0,3.41866,2297,429,2330,0
313,2.39321,29,0,1,0,60.622,29,8189,1,0,149,1,3.81635,2298,430,2331,0
318,2.43139,33,0,1,0,75.462,33,8189,1,0,146,1,4.2064,2299,431,2332,0
316,2.41611,37,0,3,0,108.559,37,8189,3,0,127,3,3.97696,2302,434,2335,0
338,2.58434,40,0,2,0,86.376,40,8189,2,0,118,2,3.92342,2304,436,2337,0
284,2.17133,19,0,44,0,53.265,21,8189,44,0,89,3,3.70928,2348,439,2381,0
288,2.20195,26,0,2,0,72.172,26,8189,2,0,125,2,4.63469,2350,441,2383,0
289,2.20962,30,0,2,0,78.774,30,8189,2,0,122,2,4.46643,2352,443,2385,0
182,1.39077,15,0,32,0,68.416,17,8189,32,0,71,1,4.38995,2384,444,2417,0
320,2.44663,24,0,2,0,64.786,24,8189,2,0,142,2,4.55056,2386,446,2419,0
263,2.01076,28,0,4,0,79.845,28,8163,4,0,92,4,4.46643,2390,450,2423,0
318,2.43138,32,0,3,0,74.604,32,8189,3,0,120,3,5.30771,2393,453,2426,0
343,2.62255,36,0,3,0,79.103,36,8189,3,0,158,3,5.31536,2396,456,2429,0
290,2.21723,12,0,40,0,83.76,12,8189,40,0,92,2,4.12992,2436,458,2469,0
356,2.72173,26,0,1,0,64.839,26,8189,1,0,172,1,3.92342,2437,459,2470,0
323,2.46972,31,0,1,0,67.83,31,8189,1,0,152,1,2.95213,2438,460,2471,0
280,2.1408,17,0,37,0,56.824,17,8189,37,0,103,3,4.06874,2475,463,2508,0
252,1.92674,23,0,1,0,65.631,23,8189,1,0,121,1,4.74941,2476,464,2509,0
233,1.78147,16,0,24,0,51.785,16,8191,24,0,102,1,4.77235,2500,465,2533,0
270,2.0639,23,0,0,0,78.706,23,8189,0,0,138,0,4.62704,2500,465,2533,0
207,1.58194,27,0,0,0,99.954,27,8191,0,0,106,0,4.63469,2500,465,2533,0
237,1.81203,31,0,1,0,112.353,31,8191,1,0,106,1,4.87178,2501,466,2534,0
286,2.18668,34,0,4,0,73.434,34,8189,4,0,115,4,4.51997,2505,470,2538,0
318,2.43096,36,0,1,0,102.48,38,8189,1,0,148,1,4.97885,2506,471,2539,0
362,2.76767,42,0,4,0,106.661,42,8189,4,0,145,4,3.98461,2510,475,2543,0
282,2.15615,44,0,1,0,152.439,44,8189,1,0,108,1,3.76282,2511,476,2544,0
250,1.91148,5,0,49,0,127.215,5,8189,49,0,80,3,3.60986,2560,479,2593,0
281,2.14783,26,0,3,0,56.419,26,8190,3,0,113,3,3.86989,2563,482,2596,0
306,2.33971,30,0,3,0,79.418,30,8162,3,0,107,3,3.09744,2566,485,2599,0
318,2.43132,35,0,2,0,79.634,35,8191,2,0,148,2,3.06685,2568,487,2601,0
298,2.27852,38,0,1,0,102.178,38,8191,1,0,133,1,4.32112,2569,488,2602,0
344,2.63017,3,0,44,0,98.686,3,8191,44,0,135,3,4.34406,2613,491,2646,0
251,1.91913,24,0,0,0,85.296,24,8189,0,0,123,0,4.22934,2613,491,2646,0
276,2.11028,29,0,2,0,71.374,29,8191,2,0,119,2,4.25229,2615,493,2648,0
332,2.53827,33,0,2,0,78.762,33,8189,2,0,142,2,3.60221,2617,495,2650,0
308,2.35406,37,0,1,0,107.111,37,8191,1,0,139,1,4.0152,2618,496,2651,0
335,2.5614,40,0,3,0,86.701,40,8189,3,0,133,3,5.34595,2621,499,2654,0
269,2.05693,43,0,3,0,102.604,43,8189,3,0,115,3,5.9425,2624,502,2657,0
330,2.52331,46,0,4,0,87.436,46,8191,4,0,110,4,6.03427,2628,506,2661,0
339,2.5919,48,0,8,0,105.248,48,8189,8,0,104,8,4.70352,2636,514,2669,0
322,2.4618,50,0,5,0,113.924,50,8191,5,0,95,5,4.17581,2641,519,2674,0
292,2.23253,51,0,4,0,111.73,51,8190,4,0,77,4,3.2351,2645,523,2678,0
360,2.7527,53,0,5,0,130.422,53,8189,5,0,81,5,3.09744,2650,528,2683,0
351,2.68372,54,0,6,0,114.335,54,8141,6,0,75,6,3.05155,2656,534,2689,0
292,2.23254,56,0,62,0,147.648,2,8172,62,0,83,6,3.4569,2718,540,2751,0
188,1.43739,30,0,2,0,69.323,30,8190,2,0,84,2,3.53338,2720,542,2753,0
302,2.30894,33,0,3,0,74.057,33,8189,3,0,113,3,3.84694,2723,545,2756,0
189,1.44503,15,0,36,0,92.08,15,8191,36,0,58,2,3.57162,2759,547,2792,0
327,2.50019,24,0,0,0,75.962,24,8189,0,0,166,0,3.6481,2759,547,2792,0
297,2.271,30,0,1,0,78.27,30,8190,1,0,151,1,4.3823,2760,548,2793,0
320,2.44662,22,0,30,0,53,22,8189,30,0,144,0,3.86224,2790,548,2823,0
292,2.23257,27,0,1,0,61.853,27,8189,1,0,142,1,3.59456,2791,549,2824,0
306,2.33961,32,0,2,0,87.315,32,8189,2,0,141,2,3.94637,2793,551,2826,0
274,2.095,21,0,33,0,58.466,21,8189,33,0,118,1,3.8087,2826,552,2859,0
282,2.15614,26,0,2,0,70.377,26,8191,2,0,123,2,4.37466,2828,554,2861,0
262,2.00314,15,0,30,0,129.539,15,8189,30,0,112,1,3.94637,2858,555,2891,0
226,1.72799,10,0,21,0,48.894,10,8190,21,0,102,1,3.84694,2879,556,2912,0
184,1.40686,17,0,0,0,63.895,17,8189,0,0,92,0,4.05344,2879,556,2912,0
303,2.31668,24,0,0,0,53.47,24,8191,0,0,155,0,4.0305,2879,556,2912,0
352,2.69136,30,0,1,0,69.121,30,8189,1,0,166,1,4.48173,2880,557,2913,0
138,1.05513,3,0,43,0,77.029,3,8188,43,0,50,1,4.15286,2923,558,2956,0
134,1.02452,12,0,0,0,37.042,12,8189,0,0,67,0,4.12992,2923,558,2956,0
151,1.15452,17,0,0,0,108.331,17,8190,0,0,78,0,4.16051,2923,558,2956,0
332,2.53855,24,0,1,0,60.29,24,8191,1,0,157,1,3.70928,2924,559,2957,0
304,2.32422,29,0,3,0,96.668,29,8191,3,0,124,3,3.79341,2927,562,2960,0
220,1.68204,16,0,32,0,50.14,16,8189,32,0,79,2,4.0152,2959,564,2992,0
204,1.55986,21,0,0,0,100.777,21,8191,0,0,108,0,3.77046,2959,564,2992,0
300,2.29389,27,0,1,0,68.646,27,8189,1,0,143,1,3.66339,2960,565,2993,0
227,1.73509,3,0,36,0,72.188,3,8191,36,0,74,3,4.00755,2996,568,3029,0
124,0.948145,11,0,0,0,46.133,11,8189,0,0,64,0,3.54867,2996,568,3029,0
280,2.14089,20,0,0,0,45.724,20,8191,0,0,142,0,4.18346,2996,568,3029,0
334,2.55284,27,0,1,0,56.192,27,8165,1,0,157,1,3.56397,2997,569,3030,0
229,1.75016,15,0,30,0,71.54,15,8191,30,0,98,1,4.0152,3027,570,3060,0
272,2.07965,22,0,0,0,67.059,22,8189,0,0,138,0,4.04579,3027,570,3060,0
322,2.46191,28,0,2,0,67.6,28,8189,2,0,141,2,3.96931,3029,572,3062,0
258,1.97217,18,0,30,0,57.005,18,8189,30,0,112,1,3.67869,3059,573,3092,0
212,1.62099,11,0,23,0,60.299,11,8191,23,0,95,1,3.54867,3082,574,3115,0
112,0.856314,9,0,13,0,75.31,9,8189,13,0,55,0,3.80106,3095,574,3128,0
221,1.68971,17,0,0,0,82.736,17,8189,0,0,112,0,3.50278,3095,574,3128,0
335,2.56131,25,0,0,0,64.7,25,8191,0,0,171,0,4.17581,3095,574,3128,0
222,1.69734,29,0,1,0,120.725,29,8189,1,0,100,1,5.12416,3096,575,3129,0
339,2.59211,34,0,1,0,84.515,34,8189,1,0,158,1,4.26758,3097,576,3130,0
234,1.78912,18,0,38,0,51.361,18,8189,38,0,79,3,4.02285,3135,579,3168,0
245,1.87319,24,0,0,0,121.247,24,8189,0,0,126,0,3.71693,3135,579,3168,0
207,1.58267,14,0,27,0,48.976,14,8191,27,0,88,1,3.35747,3162,580,3195,0
258,1.97258,21,0,0,0,95.212,21,8189,0,0,130,0,3.00566,3162,580,3195,0
332,2.53838,28,0,0,0,69.685,28,8191,0,0,171,0,3.12038,3162,580,3195,0
336,2.56895,17,0,33,0,41.476,17,8191,33,0,151,1,3.44925,3195,581,3228,0
178,1.36092,21,0,1,0,79.233,21,8189,1,0,82,1,3.87754,3196,582,3229,0
215,1.64384,26,0,0,0,129.762,26,8189,0,0,109,0,4.2217,3196,582,3229,0
365,2.79085,32,0,1,0,67.146,32,8189,1,0,173,1,4.00755,3197,583,3230,0
355,2.7144,36,0,3,0,87.325,36,8189,3,0,149,3,4.09168,3200,586,3233,0
222,1.69737,19,0,39,0,86.9,19,8191,39,0,70,2,4.72646,3239,588,3272,0
283,2.16367,25,0,0,0,85.511,25,8189,0,0,145,0,4.84883,3239,588,3272,0
309,2.36244,31,0,0,0,100.243,31,8189,0,0,157,0,4.7647,3239,588,3272,0
209,1.59794,4,0,41,0,83.171,4,8189,41,0,87,2,4.64998,3280,590,3313,0
83,0.634596,8,0,8,0,43.156,8,8189,8,0,40,0,4.72646,3288,590,3321,0
210,1.60569,17,0,0,0,40.467,17,8189,0,0,107,0,4.80294,3288,590,3321,0
293,2.24015,24,0,0,0,68.856,24,8189,0,0,151,0,4.96355,3288,590,3321,0
303,2.31663,30,0,1,0,100.477,30,8190,1,0,155,1,5.12416,3289,591,3322,0
280,2.14074,33,0,2,0,93.348,33,8189,2,0,115,2,4.48173,3291,593,3324,0
245,1.87332,9,0,54,0,108.215,9,8189,54,0,82,3,4.88707,3345,596,3378,0
158,1.20799,16,0,0,0,70.604,16,8189,0,0,81,0,4.97885,3345,596,3378,0
325,2.48479,24,0,0,0,61.49,24,8190,0,0,168,0,4.84883,3345,596,3378,0
305,2.33201,29,0,2,0,79.879,29,8190,2,0,143,2,4.51997,3347,598,3380,0
243,1.85801,14,0,33,0,63.11,14,8189,33,0,77,2,3.90813,3380,600,3413,0
250,1.9112,21,0,0,0,60.652,21,8189,0,0,130,0,3.8087,3380,600,3413,0
277,2.11789,9,0,27,0,66.769,9,8189,27,0,126,1,3.62515,3407,601,3440,0
150,1.14688,17,0,0,0,103.35,17,8189,0,0,79,0,4.32112,3407,601,3440,0
267,2.04139,24,0,0,0,100.04,24,8189,0,0,134,0,4.45114,3407,601,3440,0
313,2.39311,14,0,29,0,42.973,14,8189,29,0,139,1,4.55056,3436,602,3469,0
242,1.85026,21,0,0,0,97.326,21,8189,0,0,123,0,4.50467,3436,602,3469,0
292,2.23248,27,0,1,0,86.013,27,8189,1,0,137,1,3.92342,3437,603,3470,0
320,2.4466,32,0,1,0,78.624,32,8189,1,0,150,1,3.94637,3438,604,3471,0
284,2.17145,20,0,34,0,41.551,20,8187,34,0,123,1,3.41101,3472,605,3505,0
351,2.68381,27,0,1,0,61.976,27,8189,1,0,171,1,4.0152,3473,606,3506,0
211,1.61326,17,0,28,0,53.88,17,8191,28,0,93,1,4.16816,3501,607,3534,0
280,2.141,24,0,0,0,88.714,24,8189,0,0,146,0,4.49702,3501,607,3534,0
280,2.14093,29,0,1,0,80.502,29,8189,1,0,131,1,4.2217,3502,608,3535,0
138,1.05512,9,0,33,0,59.865,9,8189,33,0,52,1,3.87754,3535,609,3568,0
135,1.03218,14,0,0,0,117.601,14,8189,0,0,69,0,3.84694,3535,609,3568,0
209,1.59805,20,0,0,0,121.996,20,8191,0,0,106,0,4.12227,3535,609,3568,0
260,1.98787,26,0,0,0,86.76,26,8189,0,0,133,0,3.86989,3535,609,3568,0
247,1.8885,30,0,2,0,106.375,30,8191,2,0,104,2,4.08403,3537,611,3570,0
254,1.94199,8,0,35,0,82.687,8,8190,35,0,96,2,5.10886,3572,613,3605,0
254,1.94197,22,0,0,0,68.371,22,8189,0,0,126,0,3.84694,3572,613,3605,0
279,2.13317,27,0,0,0,85.133,27,8189,0,0,145,0,3.25805,3572,613,3605,0
322,2.46198,32,0,2,0,84.829,32,8190,2,0,150,2,3.15098,3574,615,3607,0
319,2.43913,36,0,3,0,76.28,36,8190,3,0,120,3,3.0745,3577,618,3610,0
333,2.54594,21,0,38,0,62.025,21,8189,38,0,131,1,3.73222,3615,619,3648,0
351,2.68344,27,0,3,0,55.546,27,8189,3,0,145,3,4.38995,3618,622,3651,0
320,2.44654,31,0,4,0,65.321,31,8189,4,0,123,4,4.28288,3622,626,3655,0
249,1.90375,3,0,36,0,103.22,3,8157,36,0,96,2,4.45878,3658,628,3691,0
328,2.50787,24,0,0,0,48.091,24,8189,0,0,159,0,3.75517,3658,628,3691,0
302,2.30901,29,0,2,0,68.019,29,8190,2,0,140,2,3.9999,3660,630,3693,0
329,2.51538,33,0,2,0,92.704,33,8190,2,0,143,2,3.6175,3662,632,3695,0
340,2.59931,37,0,3,0,83.13,37,8191,3,0,123,3,3.95402,3665,635,3698,0
364,2.78321,41,0,4,0,104.172,41,8185,4,0,149,4,4.53526,3669,639,3702,0
262,2.00321,43,0,1,0,153.918,43,8191,1,0,114,1,4.94826,3670,640,3703,0
335,2.56134,47,0,1,0,127.072,47,8189,1,0,149,1,3.97696,3671,641,3704,0
288,2.20201,49,0,4,0,129.824,49,8189,4,0,101,4,3.85459,3675,645,3708,0
311,2.37793,50,0,7,0,113.851,50,8191,7,0,87,7,4.03814,3682,652,3715,0
328,2.50785,52,0,8,0,117.519,52,8191,8,0,91,8,3.60221,3690,660,3723,0
337,2.57672,54,0,5,0,125.118,54,8189,5,0,93,5,3.25805,3695,665,3728,0
370,2.82868,56,0,7,0,121.906,56,8149,7,0,91,7,3.77046,3702,672,3735,0
349,2.66851,57,0,6,0,122.297,57,8189,6,0,91,6,4.15286,3708,678,3741,0
396,3.02789,60,0,7,0,124.88,60,8189,7,0,144,7,4.23699,3715,685,3748,0
346,2.64548,61,0,5,0,147.797,62,8189,5,0,117,5,4.51997,3720,690,3753,0
341,2.60689,63,0,8,0,147.145,63,8189,8,0,82,8,5.3383,3728,698,3761,0
344,2.62991,64,0,8,0,154.413,64,8189,8,0,82,8,4.93296,3736,706,3769,0
310,2.37017,61,0,10,0,153.306,65,8189,10,0,65,10,4.6041,3746,716,3779,0
226,1.72794,6,0,74,0,134.649,6,8189,74,0,34,8,4.74941,3820,724,3853,0
326,2.49257,35,0,3,0,72.876,35,8189,3,0,123,3,5.84307,3823,727,3856,0
220,1.68219,21,0,35,0,112.592,21,8189,22,0,97,0,5.1624,3845,727,3891,0
359,2.74493,28,0,1,0,71.254,28,8189,1,0,170,1,4.0305,3846,728,3892,0
283,2.16361,32,0,0,0,96.127,32,8189,0,0,147,0,3.96931,3846,728,3892,0
254,1.94221,20,0,34,0,73.931,20,8191,34,0,105,1,4.07638,3880,729,3926,0
306,2.33954,26,0,1,0,67.493,26,8189,1,0,147,1,4.04579,3881,730,3927,0
312,2.38542,31,0,33,0,74.344,2,8191,33,0,129,2,4.37466,3914,732,3960,0
232,1.7739,20,0,0,0,56.754,20,8191,0,0,114,0,4.25229,3914,732,3960,0
324,2.47723,27,0,1,0,71.579,27,8189,1,0,154,1,3.31158,3915,733,3961,0
357,2.72945,33,0,1,0,70.111,33,8190,1,0,181,1,4.4129,3916,734,3962,0
302,2.30899,36,0,2,0,84.487,36,8189,2,0,106,2,4.59645,3918,736,3964,0
159,1.21576,19,0,37,0,110.123,19,8189,37,0,57,1,4.9712,3955,737,4001,0
214,1.63628,24,0,0,0,133.559,24,8189,0,0,110,0,4.51997,3955,737,4001,0
292,2.23241,29,0,1,0,110.989,29,8189,1,0,138,1,3.77811,3956,738,4002,0
232,1.77374,16,0,32,0,83.876,16,8189,32,0,98,1,3.31158,3988,739,4034,0
242,1.85023,22,0,0,0,91.959,22,8189,0,0,125,0,3.08214,3988,739,4034,0
331,2.53083,29,0,0,0,87.505,29,8189,0,0,169,0,3.51808,3988,739,4034,0
304,2.32428,33,0,1,0,102.141,33,8189,1,0,140,1,3.74752,3989,740,4035,0
216,1.65156,18,0,38,0,92.145,18,8189,38,0,73,4,4.09933,4027,744,4073,0
274,2.09498,24,0,0,0,70.877,24,8190,0,0,139,0,4.25994,4027,744,4073,0
310,2.37019,30,0,1,0,61.928,30,8189,1,0,148,1,3.41101,4028,745,4074,0
336,2.56896,33,0,4,0,75.695,33,8189,4,0,113,4,4.22934,4032,749,4078,0
286,2.18668,3,0,43,0,78.545,3,8189,43,0,93,4,4.23699,4075,753,4121,0
168,1.28446,13,0,0,0,42.63,13,8189,0,0,85,0,3.824,4075,753,4121,0
231,1.76621,20,0,0,0,55.886,20,8189,0,0,117,0,3.67104,4075,753,4121,0
302,2.30885,27,0,0,0,69.375,27,8189,0,0,156,0,3.65574,4075,753,4121,0
301,2.30124,31,0,1,0,77.478,31,8189,1,0,143,1,4.09168,4076,754,4122,0
313,2.39329,36,0,1,0,94.018,36,8189,1,0,146,1,4.25994,4077,755,4123,0
291,2.22484,38,0,6,0,80.945,38,8189,6,0,99,6,4.35171,4083,761,4129,0
64,0.489347,5,0,41,0,113.968,5,8191,41,0,11,0,4.7647,4124,761,4170,0
99,0.75694,11,0,0,0,50.609,11,8189,0,0,50,0,4.80294,4124,761,4170,0
114,0.871622,15,0,0,0,114.042,15,8189,0,0,59,0,4.16051,4124,761,4170,0
136,1.03988,19,0,0,0,89.048,19,8189,0,0,69,0,4.06874,4124,761,4170,0
180,1.37604,23,0,0,0,113.782,23,8189,0,0,94,0,3.76282,4124,761,4170,0
270,2.06439,29,0,2,0,71.687,29,8190,2,0,138,2,4.14522,4126,763,4172,0
314,2.40077,33,0,2,0,85.336,33,8189,2,0,120,2,3.79341,4128,765,4174,0
336,2.56879,36,0,38,0,93.189,2,8190,38,0,137,2,3.85459,4166,767,4212,0
192,1.46806,21,0,0,0,63.548,21,8190,0,0,95,0,4.25229,4166,767,4212,0
268,2.04908,27,0,1,0,99.021,27,8189,1,0,124,1,4.37466,4167,768,4213,0
192,1.46795,6,0,34,0,64.862,6,8189,34,0,83,1,4.70352,4201,769,4247,0
160,1.22339,14,0,0,0,76.607,14,8189,0,0,81,0,5.00179,4201,769,4247,0
296,2.2631,22,0,0,0,69.691,22,8189,0,0,149,0,4.32112,4201,769,4247,0
284,2.1714,28,0,0,0,67.505,28,8189,0,0,143,0,3.90048,4201,769,4247,0
332,2.53832,33,0,2,0,74.966,33,8189,2,0,153,2,3.67869,4203,771,4249,0
332,2.53831,37,0,1,0,96.215,37,8189,1,0,142,1,3.50278,4204,772,4250,0
363,2.77532,41,0,1,0,79.22,41,8189,1,0,165,1,3.01331,4205,773,4251,0
359,2.74442,44,0,6,0,97.939,44,8189,6,0,123,6,3.18157,4211,779,4257,0
280,2.14093,46,0,4,0,119.909,46,8190,4,0,101,4,3.83165,4215,783,4261,0
324,2.47729,48,0,7,0,106.9,48,8189,7,0,99,7,4.25229,4222,790,4268,0
363,2.77552,51,0,2,0,123.334,51,8190,2,0,162,2,5.01709,4224,792,4270,0
300,2.29152,53,0,7,0,124.352,53,8189,7,0,77,7,4.77235,4231,799,4277,0
239,1.82744,28,0,54,0,62.604,28,8189,28,0,86,1,4.78,4259,800,4331,0
333,2.54598,33,0,1,0,84.052,33,8189,1,0,156,1,3.47984,4260,801,4332,0
328,2.50783,3,0,39,0,79.572,3,8154,39,0,133,2,3.47984,4299,803,4371,0
77,0.588762,8,0,6,0,49.228,8,8189,6,0,37,0,3.6481,4305,803,4377,0
225,1.72022,17,0,0,0,60.359,17,8190,0,0,116,0,4.02285,4305,803,4377,0
258,1.97256,23,0,0,0,110.898,23,8189,0,0,131,0,4.23699,4305,803,4377,0
267,2.0415,16,0,27,0,60.319,16,8189,27,0,128,1,4.71882,4332,804,4404,0
246,1.88096,22,0,0,0,65.723,22,8191,0,0,125,0,3.6481,4332,804,4404,0
265,2.02607,27,0,1,0,64.791,27,8189,1,0,125,1,3.37277,4333,805,4405,0
372,2.8442,33,0,2,0,68.474,33,8189,2,0,165,2,3.59456,4335,807,4407,0
350,2.67586,36,0,6,0,85.375,36,8189,6,0,127,6,3.98461,4341,813,4413,0
297,2.27071,39,0,3,0,87.224,39,8189,3,0,96,3,3.84694,4344,816,4416,0
226,1.72804,21,0,42,0,93.335,21,8189,42,0,87,2,4.23699,4386,818,4458,0
172,1.31514,24,0,1,0,115.933,24,8189,1,0,81,1,4.68058,4387,819,4459,0
326,2.49249,29,0,2,0,74.531,29,8189,2,0,141,2,3.96931,4389,821,4461,0
183,1.39917,8,0,35,0,40.651,8,8190,35,0,62,2,3.81635,4424,823,4496,0
258,1.97254,18,0,0,0,53.618,18,8189,0,0,131,0,4.28288,4424,823,4496,0
335,2.56127,26,0,0,0,66.907,26,8189,0,0,172,0,3.52573,4424,823,4496,0
322,2.46175,30,0,3,0,80.778,30,8189,3,0,138,3,4.1911,4427,826,4499,0
347,2.65312,35,0,2,0,66.776,35,8189,2,0,147,2,3.34982,4429,828,4501,0
308,2.35505,6,0,41,0,85.515,6,8188,41,0,119,3,3.37277,4470,831,4542,0
199,1.52147,23,0,0,0,116.89,23,8189,0,0,103,0,3.33453,4470,831,4542,0
327,2.50027,29,0,1,0,83.034,29,8163,1,0,153,1,3.60986,4471,832,4543,0
326,2.49245,33,0,1,0,73.382,33,8191,1,0,154,1,5.26182,4472,833,4544,0
351,2.68363,37,0,4,0,95.15,37,8191,4,0,144,4,5.56774,4476,837,4548,0
345,2.63791,41,0,3,0,82.303,41,8191,3,0,137,3,5.27712,4479,840,4551,0
220,1.68202,22,0,43,0,55.547,22,8191,43,0,83,2,5.12416,4522,842,4594,0
323,2.46958,28,0,1,0,61.346,28,8189,1,0,153,1,4.55821,4523,843,4595,0
358,2.73727,33,0,4,0,70.622,33,8189,4,0,153,4,3.72458,4527,847,4599,0
332,2.53849,36,0,3,0,91.045,36,8191,3,0,106,3,3.91578,4530,850,4602,0
250,1.91133,21,0,38,0,50.17,21,8191,38,0,100,1,3.6328,4568,851,4640,0
316,2.41626,27,0,2,0,66.613,27,8191,2,0,149,2,3.48749,4570,853,4642,0
323,2.46953,31,0,3,0,72.887,31,8189,3,0,113,3,3.77811,4573,856,4645,0
329,2.5155,35,0,3,0,70.954,35,8189,3,0,135,3,3.67104,4576,859,4648,0
346,2.64557,39,0,2,0,101.148,39,8191,2,0,160,2,4.14522,4578,861,4650,0
317,2.42375,42,0,4,0,107.13,42,8191,4,0,125,4,4.71882,4582,865,4654,0
348,2.66075,45,0,3,0,115.664,45,8190,3,0,135,3,4.15286,4585,868,4657,0
363,2.77539,48,0,2,0,113.617,48,8189,2,0,143,2,3.71693,4587,870,4659,0
336,2.56899,51,0,2,0,129.088,51,8190,2,0,149,2,3.74752,4589,872,4661,0
414,3.16537,54,0,4,0,132.134,54,8189,4,0,137,4,5.52186,4593,876,4665,0
329,2.51535,55,0,8,0,100.374,55,8190,8,0,89,8,5.62128,4601,884,4673,0
263,2.01083,56,0,7,0,153.702,56,8189,7,0,53,7,3.73222,4608,891,4680,0
367,2.80596,58,0,9,0,119.879,58,8190,9,0,104,9,4.03814,4617,900,4689,0
345,2.63793,60,0,4,0,173.723,60,8189,4,0,119,4,4.66528,4621,904,4693,0
328,2.50777,61,0,6,0,122.848,61,8187,6,0,76,6,3.86989,4627,910,4699,0
414,3.16544,64,0,5,0,127.209,64,8191,5,0,147,5,3.70928,4632,915,4704,0
289,2.20968,3,0,72,0,147.467,3,8126,65,0,74,7,3.31158,4697,922,4776,0
294,2.24795,34,0,4,0,84.338,34,8191,4,0,108,4,3.34218,4701,926,4780,0
338,2.58453,38,0,5,0,84.798,38,8190,5,0,140,5,3.60221,4706,931,4785,0
365,2.7911,41,0,4,0,107.655,41,8189,4,0,131,4,3.14333,4710,935,4789,0
351,2.68378,44,0,5,0,103.522,44,8189,5,0,118,5,3.2504,4715,940,4794,0
313,2.39303,46,0,7,0,104.861,46,8189,7,0,93,7,3.05155,4722,947,4801,0
310,2.3702,48,0,7,0,128.253,48,8189,7,0,90,7,3.02096,4729,954,4808,0
212,1.62091,25,0,51,0,68.275,25,8189,51,0,63,3,3.65574,4780,957,4859,0
235,1.79675,15,0,28,0,34.496,15,8191,28,0,90,1,3.74752,4808,958,4887,0
273,2.08729,22,0,1,0,55.808,22,8191,1,0,131,1,3.48749,4809,959,4888,0
226,1.72795,5,0,31,0,60.409,5,8189,31,0,99,1,3.67104,4840,960,4919,0
125,0.955723,12,0,0,0,43.109,12,8191,0,0,68,0,3.90048,4840,960,4919,0
260,1.98796,20,0,0,0,50.734,20,8189,0,0,134,0,4.55821,4840,960,4919,0
362,2.76757,28,0,0,0,72.328,28,8189,0,0,182,0,5.30771,4840,960,4919,0
331,2.53088,32,0,2,0,75.527,32,8189,2,0,144,2,4.7953,4842,962,4921,0
185,1.41452,7,0,38,0,47.978,7,8189,38,0,60,2,4.56586,4880,964,4959,0
283,2.16355,18,0,0,0,46.4,18,8189,0,0,143,0,4.16051,4880,964,4959,0
331,2.53091,25,0,3,0,69.523,25,8189,3,0,161,2,3.66339,4883,966,4962,0
328,2.50809,30,0,2,0,66.27,30,8189,2,0,142,2,3.92342,4885,968,4964,0
325,2.48487,34,0,4,0,101.51,34,8189,4,0,134,4,3.2657,4889,972,4968,0
302,2.30896,3,0,42,0,75.481,3,8157,42,0,87,5,3.25805,4931,977,5010,0
206,1.57508,14,0,3,0,34.698,14,8191,3,0,103,0,3.60986,4934,977,5013,0
288,2.20215,22,0,1,0,62.543,22,8190,1,0,146,1,4.28288,4935,978,5014,0
253,1.93442,14,0,26,0,51.256,14,8189,2,0,117,1,4.2217,4937,979,5040,0
299,2.28608,22,0,0,0,69.73,22,8191,0,0,151,0,4.3976,4937,979,5040,0
298,2.27835,28,0,2,0,65.337,28,8189,2,0,143,2,4.37466,4939,981,5042,0
99,0.756976,8,0,31,0,56.265,8,8191,31,0,37,0,4.65763,4970,981,5073,0
172,1.3152,15,0,0,0,88.177,15,8189,0,0,86,0,4.52762,4970,981,5073,0
282,2.1561,23,0,0,0,51.226,23,8189,0,0,144,0,3.79341,4970,981,5073,0
305,2.33192,28,0,1,0,65.25,28,8189,1,0,144,1,3.4569,4971,982,5074,0
353,2.69896,33,0,3,0,67.605,33,8191,3,0,135,3,2.96742,4974,985,5077,0
296,2.26327,16,0,39,0,53.538,18,8191,39,0,110,4,3.4569,5013,989,5116,0
274,2.09497,24,0,1,0,63.192,24,8191,1,0,133,1,4.43584,5014,990,5117,0
197,1.50628,15,0,26,0,66.361,15,8189,26,0,84,1,4.99414,5040,991,5143,0
232,1.77398,22,0,0,0,56.674,22,8189,0,0,124,0,5.30771,5040,991,5143,0
357,2.72946,29,0,0,0,92.925,29,8189,0,0,181,0,4.74941,5040,991,5143,0
292,2.23259,33,0,3,0,81.406,33,8158,3,0,119,3,3.824,5043,994,5146,0
202,1.54443,7,0,38,0,56.582,7,8189,38,0,86,1,3.34218,5081,995,5184,0
115,0.879316,10,0,8,0,52.504,10,8189,8,0,54,0,3.21981,5089,995,5192,0
243,1.85792,19,0,0,0,52.851,19,8189,0,0,126,0,3.77046,5089,995,5192,0
300,2.29362,25,0,1,0,64.381,25,8189,1,0,154,1,3.11274,5090,996,5193,0
229,1.75092,18,0,25,0,68.631,18,8191,25,0,101,0,3.74752,5115,996,5218,0
298,2.27842,24,0,1,0,62.705,24,8189,1,0,141,1,4.09168,5116,997,5219,0
341,2.60718,30,0,1,0,64.411,30,8189,1,0,163,1,4.54291,5117,998,5220,0
212,1.621,9,0,50,0,80.26,9,8189,50,0,77,2,4.94826,5167,1000,5270,0
122,0.932876,10,0,10,0,44.151,10,8189,10,0,63,0,5.26947,5177,1000,5280,0
309,2.36266,20,0,0,0,55.642,20,8191,0,0,156,0,4.18346,5177,1000,5280,0
353,2.69917,27,0,2,0,55.054,27,8189,2,0,157,2,3.78576,5179,1002,5282,0
254,1.94212,30,0,2,0,76.369,30,8189,2,0,105,2,3.57162,5181,1004,5284,0
284,2.17128,6,0,38,0,88.571,6,8189,38,0,95,5,3.74752,5219,1009,5322,0
293,2.2402,22,0,0,0,66.96,22,8189,0,0,145,0,4.09933,5219,1009,5322,0
184,1.40684,26,0,0,0,134.04,26,8189,0,0,99,0,3.10509,5219,1009,5322,0
287,2.19441,31,0,2,0,68.302,31,8190,2,0,135,2,3.80106,5221,1011,5324,0
247,1.88851,20,0,31,0,61.292,20,8191,31,0,105,0,4.12227,5252,1011,5355,0
300,2.29382,26,0,1,0,71.635,26,8189,1,0,143,1,5.09357,5253,1012,5356,0
261,1.99552,31,0,0,0,112.977,31,8189,0,0,133,0,5.39949,5253,1012,5356,0
262,2.00325,34,0,1,0,91.797,34,8189,1,0,119,1,5.55245,5254,1013,5357,0
245,1.87336,20,0,36,0,73.577,20,8189,36,0,100,1,5.10122,5290,1014,5393,0
321,2.4543,27,0,1,0,71.559,27,8189,1,0,163,1,4.16051,5291,1015,5394,0
318,2.43136,3,0,35,0,72.697,3,8160,35,0,106,4,3.88518,5326,1019,5429,0
295,2.25546,22,0,0,0,64.585,22,8189,0,0,148,0,3.52573,5326,1019,5429,0
290,2.21731,27,0,2,0,82.671,27,8189,2,0,137,2,3.18157,5328,1021,5431,0
357,2.72959,32,0,1,0,82.984,32,8189,1,0,156,1,3.0745,5329,1022,5432,0
335,2.56124,36,0,6,0,83.502,36,8189,6,0,139,6,3.11274,5335,1028,5438,0
339,2.5919,40,0,3,0,98.914,40,8189,3,0,136,3,3.77046,5338,1031,5441,0
342,2.61507,43,0,3,0,96.385,43,8189,3,0,117,3,4.05344,5341,1034,5444,0
262,2.00327,4,0,53,0,92.089,4,8190,53,0,69,5,4.04579,5394,1039,5497,0
104,0.795165,11,0,0,0,41.924,11,8191,0,0,53,0,4.16051,5394,1039,5497,0
249,1.90388,19,0,0,0,73.991,19,8189,0,0,125,0,3.86989,5394,1039,5497,0
251,1.91937,25,0,0,0,59.816,25,8189,0,0,127,0,3.84694,5394,1039,5497,0
281,2.14857,29,0,1,0,77.846,29,8189,1,0,131,1,3.75517,5395,1040,5498,0
340,2.59957,34,0,1,0,93.176,34,8189,1,0,159,1,2.83741,5396,1041,5499,0
303,2.3167,37,0,6,0,112.993,37,8191,6,0,107,6,2.94448,5402,1047,5505,0
291,2.22501,20,0,41,0,54.822,20,8189,41,0,100,2,3.50278,5443,1049,5546,0
354,2.70669,26,0,2,0,61.911,26,8189,2,0,160,2,4.42819,5445,1051,5548,0
340,2.59954,31,0,3,0,73.446,31,8189,3,0,132,3,4.55821,5448,1054,5551,0
204,1.5598,18,0,32,0,69.691,18,8191,32,0,83,1,3.41101,5480,1055,5583,0
356,2.72207,26,0,0,0,82.587,26,8191,0,0,182,0,3.32688,5480,1055,5583,0
292,2.23262,30,0,3,0,72.419,30,8190,3,0,124,3,2.8833,5483,1058,5586,0
335,2.5612,34,0,2,0,93.351,34,8158,2,0,125,2,4.09168,5485,1060,5588,0
288,2.20201,18,0,40,0,62.328,18,8189,40,0,102,3,4.15286,5525,1063,5628,0
262,2.00346,24,0,1,0,72.366,24,8190,1,0,134,1,4.00755,5526,1064,5629,0
332,2.53855,29,0,2,0,61.287,29,8189,2,0,134,2,4.49702,5528,1066,5631,0
311,2.3778,33,0,2,0,80.195,33,8189,2,0,128,2,4.26758,5530,1068,5633,0
336,2.56904,37,0,6,0,80.303,37,8189,6,0,137,6,4.51232,5536,1074,5639,0
426,3.25712,41,0,10,0,86.497,41,8191,10,0,176,5,4.44349,5546,1079,5649,0
316,2.41602,44,0,5,0,100.883,44,8189,5,0,102,5,4.73411,5551,1084,5654,0
380,2.90537,47,0,1,0,100.619,47,8189,1,0,171,1,4.08403,5552,1085,5655,0
360,2.75245,50,0,6,0,135.343,50,8189,6,0,112,6,4.68058,5558,1091,5661,0
388,2.96657,53,0,2,0,120.138,53,8191,2,0,151,2,5.22358,5560,1093,5663,0
352,2.69148,55,0,6,0,105.278,55,8144,6,0,105,6,6.38608,5566,1099,5669,0
374,2.85969,56,0,6,0,106.456,56,8191,6,0,105,6,5.29242,5572,1105,5675,0
376,2.87483,56,0,7,0,107.618,58,8191,7,0,89,7,4.47408,5579,1112,5682,0
316,2.41613,59,0,8,0,125.766,59,8189,8,0,75,8,4.5888,5587,1120,5690,0
297,2.27074,61,0,9,0,127.869,61,8189,9,0,91,9,5.13946,5596,1129,5699,0
361,2.76017,62,0,4,0,141.03,62,8189,4,0,97,4,4.48938,5600,1133,5703,0
300,2.29375,63,0,5,0,127.832,63,8189,5,0,70,5,3.75517,5605,1138,5708,0
283,2.16375,64,0,8,0,136.375,64,8175,8,0,51,8,3.46454,5613,1146,5716,0
274,2.09486,34,0,65,0,69.404,34,8190,60,0,97,1,3.37277,5673,1147,5781,0
346,2.64549,37,0,5,0,83.586,37,8191,5,0,120,5,3.91578,5678,1152,5786,0
287,2.19433,5,0,43,0,99.106,5,8189,43,0,71,4,4.09933,5721,1156,5829,0
324,2.47719,25,0,0,0,46.334,25,8189,0,0,160,0,4.50467,5721,1156,5829,0
369,2.82126,31,0,1,0,80.855,31,8189,1,0,177,1,3.93107,5722,1157,5830,0
301,2.30147,35,0,3,0,90.797,35,8189,3,0,121,3,4.14522,5725,1160,5833,0
358,2.73721,39,0,2,0,75.131,39,8189,2,0,151,2,4.06874,5727,1162,5835,0
342,2.61521,43,0,3,0,91.549,43,8189,3,0,156,3,4.28288,5730,1165,5838,0
238,1.81977,22,0,46,0,49.262,22,8190,46,0,72,3,4.94826,5776,1168,5884,0
217,1.6592,17,0,22,0,45.629,17,8189,22,0,104,0,5.62128,5798,1168,5906,0
320,2.44663,24,0,1,0,51.042,24,8189,1,0,154,1,4.55056,5799,1169,5907,0
304,2.32424,29,0,2,0,72.342,29,8163,2,0,128,2,4.21405,5801,1171,5909,0
170,1.29979,8,0,35,0,40.701,8,8189,35,0,70,1,3.38042,5836,1172,5944,0
200,1.52916,16,0,0,0,60.885,16,8191,0,0,102,0,3.49514,5836,1172,5944,0
295,2.25549,24,0,0,0,59.758,24,8189,0,0,152,0,4.35936,5836,1172,5944,0
196,1.49857,17,0,24,0,104.291,17,8187,24,0,96,0,5.15475,5860,1172,5968,0
292,2.23261,24,0,1,0,57.522,24,8189,1,0,138,1,5.38419,5861,1173,5969,0
322,2.4619,29,0,1,0,86.7,29,8190,1,0,152,1,4.69587,5862,1174,5970,0
306,2.33963,34,0,1,0,105.557,34,8189,1,0,141,1,4.22934,5863,1175,5971,0
327,2.50021,37,0,4,0,78.746,37,8189,4,0,118,4,3.90813,5867,1179,5975,0
309,2.36232,22,0,41,0,51.228,22,8191,41,0,112,3,3.50278,5908,1182,6016,0
330,2.52321,28,0,2,0,59.95,28,8190,2,0,157,2,3.40336,5910,1184,6018,0
301,2.3014,32,0,1,0,115.798,32,8189,1,0,128,1,4.35936,5911,1185,6019,0
302,2.30888,36,0,4,0,81.477,36,8191,4,0,140,4,5.48362,5915,1189,6023,0
290,2.21744,21,0,38,0,58.226,21,8191,38,0,106,1,5.72835,5953,1190,6061,0
290,2.21747,27,0,1,0,112.442,27,8190,1,0,140,1,4.42054,5954,1191,6062,0
345,2.63803,32,0,2,0,72.347,32,8189,2,0,159,2,4.24464,5956,1193,6064,0
291,2.22496,35,0,6,0,94.955,35,8189,6,0,116,6,4.34406,5962,1199,6070,0
359,2.74482,39,0,6,0,64.457,39,8189,6,0,130,4,4.16051,5968,1203,6076,0
323,2.46969,21,0,43,0,51.8,21,8189,43,0,115,3,4.80294,6011,1206,6119,0
321,2.45451,27,0,3,0,58.936,27,8189,3,0,130,3,4.73411,6014,1209,6122,0
320,2.44668,31,0,3,0,63.468,31,8189,3,0,124,3,4.85648,6017,1212,6125,0
332,2.53848,34,0,5,0,75.006,34,8190,5,0,121,5,4.51232,6022,1217,6130,0
250,1.91145,21,0,34,0,81.296,21,8189,34,0,104,0,4.58115,6056,1217,6164,0
281,2.14837,27,0,0,0,77.062,27,8189,0,0,147,0,4.68058,6056,1217,6164,0
341,2.60735,32,0,2,0,68.546,32,8189,2,0,160,2,4.40525,6058,1219,6166,0
283,2.16391,20,0,34,0,49.997,20,8189,34,0,124,1,4.29053,6092,1220,6200,0


