SendPacket,SendRate(Mb/s),FlightSize,ReceiveRate(Mb/s),Send Loss,Recv Loss,RTT(ms),CWnd,FlowWindow,Retrans,PktSndPeriod(us),RecvACK,RecvNAK,EstimatedBandwidth(Mb/s),Retrans_Total,NAK_TotalRecv,Total Send Loss,Total Recv Loss
1271,1.95628,134,0,6,0,76.691,1499,8171,6,21,40,6,2.23304,6,6,6,0
1447,2.38381,252,0,9,0,79.651,2823,8097,9,66,31,9,4.7825,15,15,15,0
1375,2.26535,124,0,9,0,82.317,8036,8183,9,175.975,34,9,4.31282,24,24,24,0
1381,2.27526,291,0,5,0,81.392,10633,8147,5,319,42,5,3.502,29,29,29,0
1363,2.24549,143,0,7,0,84.16,3579,8076,7,407.999,43,7,44.8816,36,36,36,0
1330,2.19115,541,0,17,0,86.118,8874,8134,17,1469,19,17,6.00366,53,53,53,0
1462,2.40861,279,0,1351,0,78.226,5904,8191,169,2630,12,6,3.9552,222,59,1404,0
745,1.22747,7,0,796,0,77.934,4531,7416,30,8548,4,21,3.57781,252,80,2200,0
151,0.248771,18,0,0,0,30.86,26,8191,0,4629.92,50,0,3.92389,252,80,2200,0
362,0.596403,41,0,0,0,32.475,61,8184,0,2164.57,52,0,3.84973,252,80,2200,0
580,0.955628,22,0,0,0,38.61,397,8185,0,1424.53,64,0,4.09198,252,80,2200,0
872,1.4366,40,0,0,0,43.4,2323,8183,0,1054.87,59,0,3.60912,252,80,2200,0
1198,1.97379,239,0,1,0,55.996,862,8172,1,475,59,1,25.5275,253,81,2201,0
1396,2.30011,118,0,14,0,77.717,4153,8175,14,1181.32,31,14,3.49541,267,95,2215,0
989,1.62938,62,0,8,0,50.665,886,8171,8,770.932,59,8,6.18989,275,103,2223,0
1387,2.28517,212,0,14,0,68.652,676,8153,13,328,53,14,185.056,288,117,2237,0
790,1.30152,100,0,376,0,74.726,301,8175,133,806.979,18,23,19.4349,421,140,2613,0
740,1.21912,65,0,184,0,39.17,102,8191,75,1110.28,31,10,2.7159,496,150,2797,0
976,1.60797,29,0,0,0,31.123,95,8167,0,1078.66,68,0,3.54155,496,150,2797,0
1002,1.65084,61,0,0,0,32.203,87,8167,0,1048.14,67,0,3.31907,496,150,2797,0
1003,1.65255,35,0,0,0,36.853,91,8180,0,1021.79,70,0,2.88894,496,150,2797,0
1059,1.74488,46,0,0,0,28.493,86,8185,0,946.905,69,0,2.64998,496,150,2797,0
1091,1.79745,57,0,1,0,54.532,258,8165,1,562.888,61,1,84.6446,497,151,2798,0
1464,2.41184,122,0,5,0,59.969,2009,8170,5,702.03,57,5,2.8395,502,156,2803,0
1019,1.67867,30,0,7,0,37.723,117,8179,7,1105.32,52,7,4.0376,509,163,2810,0
983,1.61945,55,0,0,0,37.194,95,8191,0,1073.98,69,0,2.89389,509,163,2810,0
1000,1.64752,62,0,0,0,45.025,216,8182,0,1045.03,65,0,3.21195,509,163,2810,0
1021,1.68212,33,0,0,0,34.539,88,8191,0,1017.59,71,0,3.38994,509,163,2810,0
1069,1.76125,50,0,0,0,35.01,110,8175,0,933.261,69,0,3.88763,509,163,2810,0
1176,1.93745,72,0,3,0,80.673,466,8191,3,1029.45,55,3,3.40971,512,166,2813,0
1053,1.73481,84,0,0,0,39.17,913,8187,0,1003.42,65,0,3.8728,512,166,2813,0
1257,2.07091,119,0,1,0,68.52,3365,8178,1,150.85,65,1,227.21,513,167,2814,0
1219,2.00828,188,0,9,0,82.244,2904,8191,9,258,26,9,77.7922,522,176,2823,0
1308,2.15505,193,0,22,0,96.657,569,8161,22,908,28,22,15.6346,544,198,2845,0
1325,2.18312,314,0,21,0,87.594,2860,8119,21,2591,29,21,3.60088,565,219,2866,0
542,0.892946,17,0,663,0,46.97,392,8191,17,2821.25,24,1,3.69152,582,220,3529,0
390,0.642525,28,0,0,0,36.211,2251,8178,0,2576.97,56,0,14.57,582,220,3529,0
1283,2.11374,116,0,3,0,81.487,2175,8191,3,211.194,54,3,15.1946,585,223,3532,0
1380,2.27362,209,0,6,0,86.443,2184,8154,6,429.556,33,6,4.09858,591,229,3538,0
1356,2.23378,327,0,34,0,91.701,3103,8191,34,1777,31,34,3.0488,625,263,3572,0
616,1.01486,12,0,655,0,51.415,270,8183,28,3905.84,23,19,2.97464,653,282,4227,0
283,0.466237,20,0,0,0,43.116,54,8191,0,3601.96,48,0,3.7904,653,282,4227,0
424,0.698541,16,0,0,0,45.507,392,8191,0,1954.55,58,0,4.08869,653,282,4227,0
673,1.10883,51,0,0,0,41.677,1800,8159,0,1330.45,57,0,5.58342,653,282,4227,0
1209,1.99178,194,0,5,0,85.183,7936,8171,5,346,46,5,140.728,658,287,4232,0
1384,2.28016,104,0,7,0,80.354,4539,8176,7,588.567,33,7,16.4075,665,294,4239,0
1322,2.17826,781,0,29,0,75.383,1257,8191,29,2682,15,29,5.85699,694,323,4268,0
370,0.609582,16,0,966,0,59.931,361,8189,17,2927.87,27,7,5.18955,711,330,5234,0
373,0.61456,19,0,0,0,39.026,91,8191,0,2749.18,53,0,5.54222,711,330,5234,0
835,1.37571,111,0,0,0,52.927,2731,8177,0,221.3,62,0,168.775,711,330,5234,0
1335,2.19947,302,0,22,0,79.782,5393,8143,22,506,30,22,122.16,733,352,5256,0
1298,2.13847,575,0,29,0,91.205,4630,8132,29,1030,27,29,12.6863,762,381,5285,0
1330,2.19117,1897,0,8,0,91.205,4630,8132,8,2091,0,8,12.6863,770,389,5293,0
525,0.864992,21,0,2158,0,61.553,2612,8191,26,2212.44,28,2,4.25678,796,391,7451,0
811,1.33602,221,0,1,0,58.064,2316,8191,1,158,60,1,81.042,797,392,7452,0
1582,2.60645,132,0,7,0,91.201,3121,8185,7,313,40,7,18.4477,804,399,7459,0
1421,2.34117,167,0,10,0,85.099,858,8181,10,564.044,32,10,3.57946,814,409,7469,0
1249,2.05775,168,0,17,0,97.179,6955,8191,17,1833,22,17,3.33885,831,426,7486,0
592,0.975383,20,0,0,0,41.686,142,8182,0,1759.47,63,0,2.8807,831,426,7486,0
618,1.01809,39,0,0,0,51.703,749,8191,0,1689.89,59,0,3.02738,831,426,7486,0
642,1.0577,57,0,0,0,49.247,801,8191,0,1631.98,56,0,3.41466,831,426,7486,0
770,1.26866,91,0,0,0,33.416,569,8191,0,1196.24,56,0,3.36851,831,426,7486,0
1371,2.25887,57,0,6,0,79.897,1025,8171,6,887.055,47,6,4.56002,837,432,7492,0
1215,2.0019,139,0,0,0,45.774,271,8183,0,868.111,67,0,3.59264,837,432,7492,0
932,1.53549,55,0,5,0,55.392,4065,8168,5,1208.94,55,5,2.9697,842,437,7497,0
891,1.46779,43,0,0,0,43.13,4703,8175,0,1174.02,65,0,3.43443,842,437,7497,0
921,1.51728,38,0,0,0,56.373,4887,8186,0,1141.07,65,0,3.45421,842,437,7497,0
1183,1.94897,120,0,3,0,81.461,4995,8170,3,299.827,46,3,37.3338,845,440,7500,0
1336,2.20103,164,0,7,0,81.168,11304,8191,7,263,41,7,85.5296,852,447,7507,0
1478,2.43494,136,0,10,0,98.095,6629,8177,10,281,38,10,238.761,862,457,7517,0
1339,2.20606,281,0,36,0,88.939,2812,8191,36,1760,28,35,8.31746,898,492,7553,0
885,1.45792,851,0,873,0,89.976,1749,8191,46,4013,6,21,4.96378,944,513,8426,0
273,0.449767,6,0,0,0,41.649,49,8190,8,3684.73,58,0,3.36686,952,513,8426,0
355,0.584871,28,0,0,0,32.762,51,8187,0,2260.45,55,0,3.59099,952,513,8426,0
578,0.952279,116,0,0,0,39.952,133,8177,0,1505.14,55,0,3.38829,952,513,8426,0
855,1.4087,51,0,0,0,34.29,124,8191,0,1070.22,72,0,2.91202,952,513,8426,0
1037,1.70854,104,0,0,0,67.19,3816,8190,0,873.828,66,0,4.19251,952,513,8426,0
1310,2.15828,160,0,1,0,71.337,1332,8191,1,446.115,64,1,6.06629,953,514,8427,0
1443,2.3771,146,0,8,0,83.895,4738,8186,8,902,43,8,3.03232,961,522,8435,0
796,1.3114,37,0,11,0,62.364,2824,8191,11,2010.82,37,11,2.78842,972,533,8446,0
544,0.896223,49,0,0,0,42.131,2331,8182,0,1929.35,57,0,3.73602,972,533,8446,0
564,0.92917,36,0,0,0,35.124,187,8183,0,1835.84,60,0,3.48552,972,533,8446,0
1161,1.91283,145,0,3,0,95.583,7713,8186,3,127,59,3,304.063,975,536,8449,0
1552,2.55666,189,0,6,0,102.545,8416,8109,6,248.628,34,6,13.1642,981,542,8455,0
1283,2.11369,1077,0,14,0,97.473,3731,8154,14,642,9,14,34.2702,995,556,8469,0
1423,2.34436,2491,0,9,0,97.473,3731,8154,9,1469,0,9,34.2702,1004,565,8478,0
1124,1.85181,3608,0,7,0,97.473,3731,8154,7,2982,0,7,34.2702,1011,572,8485,0
422,0.695266,29,0,3642,0,29.963,169,8191,53,1940.45,48,0,4.08045,1064,572,12127,0
1016,1.67394,139,0,3,0,80.177,2158,8176,3,249.625,53,3,79.2029,1067,575,12130,0
1397,2.30161,184,0,6,0,102.979,6704,8191,6,360,43,6,190.751,1073,581,12136,0
1359,2.23874,179,0,8,0,102.714,7960,8060,8,374,31,8,213.612,1081,589,12144,0
1418,2.33619,293,0,10,0,96.023,9770,8170,10,761,27,10,11.9595,1091,599,12154,0
1394,2.29664,369,0,6,0,96.978,12552,8191,6,348,44,6,334.921,1097,605,12160,0
1723,2.83858,138,0,7,0,119.793,42580,8191,7,227,36,7,435.44,1104,612,12167,0
1294,2.13193,188,0,7,0,99.566,5058,8191,7,419,34,7,43.6193,1111,619,12174,0
1355,2.23239,135,0,8,0,95.666,4740,8180,8,939.875,26,8,4.30293,1119,627,12182,0
1509,2.48611,147,0,12,0,92.421,3993,8191,12,2107,45,12,2.32203,1131,639,12194,0
1129,1.86006,20,0,5,0,128.034,39591,8191,5,3725.65,34,5,3.96509,1136,644,12199,0
297,0.489311,52,0,0,0,73.738,807,8191,0,3455.31,50,0,6.84744,1136,644,12199,0
344,0.566739,13,0,0,0,47.624,67,8185,0,2932.47,64,0,3.80358,1136,644,12199,0
376,0.61942,24,0,0,0,42.686,640,8182,0,2762.36,55,0,3.502,1136,644,12199,0
401,0.660683,17,0,0,0,50.13,114,8183,0,2359.55,59,0,3.6256,1136,644,12199,0
587,0.967077,34,0,0,0,34.093,1174,8170,0,1506.46,60,0,3.2548,1136,644,12199,0
844,1.39048,24,0,0,0,46.808,128,8171,0,1084.82,66,0,3.20371,1136,644,12199,0
1107,1.82385,131,0,1,0,77.822,4674,8176,1,190.345,56,1,56.8115,1137,645,12200,0
1332,2.19447,141,0,13,0,97.302,7056,8019,13,547,20,13,7.1243,1150,658,12213,0
1407,2.31818,179,0,20,0,96.689,11365,8187,20,1393.87,38,20,2.5989,1170,678,12233,0
1116,1.8388,223,0,29,0,67.681,3600,8160,28,240,45,29,88.3658,1198,707,12262,0
1391,2.29179,879,0,54,0,87.554,1915,8191,55,1584,19,50,9.49248,1253,757,12316,0
677,1.11537,15,0,1183,0,57.463,2477,8191,34,1724.83,35,2,2.98947,1287,759,13499,0
631,1.03959,36,0,0,0,64.534,2512,8183,0,1662.88,56,0,2.9631,1287,759,13499,0
727,1.19771,117,0,0,0,73.025,8717,8191,0,848.056,57,0,39.6954,1287,759,13499,0
1376,2.26699,198,0,6,0,99.606,5334,8191,6,538.256,40,6,123.701,1293,765,13505,0
1551,2.55542,331,0,4,0,79.808,7475,8171,4,756.55,49,4,4.57814,1297,769,13509,0
1409,2.32148,202,0,23,0,89.644,8621,8170,23,869,41,23,49.6295,1320,792,13532,0
1171,1.9294,19,0,1214,0,89.036,7852,6993,48,1754,5,15,27.2909,1368,807,14746,0
666,1.09728,62,0,0,0,41.31,937,8187,0,1557.33,59,0,3.02243,1368,807,14746,0
774,1.27519,61,0,0,0,57.744,3079,8175,0,790.185,71,0,49.1351,1368,807,14746,0
1439,2.37095,208,0,18,0,77.108,9537,8121,18,1218,37,18,3.76074,1386,825,14764,0
1312,2.16166,833,0,9,0,78.566,5978,8166,9,233,29,9,395.723,1395,834,14773,0
1398,2.30317,2222,0,9,0,78.566,5978,8166,9,602,0,9,395.723,1404,843,14782,0
1387,2.28505,211,0,2947,0,93.378,8049,8130,237,957,9,6,120.571,1641,849,17729,0
1592,2.62294,291,0,16,0,109.343,11897,8169,16,326,29,16,86.1492,1657,865,17745,0
1370,2.25702,1056,0,36,0,108.925,9105,8166,36,1923,13,36,23.7131,1693,901,17781,0
465,0.766095,42,0,1227,0,44.785,1023,8187,20,2166.01,31,2,3.26139,1713,903,19008,0
504,0.830356,40,0,0,0,57.18,2552,8188,0,2066.64,52,0,3.68328,1713,903,19008,0
979,1.61297,143,0,1,0,80.849,5823,8189,1,147.004,54,1,141.224,1714,904,19009,0
1334,2.1979,149,0,12,0,90.465,2484,8191,12,401.049,35,12,92.6604,1726,916,19021,0
1492,2.45812,145,0,8,0,82.349,11020,8068,8,624.65,35,8,7.51982,1734,924,19029,0
1388,2.28669,227,0,9,0,83.429,4434,8191,9,357,37,9,22.7951,1743,933,19038,0
1405,2.3149,148,0,14,0,92.202,11212,8037,14,713.694,29,14,3.02738,1757,947,19052,0
1504,2.47798,211,0,30,0,93.309,2903,8146,30,2925,33,29,49.3807,1787,976,19082,0
1294,2.13191,259,0,14,0,59.895,7731,8191,14,238,47,13,174.367,1801,989,19096,0
1312,2.16166,262,0,27,0,83.395,9481,8191,27,1258,28,27,41.9301,1828,1016,19123,0
752,1.2389,30,0,13,0,43.153,1098,8191,13,2010.06,48,13,8.06696,1841,1029,19136,0
551,0.907771,31,0,0,0,33.44,526,8191,0,1902.23,62,0,4.52376,1841,1029,19136,0
571,0.940712,68,0,0,0,36.658,165,8187,0,1821.17,56,0,3.69152,1841,1029,19136,0
599,0.986866,23,0,0,0,42.917,91,8191,0,1746.73,67,0,3.83654,1841,1029,19136,0
623,1.02641,49,0,0,0,34.199,81,8188,0,1673.08,60,0,3.93213,1841,1029,19136,0
864,1.42357,98,0,0,0,34.802,1946,8155,0,180.528,65,0,224.908,1841,1029,19136,0
1427,2.35111,153,0,6,0,93.14,7630,8181,6,230,45,6,5.69714,1847,1035,19142,0
1411,2.32469,221,0,9,0,87.57,1917,8191,9,515,28,9,14.2684,1856,1044,19151,0
1318,2.17145,407,0,40,0,87.2,1574,8191,40,2672,21,40,3.97168,1896,1084,19191,0
487,0.802299,12,0,816,0,65.082,386,8188,27,4681.69,16,15,2.18195,1923,1099,20007,0
240,0.395401,9,0,0,0,40.327,33,8185,0,4251.74,52,0,2.3072,1923,1099,20007,0
262,0.431655,14,0,0,0,61.386,51,8182,0,3885.03,52,0,3.23502,1923,1099,20007,0
335,0.551955,25,0,0,0,36.837,52,8188,0,2350.74,55,0,3.97498,1923,1099,20007,0
584,0.962149,35,0,0,0,32.864,534,8191,0,1502.86,62,0,3.53496,1923,1099,20007,0
825,1.35917,45,0,0,0,44.817,105,8191,0,1104.49,64,0,3.45915,1923,1099,20007,0
1098,1.8088,25,0,0,0,45.94,3325,8191,0,871.689,70,0,2.72414,1923,1099,20007,0
1321,2.17651,115,0,1,0,54.512,321,8191,1,829,69,1,3.04056,1924,1100,20008,0
1302,2.14519,71,0,0,0,49.453,1933,8191,0,813.224,66,0,2.73898,1924,1100,20008,0
1203,1.98199,63,0,2,0,70.1,1849,8190,2,1009.93,63,2,2.50331,1926,1102,20010,0
1068,1.75949,35,0,0,0,39.962,2442,8191,0,984.866,68,0,3.06693,1926,1102,20010,0
1095,1.80404,34,0,0,0,40.79,1334,8179,0,959.907,65,0,2.98618,1926,1102,20010,0
1124,1.85195,55,0,1,0,43.667,1242,8181,1,969.998,64,1,2.92355,1927,1103,20011,0
1108,1.82544,72,0,0,0,42.486,4067,8185,0,930.466,65,0,74.8505,1927,1103,20011,0
1386,2.2834,211,0,9,0,83.628,3451,8171,9,387,36,9,71.2793,1936,1112,20020,0
1550,2.55365,245,0,9,0,78.441,11883,8191,9,665,34,9,198.981,1945,1121,20029,0
1264,2.08258,369,0,25,0,89.189,15594,8191,25,1377,24,24,15.2374,1970,1145,20054,0
996,1.64103,1346,0,1357,0,89.189,15594,8191,20,3539,0,11,15.2374,1990,1156,21411,0
331,0.545336,23,0,0,0,47.609,1476,8177,33,3047.24,42,0,2.96146,2023,1156,21411,0
362,0.596398,33,0,0,0,61.458,231,8191,0,2859.06,53,0,3.37181,2023,1156,21411,0
386,0.635933,21,0,0,0,38.421,674,8184,0,2675.47,55,0,3.2169,2023,1156,21411,0
406,0.668881,17,0,0,0,68.052,2412,8175,0,2544.75,46,0,2.9219,2023,1156,21411,0
431,0.710076,25,0,0,0,39.974,927,8184,0,2374.36,56,0,9.89789,2023,1156,21411,0
645,1.06263,36,0,0,0,36.981,3771,8191,0,1300.11,60,0,4.3705,2023,1156,21411,0
962,1.58492,57,0,0,0,34.787,157,8191,0,962.31,67,0,3.97003,2023,1156,21411,0
1213,1.99844,123,0,0,0,72.152,1769,8191,0,824.289,67,0,2.72909,2023,1156,21411,0
1063,1.75132,47,0,2,0,58.991,545,8183,2,1020.6,65,2,3.3405,2025,1158,21413,0
1061,1.74803,39,0,0,0,54.353,6987,8179,0,996.199,71,0,2.86422,2025,1158,21413,0
1180,1.94401,129,0,0,0,80.217,2610,8191,0,185.99,67,0,87.3044,2025,1158,21413,0
1562,2.5736,510,0,6,0,94.423,7304,8026,6,330,31,6,28.339,2031,1164,21419,0
1386,2.28377,174,0,13,0,105.409,6398,8155,13,632.083,29,13,105.955,2044,1177,21432,0
1450,2.38903,876,0,9,0,108.645,10412,8047,9,1096,8,9,38.4231,2053,1186,21441,0
958,1.57835,1815,0,19,0,108.645,10412,8047,19,3569,0,19,38.4231,2072,1205,21460,0
340,0.560148,16,0,1838,0,54.614,2059,8187,18,2888.58,46,0,2.70931,2090,1205,23298,0
1189,1.95886,242,0,8,0,80.356,3863,8114,8,544,40,8,9.18595,2098,1213,23306,0
1380,2.27356,1499,0,15,0,84.107,4022,8140,15,1245,2,15,7.67144,2113,1228,23321,0
790,1.30158,35,0,2123,0,79.27,2392,8171,32,1985.11,11,4,4.04749,2145,1232,25444,0
548,0.902837,36,0,0,0,39.411,116,8182,0,1899.15,58,0,3.18064,2145,1232,25444,0
574,0.945672,65,0,0,0,34.173,90,8183,0,1826.31,55,0,3.48222,2145,1232,25444,0
622,1.02474,39,0,0,0,43.492,121,8182,0,1488.65,65,0,3.7459,2145,1232,25444,0
850,1.40036,44,0,0,0,42.885,552,8157,0,1096.79,63,0,3.73272,2145,1232,25444,0
1037,1.70856,94,0,0,0,54.098,1448,8191,0,863.743,63,0,3.55144,2145,1232,25444,0
1418,2.33637,245,0,5,0,71.82,4048,8171,5,232,55,5,23.7675,2150,1237,25449,0
1296,2.13514,152,0,19,0,91.648,4948,8079,19,852,23,19,3.90246,2169,1256,25468,0
1425,2.34682,93,0,15,0,91.601,14974,8182,15,653,29,15,128.369,2184,1271,25483,0
1261,2.07656,52,0,12,0,68.452,4106,8191,12,892.04,33,12,293.006,2196,1283,25495,0
1357,2.2356,114,0,7,0,82.526,577,8170,7,268.815,42,7,18.7493,2203,1290,25502,0
1327,2.18627,229,0,14,0,85.045,10788,8144,14,774,29,14,3.0867,2217,1304,25516,0
1194,1.9672,705,0,27,0,83.686,2931,8156,27,5091,16,27,2.42586,2244,1331,25543,0
212,0.349281,9,0,761,0,37.694,115,8191,27,4756.81,29,0,3.15757,2271,1331,26304,0
262,0.431648,11,0,0,0,34.197,33,8181,0,2932.34,50,0,3.63384,2271,1331,26304,0
481,0.792186,16,0,0,0,74.097,5331,8171,0,1721.1,56,0,3.61571,2271,1331,26304,0
752,1.23887,77,0,0,0,41.561,344,8174,0,1217.99,61,0,4.26173,2271,1331,26304,0
998,1.64429,58,0,0,0,51.643,119,8191,0,937.185,68,0,2.89883,2271,1331,26304,0
1392,2.29364,243,0,5,0,88.794,20062,8135,4,701,47,5,4.68362,2275,1336,26309,0
1075,1.77104,1056,0,10,0,98.271,21293,8191,11,1803,4,10,3.93378,2286,1346,26319,0
602,0.991806,25,0,1062,0,64.544,765,8187,23,1737.22,55,0,2.99606,2309,1346,27381,0
623,1.02647,24,0,0,0,36.911,2523,8185,0,1669.36,68,0,3.02408,2309,1346,27381,0
649,1.06922,25,0,0,0,46.075,132,8178,0,1620.66,57,0,3.28941,2309,1346,27381,0
669,1.10205,32,0,0,0,43.478,892,8191,0,1394.25,61,0,75.6119,2309,1346,27381,0
1600,2.63584,319,0,5,0,92.548,16882,8191,4,333,36,5,368.348,2313,1351,27386,0
1388,2.28688,133,0,7,0,79.985,14805,8084,8,248.246,42,7,419.961,2321,1358,27393,0
1338,2.2044,217,0,22,0,90.192,1492,8161,22,1106,29,22,34.3674,2343,1380,27415,0
839,1.38219,771,0,42,0,88.548,846,8167,42,6489,6,41,16.831,2385,1421,27457,0
203,0.334383,10,0,777,0,51.926,35,8191,22,4750.44,45,0,3.59594,2407,1421,28234,0
265,0.436611,17,0,0,0,39.108,31,8191,0,2945.45,52,0,3.54155,2407,1421,28234,0
490,0.80738,32,0,0,0,37.025,81,8185,0,1707.92,55,0,3.41301,2407,1421,28234,0
720,1.18626,70,0,0,0,59.109,734,8173,0,1247.65,54,0,3.56462,2407,1421,28234,0
963,1.58675,122,0,0,0,104.187,24300,8173,0,994.523,56,0,3.09165,2407,1421,28234,0
1141,1.87982,70,0,1,0,43.546,797,8182,1,963.398,72,1,3.34709,2408,1422,28235,0
1111,1.83032,71,0,0,0,37.934,614,8162,0,939.504,72,0,3.22843,2408,1422,28235,0
1315,2.16644,175,0,2,0,81.855,10502,8165,2,186.72,56,2,221.613,2410,1424,28237,0
1483,2.4433,128,0,5,0,83.514,5745,8171,5,238.421,46,5,24.4695,2415,1429,28242,0
1431,2.35761,121,0,7,0,84.377,5923,8176,7,432.023,34,7,159.617,2422,1436,28249,0
1436,2.3658,307,0,5,0,85.272,8637,8187,5,374,45,5,14.4711,2427,1441,28254,0
1253,2.06434,93,0,7,0,88.933,1134,8175,7,653.584,39,7,95.1918,2434,1448,28261,0
1290,2.12523,364,0,32,0,83.562,1462,8170,32,3227,20,32,192.89,2466,1480,28293,0
531,0.874865,547,0,864,0,83.654,1284,7901,58,8286,1,26,169.157,2524,1506,29157,0
1202,1.98045,782,0,48,0,68.762,921,8159,64,1456,23,39,95.0599,2588,1545,29205,0
603,0.993448,29,0,922,0,76.395,3474,8177,90,1380.26,32,1,4.85501,2678,1546,30127,0
898,1.47949,70,0,0,0,45.29,1290,8174,0,1049.87,59,0,3.40642,2678,1546,30127,0
1139,1.87662,150,0,1,0,57.683,1169,8191,1,939,61,1,3.68987,2679,1547,30128,0
858,1.41367,43,0,4,0,54.213,7242,8182,4,1308.51,48,4,2.7604,2683,1551,30132,0
826,1.36087,46,0,0,0,48.686,200,8170,0,1264.82,64,0,3.17899,2683,1551,30132,0
856,1.41033,34,0,0,0,30.716,128,8191,0,1224.85,68,0,3.44926,2683,1551,30132,0
780,1.28509,68,0,0,0,74.213,4427,8182,0,1194.14,58,0,2.95157,2683,1551,30132,0
1056,1.73986,107,0,0,0,63.418,2754,8179,0,122.165,70,0,224.777,2683,1551,30132,0
1451,2.39055,131,0,8,0,87.209,5143,8191,8,179.754,43,8,139.129,2691,1559,30140,0
1732,2.85304,205,0,4,0,111.461,10065,8165,4,252.133,37,4,148.009,2695,1563,30144,0
1483,2.44327,229,0,11,0,106.474,11179,8191,11,236,41,11,134.38,2706,1574,30155,0
1483,2.44339,1605,0,17,0,103.59,10902,8149,17,689,2,17,103.595,2723,1591,30172,0
1356,2.23405,11,0,2833,0,102.836,9503,5364,123,1245,1,6,91.0899,2846,1597,33005,0
1207,1.98865,197,0,20,0,98.719,5729,8191,20,2969.99,24,20,79.0859,2866,1617,33025,0
722,1.18951,117,0,677,0,79.897,4151,8160,32,259.958,10,20,149.724,2898,1637,33702,0
1468,2.41848,133,0,8,0,84.944,830,8069,8,404,32,8,7.31218,2906,1645,33710,0
935,1.5405,828,0,18,0,84.814,828,8108,18,2112,3,18,5.92291,2924,1663,33728,0
457,0.752957,18,0,828,0,62.079,1815,8179,87,2037.14,37,0,3.80358,3011,1663,34556,0
545,0.897942,35,0,0,0,38.564,543,8191,0,1743.12,53,0,46.8559,3011,1663,34556,0
840,1.38396,284,0,9,0,101.979,284,8119,9,318,30,9,133.462,3020,1672,34565,0
1101,1.8138,171,0,295,0,86.83,171,8175,99,610,31,11,4.98685,3119,1683,34860,0
1253,2.06433,118,0,2,0,48.513,280,8164,2,759.959,66,2,3.14109,3121,1685,34862,0
1123,1.8502,32,0,4,0,41.704,94,8184,4,940.821,70,4,3.0076,3125,1689,34866,0
1148,1.89143,103,0,0,0,44.28,132,8169,0,919.539,67,0,3.05869,3125,1689,34866,0
1017,1.67562,79,0,1,0,48.3,4647,8184,1,1010.45,66,1,2.97629,3126,1690,34867,0
1071,1.76457,51,0,0,0,41.141,285,8191,0,982.459,66,0,4.13483,3126,1690,34867,0
1242,2.04625,182,0,3,0,65.701,1119,8185,3,285,48,3,136.21,3129,1693,34870,0
1401,2.30817,129,0,9,0,101.464,8990,8153,9,540.86,32,9,100.713,3138,1702,34879,0
1207,1.98867,162,0,23,0,89.348,3175,8114,23,1255,36,23,6.4272,3161,1725,34902,0
1112,1.83198,309,0,21,0,82.176,569,8159,21,3731,25,21,14.9721,3182,1746,34923,0
310,0.510701,33,0,335,0,86.675,221,8189,13,3244.39,45,0,3.47398,3195,1746,35258,0
338,0.556883,25,0,0,0,45.596,87,8189,0,3059.74,47,0,3.5844,3195,1746,35258,0
362,0.596386,21,0,0,0,58.72,95,8186,0,2850.43,58,0,4.50728,3195,1746,35258,0
386,0.63594,17,0,0,0,67.206,2919,8191,0,2685.11,53,0,4.76766,3195,1746,35258,0
441,0.72657,37,0,0,0,44.625,420,8182,0,2016.03,53,0,4.33424,3195,1746,35258,0
629,1.03616,115,0,0,0,61.85,3641,8173,0,1428.52,54,0,3.5432,3195,1746,35258,0
886,1.45974,97,0,0,0,46.603,2620,8167,0,1050.39,70,0,3.98816,3195,1746,35258,0
1166,1.921,258,0,3,0,71.805,2363,8180,3,216,57,3,112.178,3198,1749,35261,0
1384,2.28022,165,0,17,0,96.703,5699,8182,17,691.139,27,17,6.02509,3215,1766,35278,0
1322,2.17808,199,0,9,0,100.413,10210,8187,9,1452,24,9,124.004,3224,1775,35287,0
1478,2.43502,148,0,11,0,80.288,9772,8152,11,716,38,11,166.801,3235,1786,35298,0
1323,2.17943,1005,0,15,0,83.923,3174,8155,15,1562,11,15,40.3612,3250,1801,35313,0
718,1.18299,29,0,1382,0,75.639,8839,8183,60,1611.79,26,3,3.83654,3310,1804,36695,0
928,1.52895,239,0,1,0,74.474,4963,8191,1,273,52,1,214.354,3311,1805,36696,0
1521,2.50591,235,0,5,0,108.217,4007,8040,5,354,48,5,192.149,3316,1810,36701,0
1446,2.38256,113,0,6,0,90.313,14336,8166,6,535,29,6,222.676,3322,1816,36707,0
1402,2.30999,173,0,16,0,90.307,9514,8181,16,1617,25,16,25.249,3338,1832,36723,0
1007,1.65916,24,0,6,0,70.471,2748,8184,6,2370.83,43,6,3.38664,3344,1838,36729,0
460,0.757861,12,0,0,0,38.227,123,8191,0,2243.19,58,0,3.52013,3344,1838,36729,0
483,0.795798,44,0,0,0,77.303,1061,8187,0,2142.27,53,0,3.92389,3344,1838,36729,0
634,1.04461,34,0,0,0,39.555,109,8179,0,1414.84,64,0,3.78875,3344,1838,36729,0
893,1.47123,76,0,0,0,50.818,2646,8191,0,1049.55,60,0,3.04056,3344,1838,36729,0
1110,1.82874,61,0,0,0,58.572,134,8191,0,830.018,72,0,3.40806,3344,1838,36729,0
1305,2.15007,111,0,0,0,60.108,1542,8186,0,772.324,67,0,2.83456,3344,1838,36729,0
1031,1.69856,32,0,6,0,41.36,533,8191,6,1347.23,48,6,3.05869,3350,1844,36735,0
804,1.3246,41,0,0,0,33.119,86,8184,0,1304.01,61,0,3.7459,3350,1844,36735,0
828,1.36418,37,0,0,0,93.402,12239,8191,0,1265.4,58,0,4.15296,3350,1844,36735,0
851,1.40194,27,0,0,0,47.407,698,8174,0,1228.1,63,0,2.89718,3350,1844,36735,0
885,1.45805,49,0,0,0,62.004,3259,8191,0,1138.35,64,0,8.23341,3350,1844,36735,0
1366,2.25065,124,0,3,0,92.792,3146,8191,3,471.599,54,3,4.68197,3353,1847,36738,0
1299,2.14025,133,0,12,0,83.551,4133,8059,12,1074,31,12,3.89422,3365,1859,36750,0
889,1.46466,72,0,1,0,60.507,976,8172,1,1179.06,58,1,3.69811,3366,1860,36751,0
916,1.50913,76,0,0,0,36.526,144,8180,0,1146.62,63,0,2.65493,3366,1860,36751,0
945,1.55696,100,0,0,0,40.133,1077,8191,0,1118.16,59,0,2.8016,3366,1860,36751,0
1181,1.94576,250,0,1,0,47.06,3118,8178,1,665,68,1,7.95325,3367,1861,36752,0
1244,2.04953,192,0,8,0,63.578,3403,8116,8,267,37,8,55.8985,3375,1869,36760,0
1408,2.31968,1458,0,35,0,75.28,3470,8122,35,2536,2,35,43.6176,3410,1904,36795,0
461,0.759537,70,0,1590,0,50.603,557,8188,66,1482.56,26,4,4.50893,3476,1908,38385,0
840,1.38381,44,0,0,0,74.919,272,8171,0,1100.71,63,0,4.0821,3476,1908,38385,0
1120,1.84522,129,0,0,0,38.04,1114,8169,0,852.872,66,0,3.4163,3476,1908,38385,0
1284,2.11543,173,0,3,0,73.128,3860,8165,3,939.939,53,3,3.91235,3479,1911,38388,0
1334,2.19783,130,0,13,0,84.846,3781,8191,13,405,36,13,84.0414,3492,1924,38401,0
1456,2.39865,269,0,23,0,87.2,4850,8149,23,1440.51,29,23,4.10352,3515,1947,38424,0
579,0.953887,34,0,7,0,52.867,354,8177,7,2496.81,44,7,2.62362,3522,1954,38431,0
439,0.723331,23,0,0,0,60.375,283,8186,0,2362.33,61,0,4.13318,3522,1954,38431,0
514,0.846853,46,0,0,0,38.709,81,8167,0,527.84,56,0,207.043,3522,1954,38431,0
1317,2.16993,159,0,4,0,75.206,6506,8172,4,336,60,4,2.66646,3526,1958,38435,0
1298,2.13847,1250,0,35,0,79.679,6975,8191,35,1236,3,34,2.57582,3561,1992,38470,0
881,1.45144,20,0,1944,0,83.687,4963,8185,72,1749.91,12,6,2.93674,3633,1998,40414,0
622,1.02486,18,0,0,0,41.166,178,8162,0,1597.29,57,0,68.3409,3633,1998,40414,0
1250,2.05944,140,0,5,0,83.151,424,8191,5,560,44,5,4.21394,3638,2003,40419,0
1250,2.05938,155,0,7,0,77.051,1123,8117,7,1132,39,7,3.23502,3645,2010,40426,0
854,1.40698,118,0,2,0,36.967,2642,8191,2,1246.34,49,2,3.01914,3647,2012,40428,0
884,1.4564,58,0,0,0,52.449,216,8172,0,1154.01,69,0,2.81973,3647,2012,40428,0
951,1.56662,50,0,0,0,40.31,356,8183,0,1038.91,65,0,4.00794,3647,2012,40428,0
1135,1.86991,107,0,0,0,53.077,1921,8191,0,896.422,60,0,2.48518,3647,2012,40428,0
1268,2.08893,85,0,0,0,42.521,148,8191,0,809.752,75,0,2.62691,3647,2012,40428,0
1226,2.01992,94,0,2,0,57.551,4936,8191,2,1008.71,58,2,3.22184,3649,2014,40430,0
957,1.57682,68,0,1,0,46.952,963,8188,1,1107.4,60,1,2.65987,3650,2015,40431,0
974,1.60475,148,0,0,0,45.863,2932,8164,0,1082.24,57,0,4.04914,3650,2015,40431,0
1056,1.73974,233,0,6,0,66.12,1661,8121,6,220,45,6,149.952,3656,2021,40437,0
1445,2.38066,118,0,7,0,90.091,4030,8172,7,430.591,38,7,3.64867,3663,2028,40444,0
1343,2.2126,255,0,17,0,76.785,3921,8177,17,1403,33,17,2.4308,3680,2045,40461,0
818,1.34767,11,0,367,0,82.35,4555,8184,36,4028.43,15,20,2.74886,3716,2065,40828,0
274,0.451427,11,0,0,0,34.052,68,8187,0,3722.52,58,0,2.60054,3716,2065,40828,0
300,0.494316,16,0,0,0,49.871,758,8185,0,3263.33,51,0,24.9672,3716,2065,40828,0
1044,1.72007,241,0,6,0,60.901,275,8131,6,432,39,6,58.8369,3722,2071,40834,0
1262,2.07895,72,0,21,0,66.573,2601,8179,21,1544.91,39,21,2.38301,3743,2092,40855,0
703,1.15826,77,0,0,0,38.22,641,8170,0,1493.68,65,0,3.20701,3743,2092,40855,0
802,1.32125,46,0,0,0,37.963,1354,8180,0,1065.77,65,0,15.3264,3743,2092,40855,0
1176,1.93751,145,0,0,0,43.395,1796,8191,0,235.977,62,0,165.471,3743,2092,40855,0
1314,2.16477,139,0,7,0,80.104,2628,8185,7,198.807,43,7,14.4052,3750,2099,40862,0
1369,2.25555,354,0,22,0,94.648,591,8150,22,929,21,22,3.71294,3772,2121,40884,0
560,0.922625,33,0,600,0,68.884,3835,8176,38,1477.78,18,11,2.56923,3810,2132,41484,0
769,1.26696,39,0,0,0,35.307,366,8180,0,1200.06,68,0,3.72613,3810,2132,41484,0
1029,1.69539,56,0,0,0,35.219,1721,8165,0,906.379,62,0,3.33226,3810,2132,41484,0
1310,2.15826,130,0,0,0,57.978,392,8191,0,758.328,71,0,2.62197,3810,2132,41484,0
1168,1.92434,78,0,2,0,50.061,2663,8191,2,942.485,58,2,3.01419,3812,2134,41486,0
1159,1.9094,39,0,0,0,45.658,1768,8190,0,863.39,69,0,6.56728,3812,2134,41486,0
1251,2.06104,147,0,0,0,42.134,1346,8165,0,820.058,63,0,3.44762,3812,2134,41486,0
1367,2.25215,245,0,4,0,60.722,1658,8176,4,906,66,4,2.95816,3816,2138,41490,0
1193,1.9655,67,0,0,0,45.556,248,8187,0,885.777,70,0,3.23667,3816,2138,41490,0
1217,2.005,81,0,0,0,41.752,2559,8177,0,865.087,70,0,2.98782,3816,2138,41490,0
1240,2.04287,138,0,5,0,64.078,1107,8066,5,392.075,50,5,14.8089,3821,2143,41495,0
1309,2.15647,429,0,3,0,85.826,670,8183,3,555,45,3,2.98453,3824,2146,41498,0
1261,2.07768,84,0,30,0,102.606,2353,8191,30,3256,27,30,2.53298,3854,2176,41528,0
337,0.55526,17,0,0,0,42.339,521,8190,0,3058.8,52,0,2.77688,3854,2176,41528,0
361,0.594799,30,0,0,0,35.958,89,8191,0,2874.18,45,0,2.87246,3854,2176,41528,0
381,0.627751,48,0,0,0,60.922,67,8187,0,2706.17,55,0,3.98816,3854,2176,41528,0
679,1.11866,142,0,0,0,58.139,3257,8153,0,139.39,63,0,191.152,3854,2176,41528,0
1281,2.11043,181,0,5,0,87.036,5200,8187,5,181.939,44,5,172.605,3859,2181,41533,0
1353,2.22914,267,0,19,0,99.568,7872,8191,19,900,25,19,42.7656,3878,2200,41552,0
1246,2.05266,666,0,39,0,100.066,8000,8153,39,2911,15,37,7.7011,3917,2237,41591,0
443,0.72986,28,0,1017,0,87.405,1922,8187,24,4550.37,11,7,4.16614,3941,2244,42608,0
267,0.439883,34,0,0,0,39.688,90,8187,0,3589.86,55,0,3.28117,3941,2244,42608,0
309,0.509059,35,0,0,0,43.327,58,8191,0,3318.27,53,0,4.5287,3941,2244,42608,0
427,0.703484,25,0,0,0,34.849,63,8182,0,1895.51,57,0,4.42488,3941,2244,42608,0
679,1.11871,61,0,0,0,41.843,102,8189,0,1313.09,56,0,3.35038,3941,2244,42608,0
957,1.57672,76,0,0,0,37.366,299,8175,0,975.075,66,0,2.7225,3941,2244,42608,0
1163,1.91584,114,0,0,0,43.845,136,8183,0,790.163,70,0,4.01288,3941,2244,42608,0
1419,2.33797,88,0,1,0,70.384,569,8155,1,773.202,72,1,3.40147,3942,2245,42609,0
1265,2.0842,42,0,2,0,42.651,118,8171,2,959.445,65,2,3.21195,3944,2247,42611,0
1028,1.69362,118,0,0,0,57.946,5060,8191,0,936.795,60,0,2.96475,3944,2247,42611,0
1187,1.9556,179,0,0,0,46.902,303,8191,0,276.803,66,0,418.478,3944,2247,42611,0
1282,2.11213,282,0,22,0,86.511,4464,8156,20,675,24,22,82.5285,3964,2269,42633,0
1268,2.08885,1346,0,36,0,90.35,3172,8191,38,2785,4,35,65.5278,4002,2304,42669,0
854,1.40699,108,0,1480,0,82.626,5264,8170,24,244,26,10,146.356,4026,2314,44149,0
1399,2.30489,247,0,8,0,84.962,6061,8191,9,420,30,8,5.65264,4035,2322,44157,0
1460,2.4054,320,0,8,0,89.933,1103,8088,8,678,25,8,33.8384,4043,2330,44165,0
1532,2.52395,226,0,9,0,79.851,2950,8191,9,1408,27,9,9.32933,4052,2339,44174,0
1021,1.6822,160,0,651,0,77.083,1985,8191,29,563.374,15,5,137.578,4081,2344,44825,0
1343,2.21262,190,0,14,0,83.964,1366,8191,13,493,43,14,114.656,4094,2358,44839,0
1520,2.50409,239,0,22,0,83.323,2442,8172,23,487,39,22,152.221,4117,2380,44861,0
1393,2.29496,233,0,9,0,85.245,7626,8172,9,884,32,9,5.50762,4126,2389,44870,0
1228,2.0232,23,0,10,0,83.231,6232,8181,10,2129.87,39,10,4.93411,4136,2399,44880,0
555,0.914307,32,0,0,0,47.183,127,8181,0,1620.45,59,0,3.27787,4136,2399,44880,0
714,1.17631,115,0,0,0,68.988,7152,8189,0,1191.73,61,0,2.51485,4136,2399,44880,0
1317,2.16967,187,0,0,0,78.654,4656,8162,0,143.202,72,0,21.5608,4136,2399,44880,0
1372,2.26035,574,0,27,0,92.727,4626,8191,27,465,22,27,65.1191,4163,2426,44907,0
1251,2.06094,1765,0,60,0,92.727,4626,8191,60,1923,0,54,65.1191,4223,2480,44967,0
614,1.01154,401,0,2271,0,80.919,2129,8191,133,3142.01,7,24,27.7639,4356,2504,47238,0
673,1.10879,89,0,0,0,36.081,2055,8191,9,1262.2,48,0,3.47398,4365,2504,47238,0
1128,1.85834,163,0,2,0,76.926,4066,8191,2,162,61,2,29.4432,4367,2506,47240,0
1376,2.26708,174,0,11,0,82.947,1703,8177,11,420,34,11,36.4636,4378,2517,47251,0
1342,2.21092,169,0,13,0,89.778,6531,8191,13,1512,27,13,3.80523,4391,2530,47264,0
1019,1.67867,815,0,15,0,86.091,18076,8146,15,3063,8,15,2.96146,4406,2545,47279,0
359,0.591509,6,0,829,0,39.024,1486,8182,10,2872.92,53,0,3.05374,4416,2545,48108,0
381,0.627759,8,0,0,0,34.318,85,8187,0,2705.06,57,0,3.11966,4416,2545,48108,0
406,0.668921,35,0,0,0,39.507,75,8188,0,2547.92,54,0,3.11802,4416,2545,48108,0
432,0.71172,22,0,0,0,49.598,167,8187,0,2254.91,61,0,2.40114,4416,2545,48108,0
594,0.97869,78,0,0,0,42.282,983,8180,0,1516.35,48,0,3.11142,4416,2545,48108,0
813,1.33943,65,0,0,0,42.661,2095,8173,0,1150.12,63,0,6.386,4416,2545,48108,0
1076,1.77275,71,0,0,0,35.883,97,8170,0,872.998,68,0,2.95981,4416,2545,48108,0
1100,1.81216,54,0,1,0,67.635,3363,8191,1,832.75,59,1,3.52837,4417,2546,48109,0
1196,1.97043,79,0,2,0,56.183,3193,8175,2,1034.36,55,2,3.56133,4419,2548,48111,0
1316,2.16814,199,0,3,0,89.894,14250,8087,3,275,56,3,8.54818,4422,2551,48114,0
1496,2.46467,214,0,14,0,91.712,6796,8135,14,633,37,14,150.342,4436,2565,48128,0
1365,2.24891,130,0,11,0,84.327,7516,8176,10,1356,30,11,6.49147,4446,2576,48139,0
755,1.24383,16,0,13,0,47.162,544,8190,14,3006.64,34,13,3.10318,4460,2589,48152,0
363,0.598068,17,0,0,0,56.949,911,8190,0,2852.27,51,0,3.05869,4460,2589,48152,0
398,0.655698,14,0,0,0,50.904,1540,8173,0,2233.15,49,0,3.98486,4460,2589,48152,0
601,0.990197,30,0,0,0,29.516,110,8190,0,1492.99,59,0,5.3148,4460,2589,48152,0
791,1.30325,25,0,0,0,42.417,469,8171,0,1121.33,62,0,3.66186,4460,2589,48152,0
1002,1.65079,110,0,0,0,47.61,110,8191,0,893.019,63,0,3.32072,4460,2589,48152,0
1293,2.13019,239,0,5,0,103.265,10677,8191,5,472,54,5,283.316,4465,2594,48157,0
1271,2.09395,247,0,35,0,91.577,4867,8191,35,2204,23,33,16.0235,4500,2627,48192,0
486,0.800729,37,0,359,0,65.548,812,8191,24,2298.71,27,7,3.18723,4524,2634,48551,0
836,1.37732,303,0,0,0,45.39,1416,8171,0,294.098,51,0,45.8342,4524,2634,48551,0
1496,2.46465,199,0,11,0,119.505,13856,8191,11,680.07,22,11,111.369,4535,2645,48562,0
1232,2.02972,400,0,15,0,110.731,17654,8191,15,1679,23,14,21.7816,4550,2659,48577,0
679,1.11864,26,0,936,0,73.301,5702,8187,30,2442.54,14,9,5.28843,4580,2668,49513,0
486,0.800689,21,0,0,0,33.304,144,8179,0,1778.07,58,0,2.57253,4580,2668,49513,0
709,1.16808,28,0,0,0,90.667,12487,8191,0,1265.17,53,0,7.75714,4580,2668,49513,0
1193,1.96531,153,0,1,0,62.459,5236,8183,1,877,65,1,2.77853,4581,2669,49514,0
782,1.28845,27,0,6,0,53.95,835,8166,6,1548.2,45,6,2.2281,4587,2675,49520,0
706,1.16317,79,0,0,0,61.642,138,8177,0,1174.11,56,0,329.664,4587,2675,49520,0
1284,2.11538,207,0,20,0,84.161,6542,8152,20,540,42,19,38.6934,4607,2694,49540,0
1192,1.96381,1344,0,55,0,84.161,6542,8152,55,3573,0,53,38.6934,4662,2747,49595,0
352,0.579928,66,0,1430,0,67.117,3611,8186,125,1592.67,16,0,7.32206,4787,2747,51025,0
533,0.878152,76,0,5,0,42.855,300,8191,5,2420.59,53,5,3.4229,4792,2752,51030,0
451,0.743024,33,0,0,0,47.433,2261,8191,0,2293.98,62,0,3.31578,4792,2752,51030,0
477,0.785875,14,0,0,0,32.347,506,8181,0,2171.44,60,0,3.26963,4792,2752,51030,0
502,0.827076,56,0,0,0,42.353,85,8187,0,2084.54,59,0,3.36522,4792,2752,51030,0
521,0.858369,83,0,0,0,78.905,2732,8191,0,2006.73,53,0,3.61571,4792,2752,51030,0
949,1.56352,304,0,0,0,49.235,5767,8162,0,162.071,61,0,107.272,4792,2752,51030,0
1343,2.21264,228,0,9,0,99.979,3219,8191,9,167,36,9,12.6303,4801,2761,51039,0
1314,2.16488,805,0,35,0,91.525,3692,8133,34,1408,12,35,4.7759,4835,2796,51074,0
894,1.47288,1677,0,21,0,91.525,3692,8133,22,5148,0,21,4.7759,4857,2817,51095,0
210,0.345996,19,0,1688,0,86.069,153,8186,31,4806.53,36,0,2.60878,4888,2817,52783,0
235,0.387185,10,0,0,0,33.81,36,8191,0,4343.1,50,0,2.69942,4888,2817,52783,0
249,0.41022,27,0,0,0,69.921,88,8188,0,4018.48,49,0,2.72909,4888,2817,52783,0
279,0.459649,13,0,0,0,43.803,44,8185,0,3640.99,58,0,4.50893,4888,2817,52783,0
304,0.500844,22,0,0,0,38.888,73,8190,0,3389.25,49,0,5.48619,4888,2817,52783,0
357,0.588171,102,0,0,0,149.04,102,8191,0,154.668,48,0,85.4867,4888,2817,52783,0
6122,10.0858,2675,0,0,0,294.379,194759,8191,0,31.5204,64,0,600.454,4888,2817,52783,0
4441,7.31647,1099,0,0,0,227.003,172498,8191,0,18.3399,88,0,766.295,4888,2817,52783,0
3587,5.9099,576,0,0,0,294.714,94987,8175,0,13.1362,80,0,340.554,4888,2817,52783,0
2014,3.318,203,0,18,0,164.597,24640,8133,18,35,51,18,208.058,4906,2835,52801,0
1439,2.37087,515,0,63,0,92.316,4562,8181,63,251,30,61,7.5841,4969,2896,52864,0
1347,2.21923,1765,0,98,0,92.316,4562,8181,97,1482,0,80,7.5841,5066,2976,52962,0
1616,2.66229,3341,0,39,0,92.316,4562,8181,40,5422,0,36,7.5841,5106,3012,53001,0
349,0.574976,2476,0,3604,0,77.158,1759,8041,89,5947.62,8,3,4.24195,5195,3015,56605,0
195,0.321295,9,0,0,0,37.274,33,8191,19,4185.25,48,0,2.86587,5214,3015,56605,0
378,0.622743,35,0,0,0,30.925,490,8175,0,2087.97,56,0,3.53166,5214,3015,56605,0
642,1.05772,65,0,0,0,34.34,235,8180,0,1402.65,60,0,3.54155,5214,3015,56605,0
896,1.47614,73,0,0,0,37.46,88,8177,0,1036.34,68,0,3.8283,5214,3015,56605,0
1106,1.82208,105,0,0,0,43.064,661,8176,0,813.713,67,0,4.34907,5214,3015,56605,0
1285,2.11646,60,0,1,0,46.349,278,8191,1,843.553,76,1,2.79171,5215,3016,56606,0
1270,2.09206,69,0,0,0,54.839,1055,8176,0,827.635,70,0,2.65987,5215,3016,56606,0
1323,2.17975,123,0,2,0,54.93,1477,8191,2,153,63,2,175.537,5217,3018,56608,0
1145,1.88646,205,0,19,0,90.744,3060,8173,18,441,24,19,153.879,5235,3037,56627,0
1281,2.11007,430,0,55,0,95.238,4057,8191,56,2778,26,53,16.8805,5291,3090,56682,0
453,0.746319,20,0,726,0,58.01,1212,8187,66,3133.49,20,14,3.8761,5357,3104,57408,0
352,0.579935,15,0,0,0,58.29,152,8191,0,2945.22,52,0,3.19712,5357,3104,57408,0
372,0.612914,24,0,0,0,50.786,692,8187,0,2684.32,53,0,3.16746,5357,3104,57408,0
515,0.848499,28,0,0,0,35.653,495,8191,0,1632.56,55,0,2.95981,5357,3104,57408,0
777,1.28017,41,0,0,0,35.582,1563,8169,0,1164.78,60,0,3.29765,5357,3104,57408,0
985,1.62273,34,0,1,0,55.707,1743,8183,1,1110.05,62,1,3.6289,5358,3105,57409,0
972,1.60138,46,0,0,0,48.361,1351,8185,0,1085.47,61,0,3.04221,5358,3105,57409,0
995,1.63929,51,0,0,0,31.794,1552,8191,0,1053.9,68,0,3.46245,5358,3105,57409,0
1491,2.45646,181,0,9,0,90.664,9586,8187,8,269,42,9,223.94,5366,3114,57418,0
1429,2.35425,131,0,8,0,103.022,5309,8169,9,531,21,8,311.228,5375,3122,57426,0
1295,2.13357,678,0,22,0,97.011,14388,8191,22,2520,11,22,88.3773,5397,3144,57448,0
473,0.779266,15,0,1041,0,67.638,4470,8191,34,3569.91,17,13,11.9002,5431,3157,58489,0
564,0.929185,32,0,0,0,48.218,1071,8178,0,1505.75,59,0,3.15922,5431,3157,58489,0
816,1.34443,37,0,0,0,43.856,2443,8180,0,1136.21,60,0,2.55605,5431,3157,58489,0
1157,1.90615,117,0,6,0,83.527,10776,8191,6,264,39,6,206.335,5437,3163,58495,0
1299,2.14025,183,0,25,0,84.455,4048,8158,25,1562,27,25,10.6477,5462,3188,58520,0
677,1.11536,9,0,21,0,49.144,256,8187,21,4289.71,41,21,2.89554,5483,3209,58541,0
259,0.426734,37,0,0,0,42.528,41,8184,0,3953.89,43,0,3.30094,5483,3209,58541,0
271,0.446504,13,0,0,0,66.009,64,8185,0,3666.82,54,0,3.27293,5483,3209,58541,0
302,0.497588,13,0,0,0,37.91,698,8191,0,3370.23,56,0,3.12296,5483,3209,58541,0
327,0.538741,12,0,0,0,63.342,103,8180,0,3165.4,53,0,3.6223,5483,3209,58541,0
347,0.571713,12,0,0,0,54.391,83,8185,0,2962.82,59,0,3.84973,5483,3209,58541,0
371,0.611259,42,0,0,0,42.495,63,8191,0,2784.62,51,0,4.59133,5483,3209,58541,0
393,0.647461,30,0,0,0,60.48,2052,8191,0,2626.63,54,0,4.06232,5483,3209,58541,0
419,0.690317,26,0,0,0,50.652,2589,8173,0,2413.62,52,0,3.97498,5483,3209,58541,0
571,0.940735,31,0,0,0,31.593,544,8178,0,1500.79,58,0,3.56792,5483,3209,58541,0
835,1.37568,49,0,0,0,32.471,169,8180,0,1088.95,68,0,3.15262,5483,3209,58541,0
1069,1.76138,65,0,0,0,62.736,1642,8158,0,867.817,62,0,3.27787,5483,3209,58541,0
1133,1.86678,92,0,1,0,41.66,127,8191,1,938.146,63,1,3.23338,5484,3210,58542,0
1154,1.90117,50,0,0,0,89.691,11887,8179,0,916.479,73,0,3.30259,5484,3210,58542,0
1242,2.04609,173,0,2,0,73.302,7760,8191,2,565,62,2,11.5723,5486,3212,58544,0
1100,1.81239,7,0,500,0,84.143,2759,7709,47,1636,13,18,4.00794,5533,3230,59044,0
657,1.08245,28,0,2,0,45.773,1513,8191,2,1777.3,55,1,3.10318,5535,3231,59046,0
543,0.894638,55,0,5,0,40.2,107,8191,5,1912.78,56,1,3.52507,5540,3232,59051,0
571,0.940749,19,0,0,0,39.613,94,8191,0,1826.82,67,0,3.75414,5540,3232,59051,0
592,0.975363,29,0,0,0,55.826,172,8190,0,1669.45,55,0,4.51387,5540,3232,59051,0
759,1.2505,51,0,0,0,38.981,129,8191,0,1209.19,59,0,5.11374,5540,3232,59051,0
1005,1.65576,52,0,1,0,51.099,2044,8191,1,1048.34,61,1,3.19382,5541,3233,59052,0
1032,1.70025,48,0,0,0,73.844,9764,8191,0,1022.61,64,0,3.40806,5541,3233,59052,0
1307,2.15333,164,0,5,0,83.455,4498,8099,5,250,60,5,189.146,5546,3238,59057,0
1369,2.25558,257,0,8,0,89.174,8241,8016,8,425,30,8,51.0732,5554,3246,59065,0
1430,2.35604,117,0,6,0,125.207,13238,8191,6,384.41,33,6,123.157,5560,3252,59071,0
1356,2.234,279,0,15,0,104.078,6043,8151,15,900,30,15,22.8413,5575,3267,59086,0
1124,1.85188,627,0,37,0,95.912,837,8175,37,5875,18,36,4.80392,5612,3303,59123,0
184,0.303172,9,0,680,0,48.708,96,8188,17,5506.22,28,0,3.63878,5629,3303,59803,0
195,0.321279,24,0,0,0,69.027,36,8188,0,4994.69,48,0,3.5399,5629,3303,59803,0
223,0.367429,30,0,0,0,33.712,33,8184,0,4520.53,46,0,3.67998,5629,3303,59803,0
487,0.802341,112,0,0,0,44.288,2657,8165,0,158.523,57,0,181.428,5629,3303,59803,0
1387,2.28506,128,0,14,0,90.127,5282,8178,14,378,27,14,150.26,5643,3317,59817,0
2084,3.43341,382,0,8,0,136.279,26907,8130,8,360.05,31,8,530.293,5651,3325,59825,0
1791,2.95078,217,0,12,0,109.452,14937,8191,12,574,32,12,292.744,5663,3337,59837,0
1453,2.39393,1369,0,16,0,96.938,6107,8191,16,1271,7,16,117.133,5679,3353,59853,0
1494,2.46142,129,0,1900,0,101.925,43491,8186,239,1220.6,20,3,11.6876,5918,3356,61753,0
904,1.48929,64,0,0,0,46.733,375,8191,0,1165.14,66,0,2.53957,5918,3356,61753,0
924,1.52226,49,0,0,0,73.346,6541,8185,0,1134.99,65,0,3.18064,5918,3356,61753,0
954,1.57178,67,0,0,0,40.897,179,8175,0,1104.16,65,0,2.98947,5918,3356,61753,0
976,1.60805,84,0,0,0,44.822,1186,8183,0,1076.35,67,0,3.03397,5918,3356,61753,0
1003,1.65247,64,0,0,0,47.294,139,8188,0,1045.3,66,0,4.18427,5918,3356,61753,0
1037,1.70845,63,0,0,0,75.35,4650,8191,0,1019.72,65,0,3.20866,5918,3356,61753,0
1511,2.48964,209,0,1,0,119.62,27896,8178,1,91,62,1,301.661,5919,3357,61754,0
1483,2.44352,214,0,7,0,92.968,3705,8174,7,155,41,7,9.61278,5926,3364,61761,0
1354,2.23085,259,0,15,0,125.06,11925,8151,15,454,26,15,46.4901,5941,3379,61776,0
1393,2.29512,209,0,19,0,104.372,5698,8109,19,2436,21,19,289.979,5960,3398,61795,0
1459,2.40376,157,0,7,0,94.613,14855,8189,7,492.805,41,7,4.86654,5967,3405,61802,0
1377,2.26861,239,0,13,0,99.893,3988,8187,13,1124,24,13,3.09989,5980,3418,61815,0
1393,2.2951,153,0,8,0,86.961,2334,8188,8,1989,37,8,3.29106,5988,3426,61823,0
589,0.970437,27,0,390,0,80.148,2867,8191,24,2790.31,15,4,3.43443,6012,3430,62213,0
391,0.644208,34,0,0,0,60.912,3603,8181,0,2623.41,56,0,3.28611,6012,3430,62213,0
865,1.42519,129,0,1,0,88.599,4436,8169,1,169.747,58,1,37.8364,6013,3431,62214,0
1338,2.20435,159,0,9,0,85.274,306,8187,9,489,37,9,3.47398,6022,3440,62223,0
1313,2.16313,133,0,6,0,100.743,1285,8178,6,969.586,31,6,17.1178,6028,3446,62229,0
1350,2.22407,125,0,6,0,99.229,3934,8191,5,1891,47,6,3.21854,6033,3452,62235,0
655,1.07918,23,0,2,0,39.609,82,8185,3,2289.97,48,2,2.63515,6036,3454,62237,0
477,0.785879,35,0,0,0,35.483,74,8180,0,2165.03,54,0,2.71426,6036,3454,62237,0
537,0.88471,59,0,0,0,41.528,88,8180,0,1706.23,53,0,2.90872,6036,3454,62237,0
753,1.24063,41,0,0,0,36.61,126,8191,0,1201.8,59,0,3.72778,6036,3454,62237,0
940,1.54873,53,0,0,0,63.307,1312,8189,0,943.318,63,0,3.36522,6036,3454,62237,0
1207,1.98854,71,0,1,0,54.179,302,8173,1,908.025,66,1,2.87411,6037,3455,62238,0
1192,1.96387,85,0,0,0,48.413,2743,8187,0,887.239,69,0,3.3372,6037,3455,62238,0
1130,1.86168,98,0,1,0,52.14,138,8182,1,975.683,66,1,3.0109,6038,3456,62239,0
857,1.41189,49,0,3,0,43.534,3967,8159,3,1354.75,53,3,3.06034,6041,3459,62242,0
879,1.44822,42,0,0,0,47.391,1107,8191,0,1154.81,66,0,2.77853,6041,3459,62242,0
939,1.54707,24,0,0,0,44.746,293,8169,0,1118.39,64,0,2.86258,6041,3459,62242,0
968,1.59487,56,0,0,0,34.201,92,8181,0,1058.04,62,0,3.48222,6041,3459,62242,0
1126,1.85512,61,0,0,0,47.203,498,8191,0,831.156,71,0,3.33885,6041,3459,62242,0
1180,1.94409,51,0,5,0,67.742,4280,8178,5,1084.89,51,5,3.0076,6046,3464,62247,0
992,1.63438,47,0,0,0,69.066,1659,8191,0,1058.03,63,0,4.23371,6046,3464,62247,0
1328,2.18793,505,0,1,0,76.12,4182,8171,1,153,56,1,34.7843,6047,3465,62248,0
1342,2.21103,272,0,15,0,103.886,9212,8187,15,534,19,15,57.3339,6062,3480,62263,0
1339,2.20615,170,0,8,0,107.036,545,8053,8,915.823,30,8,13.3785,6070,3488,62271,0
1037,1.70856,27,0,6,0,44.444,2721,8191,6,1276.15,45,6,3.69646,6076,3494,62277,0
902,1.48619,125,0,0,0,36.686,5556,8181,0,481.833,56,0,129.574,6076,3494,62277,0
1358,2.23739,123,0,6,0,101.895,10063,8163,6,395.718,37,6,4.97037,6082,3500,62283,0
1498,2.46795,124,0,5,0,74.373,2254,8191,5,710.697,53,5,3.98486,6087,3505,62288,0
1574,2.59315,137,0,4,0,88.766,6393,8171,4,1123.2,49,4,2.73403,6091,3509,62292,0
1280,2.10887,125,0,9,0,83.54,7674,8180,9,234.222,35,9,267.02,6100,3518,62301,0
1609,2.65084,230,0,12,0,82.563,6429,8191,12,377,26,12,229.524,6112,3530,62313,0
1390,2.29015,217,0,29,0,81.981,3279,8156,29,1229,38,28,4.2436,6141,3558,62342,0
754,1.24231,441,0,526,0,78.113,1497,8133,65,3553,10,27,2.89554,6206,3585,62868,0
306,0.504147,15,0,0,0,48.637,610,8183,36,3346.13,44,0,2.83786,6242,3585,62868,0
335,0.551921,25,0,0,0,42.339,80,8189,0,2740.83,49,0,3.13944,6242,3585,62868,0
500,0.823757,67,0,0,0,96.827,12523,8181,0,1704.01,55,0,3.14438,6242,3585,62868,0
1092,1.79912,298,0,7,0,85.092,5398,8103,7,228,39,7,70.4487,6249,3592,62875,0
1355,2.23244,325,0,18,0,102.81,4473,8170,18,657,16,18,13.2944,6267,3610,62893,0
1418,2.33625,1583,0,20,0,109.225,3649,8136,20,2135,3,20,10.0726,6287,3630,62913,0
513,0.845195,32,0,1877,0,86.3,1082,8185,104,2585.59,16,5,5.61968,6391,3635,64790,0
456,0.751265,32,0,0,0,70.177,232,8172,0,1518.47,58,0,8.84646,6391,3635,64790,0
872,1.43665,108,0,0,0,64.069,1919,8174,0,298.279,56,0,77.7493,6391,3635,64790,0
1354,2.23072,112,0,9,0,93.852,10749,8191,9,816.912,20,9,8.37019,6400,3644,64799,0
1269,2.09072,116,0,9,0,70.851,3589,8155,9,205.788,29,9,204.382,6409,3653,64808,0
1285,2.11704,163,0,6,0,89.171,5096,8068,6,239,40,6,39.997,6415,3659,64814,0
1341,2.20939,160,0,8,0,80.675,5219,8154,8,427.927,34,8,2.53792,6423,3667,64822,0
1267,2.0873,224,0,8,0,112.15,25758,8139,8,528,43,8,212.95,6431,3675,64830,0
1253,2.06424,220,0,19,0,90.92,3475,8191,19,529,33,19,16.0186,6450,3694,64849,0
1457,2.40029,724,0,50,0,82.866,6224,8190,50,3901,19,48,3.51848,6500,3742,64899,0
409,0.673804,4,0,1035,0,49.291,310,8188,21,5291.41,22,7,2.3517,6521,3749,65934,0
228,0.375624,10,0,0,0,55.814,59,8187,0,3415.47,51,0,2.28083,6521,3749,65934,0
435,0.716663,47,0,0,0,65.792,1037,8188,0,1898.31,54,0,2.89059,6521,3749,65934,0
684,1.127,44,0,0,0,68.984,3888,8180,0,1314.43,54,0,4.06067,6521,3749,65934,0
1081,1.78114,292,0,2,0,76.721,6841,8191,2,177,56,2,200.664,6523,3751,65936,0
1256,2.0693,1286,0,16,0,82.723,6416,8144,16,461,3,16,135.719,6539,3767,65952,0
1399,2.30478,2663,0,22,0,82.723,6416,8144,22,1505,0,22,135.719,6561,3789,65974,0
1251,2.06116,30,0,3075,0,106.317,9468,8184,217,2172.83,20,6,11.5311,6778,3795,69049,0
526,0.86659,22,0,0,0,43.049,166,8191,0,1972.27,55,0,3.22514,6778,3795,69049,0
550,0.906171,10,0,0,0,30.202,76,8177,0,1881.01,57,0,3.99146,6778,3795,69049,0
579,0.953905,41,0,0,0,49.994,150,8189,0,1805.61,55,0,3.83984,6778,3795,69049,0
604,0.995112,44,0,0,0,35.477,160,8191,0,1737.83,56,0,3.51024,6778,3795,69049,0
620,1.02149,23,0,0,0,40.533,92,8191,0,1669.92,59,0,3.94531,6778,3795,69049,0
652,1.07418,44,0,0,0,34.715,1360,8191,0,1607.12,59,0,3.88928,6778,3795,69049,0
673,1.10879,20,0,0,0,100.772,15623,8165,0,1550.32,64,0,3.77227,6778,3795,69049,0
700,1.15332,39,0,0,0,57.807,316,8191,0,1497.39,57,0,3.7904,6778,3795,69049,0
724,1.19286,22,0,0,0,47.257,323,8168,0,1447.95,61,0,4.00299,6778,3795,69049,0
748,1.23232,24,0,0,0,39.547,138,8181,0,1399.33,63,0,3.22843,6778,3795,69049,0
772,1.27198,43,0,0,0,50.664,120,8187,0,1354.96,59,0,3.53826,6778,3795,69049,0
801,1.3198,31,0,0,0,36.332,1238,8178,0,1310.22,67,0,3.93542,6778,3795,69049,0
827,1.36252,44,0,0,0,44.198,3304,8170,0,1271.25,59,0,3.32896,6778,3795,69049,0
959,1.58006,156,0,0,0,69.921,10681,8191,0,432.558,58,0,75.0516,6778,3795,69049,0
1223,2.01493,122,0,13,0,102.684,6941,8191,13,1136.15,27,13,19.6475,6791,3808,69062,0
654,1.07748,25,0,13,0,62.743,1149,8191,13,2491.13,44,13,3.39158,6804,3821,69075,0
439,0.723239,28,0,0,0,45.498,547,8191,0,2363.93,57,0,2.99442,6804,3821,69075,0
462,0.761134,41,0,0,0,110.632,11578,8174,0,2184.24,47,0,7.01059,6804,3821,69075,0
1168,1.92434,148,0,6,0,81.753,4169,8135,5,228,53,6,210.395,6809,3827,69081,0
1311,2.1601,230,0,19,0,109.358,5507,8108,20,574,21,18,27.0717,6829,3845,69100,0
1407,2.31819,194,0,13,0,94.175,4820,8182,13,1178,26,13,92.2946,6842,3858,69113,0
871,1.43495,19,0,25,0,56.919,603,8191,25,2542.9,36,25,5.07419,6867,3883,69138,0
432,0.711692,26,0,0,0,78.259,1111,8182,0,2417.5,58,0,3.03067,6867,3883,69138,0
991,1.63257,130,0,1,0,72.188,1555,8173,1,246.55,52,1,213.177,6868,3884,69139,0
1387,2.28522,147,0,8,0,92.638,1865,8180,8,556.372,32,8,11.981,6876,3892,69147,0
2032,3.34797,217,0,13,0,112.159,11776,8135,13,506,35,13,559.722,6889,3905,69160,0
1301,2.14358,65,0,21,0,79.926,569,8176,21,1486.5,37,21,7.0419,6910,3926,69181,0
729,1.20104,88,0,0,0,55.768,950,8191,0,1436.53,55,0,3.68987,6910,3926,69181,0
777,1.28006,20,0,0,0,73.869,21964,8170,0,1205.81,71,0,2.52638,6910,3926,69181,0
1145,1.8864,143,0,5,0,92.288,11287,8094,4,578,52,5,176.203,6914,3931,69186,0
916,1.50912,21,0,492,0,90.371,5761,8187,42,2507.69,14,22,37.2942,6956,3953,69678,0
488,0.803929,49,0,0,0,32.707,104,8191,0,2081.72,58,0,3.7492,6956,3953,69678,0
524,0.863291,52,0,0,0,47.68,2429,8186,0,1992.14,56,0,3.23997,6956,3953,69678,0


