SendPacket,SendRate(Mb/s),FlightSize,ReceiveRate(Mb/s),Send Loss,Recv Loss,RTT(ms),CWnd,FlowWindow,Retrans,PktSndPeriod(us),RecvACK,RecvNAK,EstimatedBandwidth(Mb/s),Retrans_Total,NAK_TotalRecv,Total Send Loss,Total Recv Loss,Timeout,usSndDuration
194,0.637853,14,0,1,0,31.097,14,8189,1,0,99,0,3.49114,99,-954322460,1,0,1,-367139053751836
560,2.04235,27,0,0,0,24.945,27,8191,0,0,277,0,4.47974,376,1904880782,1,0,1,2859203242
1140,4.15758,116,0,0,0,41.325,116,8189,0,0,531,0,18.2364,907,379403384,1,0,1,2769489898
1810,6.60159,166,0,0,0,108.522,264,8187,0,0,884,0,10.4041,1791,-1096169992,1,0,1,2819393920
1577,5.75192,130,0,2,0,80.501,334,8189,2,0,651,2,9.88243,2442,1693376460,3,0,3,2789546452
1768,6.44837,180,0,2,0,90.704,399,8189,2,0,745,2,9.46656,3187,166563700,5,0,5,2768154536
1739,6.34269,333,0,0,0,221.269,455,8189,0,0,756,0,9.29146,3943,-1334018086,5,0,5,2794385510
1672,6.09789,239,0,2,0,111.543,500,8187,2,0,670,2,11.7429,4613,1483324204,7,0,7,2817342290
1761,6.42268,160,0,0,0,94.354,556,8191,0,0,925,0,9.24768,5538,-12554688,7,0,7,2799088404
1772,6.46298,161,0,1,0,69.428,602,8189,1,0,825,1,13.0744,6363,-1521745998,8,0,8,2785775986
1775,6.47354,139,0,2,0,79.266,642,8185,2,0,779,2,17.3864,7142,1198291434,10,0,10,2720037432
1830,6.67439,127,0,0,0,82.866,686,8189,0,0,924,0,17.3973,8066,-216980232,10,0,10,2879695630
1628,5.93733,254,0,1,0,142.822,718,8189,1,0,691,1,8.5655,8757,-1769733256,11,0,11,2742214272
1741,6.34946,200,0,4,0,85.248,743,8189,4,0,575,4,12.5418,9332,1042362380,15,0,15,2812095636
1714,6.25139,252,0,1,0,117.548,773,8187,1,0,716,1,8.18611,10048,-426483954,16,0,16,2826120962
1606,5.85729,124,0,2,0,99.726,802,8189,2,0,709,2,9.69274,10757,-1957248326,18,0,18,2764202924
1739,6.34222,242,0,0,0,62.735,834,8189,0,0,815,0,12.1369,11572,849137760,18,0,18,2806386086
1770,6.45514,530,0,0,0,317.495,853,8189,0,0,512,0,10.3749,12084,-664470284,18,0,18,2781359252
1686,6.14886,322,0,0,0,216.483,882,8189,0,0,779,0,17.9591,12863,2136980004,18,0,18,2801450288
1906,6.95117,320,0,1,0,44.294,911,8187,1,0,807,1,9.62707,13670,648692850,19,0,19,2806680142
1690,6.16349,479,0,1,0,146.991,937,8189,1,0,769,1,17.1274,14439,-948431550,20,0,20,2697842896
1795,6.54699,250,0,2,0,142.603,961,8190,2,0,711,2,18.1816,15150,1940482478,22,0,22,2888914028
1772,6.46303,252,0,0,0,84.008,987,8189,0,0,768,0,52.305,15918,442944376,22,0,22,2797429194
1802,6.57239,121,0,2,0,100.27,1008,8180,2,0,662,2,17.8825,16580,-1056464014,24,0,24,2795558906
1602,5.84271,252,0,1,0,149.591,1028,8189,1,0,648,1,11.2687,17228,1722435942,25,0,25,2778899956
1664,6.06882,131,0,3,0,72.853,1049,8189,3,0,661,3,9.13459,17889,206650016,28,0,28,2779181370
1840,6.7111,387,0,0,0,101.903,1072,8189,0,0,795,0,60.6589,18684,-1255789064,28,0,28,2832528216
1719,6.2655,230,0,0,0,90.489,1095,8189,0,0,766,0,11.9946,19450,1540933102,28,0,28,2796722166
1779,6.48809,413,0,1,0,205.919,1116,8189,1,0,706,1,16.5619,20156,-4686782,29,0,29,2749347412
1794,6.54292,160,0,1,0,58.542,1137,8189,1,0,759,1,13.2131,20915,-1460855584,30,0,30,2838798494
1696,6.1858,228,0,0,0,115.836,1160,8191,0,0,818,0,14.7671,21733,1334378270,30,0,30,2795233854
1684,6.14178,151,0,1,0,101.131,1181,8189,1,0,769,1,9.57965,22502,-187107532,31,0,31,2773481494
1767,6.44424,413,0,0,0,186.71,1199,8189,0,0,676,0,40.7737,23178,-1728195672,31,0,31,2753879156
1819,6.63228,349,0,2,0,108.498,1216,8189,2,0,632,2,12.2901,23810,1118318698,33,0,33,2846514370
1461,5.32776,1221,0,0,0,251.621,1221,8191,0,0,211,0,9.64896,24021,-1755261904,33,0,33,1421386694
494,1.80149,85,0,1221,0,29.169,85,8189,162,0,127,0,67.5792,24148,-1925008520,195,0,1254,4125220680
1710,6.23372,214,0,0,0,117.79,241,8189,0,0,797,0,16.5218,24945,876174130,195,0,1254,2801182650
1693,6.17438,172,0,1,0,96.004,324,8189,1,0,731,1,11.3343,25676,-613922258,196,0,1255,2804870908
1767,6.44464,228,0,2,0,119.674,390,8189,2,0,744,2,16.5911,26420,-2099428522,198,0,1257,2809461032
1864,6.79804,250,0,1,0,70.566,448,8187,1,0,760,1,12.0749,27180,707223662,199,0,1258,2806652184
1632,5.95224,93,0,2,0,59.926,497,8189,2,0,718,2,9.36077,27898,-797395822,201,0,1260,2790347812
1775,6.47338,254,0,1,0,112.508,540,8187,1,0,693,1,10.7288,28591,1979044754,202,0,1261,2776440576
1631,5.94803,151,0,0,0,66.207,588,8187,0,0,852,0,8.70048,29443,483116974,202,0,1261,2799039516
1757,6.40834,126,0,0,0,47.14,635,8189,0,0,896,0,13.7858,30339,-998412198,202,0,1261,2813438124
1687,6.15263,401,0,0,0,111.437,670,8189,0,0,712,0,13.1255,31051,1734888680,202,0,1261,2733300878
1927,7.02771,514,0,0,0,226.103,701,8189,0,0,662,0,18.1889,31713,288783540,202,0,1261,2848862156
1791,6.53154,350,0,0,0,145.955,738,8189,0,0,851,0,11.0024,32564,-1203252716,202,0,1261,2802931040
1720,6.27276,112,0,3,0,159.245,764,8187,3,0,600,3,12.8081,33164,1581353374,205,0,1264,2784606090
1684,6.14191,217,0,0,0,147.736,797,8191,0,0,795,0,11.4036,33959,42982704,205,0,1264,2756596626
1736,6.33038,219,0,1,0,107.821,827,8189,1,0,767,1,13.1729,34726,-1467906190,206,0,1265,2784078402
1768,6.4479,318,0,1,0,133.648,855,8189,1,0,731,1,10.1414,35457,1375634566,207,0,1266,2843540756
1973,7.19553,349,0,1,0,167.381,884,8189,1,0,803,1,161.42,36260,-122162228,208,0,1267,2797170502
1671,6.09415,210,0,1,0,134.293,910,8191,1,0,739,1,107.58,36999,-1623045420,209,0,1268,2794084104
1714,6.25076,927,0,0,0,189.713,927,8191,0,0,485,0,11.4401,37484,599389452,209,0,1268,2222434872
119,0.433993,7,0,927,0,199.321,7,8187,105,0,5,0,10.6923,37489,-390944680,314,0,2195,3304633164
1666,6.07648,183,0,0,0,72.256,218,8189,0,0,752,0,17.2623,38241,-1826059974,314,0,2195,2859852002
1783,6.50276,130,0,1,0,140.563,313,8191,1,0,795,1,22.8365,39036,933537510,315,0,2196,2759597484
1772,6.46303,188,0,0,0,74.864,391,8189,0,0,860,0,12.0238,39896,-641132724,315,0,2196,2720297062
1290,4.70457,432,0,0,0,220.78,432,8191,0,0,522,0,9.51034,40418,1920073084,315,0,2196,2561205808
113,0.412108,5,0,432,0,209.977,5,8189,105,0,3,0,9.43008,40421,742163256,420,0,2628,3117057468
1358,4.95272,157,0,0,0,85.484,195,8189,0,0,607,0,9.80947,41028,-763652024,420,0,2628,2789152016
1792,6.5349,282,0,0,0,122.46,303,8190,0,0,838,0,13.9536,41866,1977389090,420,0,2628,2741041114
1916,6.98814,386,0,0,0,150.524,387,8189,0,0,912,0,8.35027,42778,560014022,420,0,2628,2877592228
1792,6.53578,288,0,1,0,132.605,442,8189,1,0,718,1,8.44147,43496,-953662622,421,0,2629,2781290652
1449,5.28493,227,0,5,0,86.003,472,8187,5,0,422,5,12.9066,43918,1823647382,426,0,2634,2777310004
1458,5.31775,175,0,3,0,124.275,500,8179,3,0,434,3,38.884,44352,331979228,429,0,2637,2803299142
1848,6.74032,193,0,3,0,99.639,537,8189,3,0,585,3,18.5391,44937,-1148609312,432,0,2640,2814378756
1561,5.69322,133,0,1,0,140.384,577,8189,1,0,708,1,11.3015,45645,1617652214,433,0,2641,2766261526
1380,5.03287,101,0,4,0,60.286,602,8189,4,0,448,4,17.2113,46093,128377584,437,0,2645,2805692666
1546,5.63789,186,0,0,0,142.98,639,8189,0,0,735,0,15.5551,46828,-1380046610,437,0,2645,2786543102
1528,5.5728,151,0,5,0,79.698,666,8190,5,0,553,5,20.655,47381,1435557678,442,0,2650,2815604288
1656,6.03943,238,0,3,0,139.986,692,8189,3,0,546,3,10.3822,47927,-107817152,445,0,2653,2751592466
1658,6.04708,243,0,0,0,161.378,730,8189,0,0,832,0,9.19296,48759,-1572319916,445,0,2653,2830464532
1697,6.18908,200,0,1,0,92.04,763,8189,1,0,771,1,15.9855,49530,1189712434,446,0,2654,2762032350
1757,6.40796,313,0,0,0,209.706,793,8189,0,0,746,0,16.2044,50276,-336971680,446,0,2654,2768283182
1692,6.17027,234,0,0,0,215.322,822,8189,0,0,724,0,14.8911,51000,-1823288950,446,0,2654,2808650026
1803,6.57594,467,0,0,0,140.045,852,8189,0,0,789,0,12.2536,51789,1021673870,446,0,2654,2844962820
1614,5.88678,219,0,0,0,139.011,884,8189,0,0,861,0,16.4853,52650,-493700400,446,0,2654,2779593026
1631,5.9486,177,0,1,0,108.896,908,8189,1,0,682,1,11.214,53332,-1982080136,447,0,2655,2806587560
1443,5.26259,173,0,5,0,62.572,924,8189,5,0,439,5,9.92256,53771,801208750,452,0,2660,2783288886
1763,6.43005,169,0,0,0,82.698,954,8189,0,0,886,0,14.3549,54657,-696645080,452,0,2660,2797113466
1804,6.57964,103,0,0,0,77.151,985,8189,0,0,937,0,9.19661,55594,2094669614,452,0,2660,2791314694
1734,6.32313,445,0,1,0,125.574,1004,8189,1,0,589,1,20.4616,56183,609876930,453,0,2661,2810174612
1798,6.5575,245,0,1,0,133.957,1027,8191,1,0,733,1,11.659,56916,-895251286,454,0,2662,2789839080
1718,6.2655,395,0,0,0,148.601,1051,8189,0,0,782,0,17.8241,57698,1855987610,454,0,2662,2751238896
1579,5.75862,311,0,0,0,180.054,1075,8189,0,0,798,0,20.4908,58496,371974852,454,0,2662,2810954538
1840,6.71102,348,0,2,0,136.32,1095,8191,2,0,688,2,21.8004,59184,-1133305502,456,0,2664,2789686942
1676,6.11246,140,0,1,0,219.625,1114,8185,1,0,650,1,11.1373,59834,1690744482,457,0,2665,2824049984
1756,6.40409,301,0,0,0,183.776,1135,8189,0,0,735,0,11.9217,60569,163034868,457,0,2665,2767257682
1757,6.40805,175,0,0,0,143.845,1157,8189,0,0,790,0,32.2301,61359,-1320413494,457,0,2665,2811518934
1670,6.09057,201,0,0,0,109.844,1180,8187,0,0,827,0,9.77299,62186,1436852220,457,0,2665,2757265714
1693,6.17468,506,0,1,0,301.067,1197,8190,1,0,643,1,10.2326,62829,-90362600,458,0,2666,2767752476
1898,6.92217,128,0,0,0,142.027,1221,8189,0,0,911,0,9.61248,63740,-1540022584,458,0,2666,2845307312
1667,6.07953,90,0,1,0,91.593,1241,8189,1,0,756,1,9.63802,64496,1257118700,459,0,2667,2797141284
1622,5.91538,695,0,5,0,156.506,1247,8189,5,0,240,5,10.7543,64736,-293816788,464,0,2672,2744031808
1798,6.55763,104,0,1,0,39.43,1268,8189,1,0,838,1,11.6079,65574,-1735245060,465,0,2673,2853539024
1710,6.23691,492,0,0,0,109.082,1285,8189,0,0,665,0,10.3311,66239,1064922940,465,0,2673,2800168000
1615,5.88999,417,0,2,0,207.49,1299,8190,2,0,579,2,13.4356,66818,-495386612,467,0,2675,2734657744
1862,6.7913,320,0,0,0,144.96,1318,8189,0,0,794,0,242.027,67612,-1954307940,467,0,2675,2836045968
1746,6.3682,349,0,0,0,154.167,1338,8189,0,0,798,0,10.7616,68410,862513228,467,0,2675,2816821168
1917,6.99129,327,0,0,0,167.269,1359,8189,0,0,901,0,15.3143,69311,-670356898,467,0,2675,2762097170
1633,5.95579,266,0,1,0,146.458,1376,8187,1,0,719,1,9.91891,70030,-2140772086,468,0,2676,2824552108
1799,6.55985,131,0,0,0,86.745,1398,8189,0,0,972,0,11.5131,71002,644280688,468,0,2676,2785052774
1727,6.29879,257,0,0,0,176.415,1417,8189,0,0,804,0,48.3834,71806,-841489196,468,0,2676,2809197412
1924,7.01725,318,0,0,0,200.373,1437,8185,0,0,909,0,11.0607,72715,1953201150,468,0,2676,2794690346
1740,6.3462,338,0,1,0,151.351,1452,8191,1,0,695,1,9.58694,73410,452784018,469,0,2677,2794550164
1886,6.87806,247,0,1,0,113.499,1468,8189,1,0,699,1,9.83866,74109,-1071693514,470,0,2678,2770489764
1835,6.69274,149,0,0,0,109.511,1487,8187,0,0,882,0,15.4456,74991,1735179856,470,0,2678,2806873370
1700,6.20025,262,0,0,0,103.889,1504,8191,0,0,797,0,13.6764,75788,238087626,470,0,2678,2797875066
1726,6.29458,1289,0,1,0,197.993,1510,8191,1,0,312,1,10.4406,76100,2112191326,471,0,2679,1874103700
395,1.44055,4,0,1510,0,220.618,4,8189,168,0,2,0,120.457,76102,1506192936,639,0,4189,3688968906
1259,4.59169,172,0,2,0,78.207,172,8187,2,0,478,2,12.4433,76580,-119927340,641,0,4191,2668847020
1722,6.28054,95,0,1,0,70.519,275,8189,1,0,718,1,11.0753,77298,-1492353294,642,0,4192,2922541342
1772,6.46253,343,0,0,0,177.141,353,8189,0,0,764,0,10.2363,78062,1294838698,642,0,4192,2787191992
1727,6.29906,249,0,1,0,120.325,416,8187,1,0,767,1,25.3025,78829,-171389710,643,0,4193,2828738888
1561,5.69357,402,0,0,0,230.754,464,8189,0,0,660,0,9.20755,79489,-1682717756,643,0,4193,2783639250
121,0.441291,465,0,0,0,236.61,465,8191,0,0,12,0,10.9987,79501,-1071385286,643,0,4193,611332470
801,2.92122,129,0,465,0,65.081,132,8189,105,0,288,0,74.1128,79789,-385764984,748,0,4658,4980587598
1550,5.65269,114,0,2,0,59.707,241,8189,2,0,636,2,13.6472,80425,-1895249020,750,0,4660,2785483260
1722,6.2807,267,0,2,0,124.851,317,8189,2,0,662,2,10.5172,81087,893784024,752,0,4662,2789033044
1717,6.26233,348,0,0,0,149.194,391,8189,0,0,820,0,11.7101,81907,-592633402,752,0,4662,2808549870
1618,5.90134,221,0,2,0,51.323,440,8189,2,0,641,2,11.5021,82548,-2102278032,754,0,4664,2785322666
1647,6.00723,215,0,1,0,86.179,482,8187,1,0,601,1,12.1697,83149,685615776,755,0,4665,2787893808
1460,5.32514,198,0,1,0,130.485,514,8189,1,0,501,1,100.951,83650,-800158042,756,0,4666,2809193478
1434,5.2299,141,0,4,0,93.158,541,8191,4,0,437,4,14.9276,84087,1991389416,760,0,4670,2791547458
1516,5.5293,140,0,5,0,147.755,567,8191,5,0,466,5,14.4935,84553,496544424,765,0,4675,2800122304
1558,5.68262,147,0,3,0,98.971,599,8189,3,0,583,3,19.1411,85136,-1016864022,768,0,4678,2781558850
1466,5.34663,133,0,2,0,90.488,630,8189,2,0,583,2,23.4129,85719,1764448078,770,0,4680,2781312100
1485,5.41623,240,0,5,0,85.529,651,8190,5,0,434,5,184.158,86153,260649470,775,0,4685,2791168688
1738,6.33891,365,0,1,0,122.216,681,8189,1,0,617,1,14.1944,86770,-1214535098,776,0,4686,2819782728
1587,5.78828,157,0,4,0,74.383,700,8189,4,0,406,4,75.8492,87176,1530735724,780,0,4690,2745270822
1588,5.79177,215,0,2,0,106.849,722,8191,2,0,494,2,15.566,87670,62615276,782,0,4692,2826846848
1407,5.13154,198,0,4,0,82.764,744,8189,4,0,505,4,11.9071,88175,-1416635410,786,0,4696,2815716610
1658,6.04705,355,0,2,0,80.97,771,8189,2,0,649,2,144.129,88824,1165544722,788,0,4698,2582180132
1496,5.45625,219,0,2,0,93.472,792,8187,2,0,508,2,31.6282,89332,-138078778,790,0,4700,2991343796
1490,5.43405,189,0,3,0,134.574,816,8189,3,0,600,3,25.8315,89932,-1735692170,793,0,4703,2697353904
926,3.37709,253,0,11,0,158.307,825,8189,11,0,217,11,12.9905,90149,896735068,804,0,4714,2632427238
807,2.94311,596,0,60,0,164.556,825,8191,60,0,19,57,10.6339,90168,-1951111210,864,0,4774,1447121018
265,0.966453,825,0,36,0,164.556,825,8191,36,0,0,31,10.6339,90168,-1951111210,900,0,4810,0
649,2.36698,358,0,825,0,153.091,7,8154,649,0,5,0,7.2887,90173,518425996,1549,0,5635,6764504502
181,0.660117,3,0,358,0,150.416,3,7833,178,0,1,0,7.06253,90174,-734534178,1727,0,5993,3042007122
544,1.98397,91,0,3,0,87.502,95,8189,3,0,153,3,4.96493,90327,-2122008900,1730,0,5996,2907492574
769,2.80471,117,0,6,0,130.324,136,8189,6,0,152,6,4.41043,90479,755995334,1736,0,6002,2878004234
851,3.10375,152,0,15,0,135.26,163,8189,15,0,126,15,5.22394,90605,-749819624,1751,0,6017,2789152338
1754,6.39676,189,0,3,0,140.423,276,8187,3,0,775,3,21.2861,91380,1983863720,1754,0,6020,2733683344
1467,5.35058,337,0,2,0,165.345,337,8190,2,0,589,2,15.8652,91969,407048086,1756,0,6022,2718151662
1699,6.19676,162,0,2,0,75.167,388,8191,2,0,577,2,279.82,92546,-975406896,1758,0,6024,2912512314
1624,5.92311,146,0,4,0,107.588,434,8187,4,0,588,4,11.5715,93134,1788636484,1762,0,6028,2764043380
1477,5.38687,149,0,2,0,63.753,479,8191,2,0,642,2,19.1666,93776,237517442,1764,0,6030,2743848254
1601,5.83884,111,0,3,0,61.579,519,8189,3,0,632,3,12.582,94408,-1192598060,1767,0,6033,2864851794
1535,5.59816,229,0,1,0,103.437,551,8189,1,0,532,1,12.374,94940,1562158728,1768,0,6034,2754756788
1393,5.08025,156,0,4,0,138.781,582,8189,4,0,542,4,49.2626,95482,69133092,1772,0,6038,2801941660
1610,5.87222,93,0,2,0,91.016,619,8189,2,0,699,2,18.043,96181,-1380435746,1774,0,6040,2845398458
1697,6.18933,150,0,0,0,84.387,660,8189,0,0,825,0,16.4744,97006,1425791076,1774,0,6040,2806226822
1542,5.62369,190,0,0,0,111.75,696,8189,0,0,756,0,11.5094,97762,-93897028,1774,0,6040,2775279192
1515,5.52517,126,0,3,0,87.406,721,8191,3,0,558,3,13.9244,98320,-1582978192,1777,0,6043,2805886132
1649,6.01387,168,0,1,0,105.313,753,8189,1,0,734,1,8.2992,99054,1178678538,1778,0,6044,2761656730
1518,5.53614,231,0,1,0,117.307,778,8189,1,0,609,1,9.01056,99663,-296928662,1779,0,6045,2819360096
1387,5.0588,111,0,3,0,90.071,798,8189,3,0,479,3,9.25498,100142,-1778878506,1782,0,6048,2813017452
1411,5.14576,810,0,3,0,213.069,810,8191,3,0,311,3,18.4078,100453,266281338,1785,0,6051,2045159844
107,0.390212,3,0,810,0,212.677,3,7381,104,0,1,0,37.5598,100454,-591645568,1889,0,6861,3437040390
1096,3.99604,159,0,1,0,73.208,160,8189,1,0,414,1,16.2883,100868,-2019844232,1890,0,6862,2866768632
1554,5.66746,130,0,4,0,68.677,255,8189,4,0,617,4,30.1179,101485,779805250,1894,0,6866,2799649482
1619,5.90445,325,0,1,0,182.197,326,8185,1,0,651,1,18.5574,102136,-735258948,1895,0,6867,2779903098
1448,5.28105,255,0,9,0,83.087,356,8191,9,0,316,9,9.3936,102452,1931146542,1904,0,6876,2666405490
1512,5.51443,133,0,9,0,90.22,382,8189,9,0,296,9,12.1077,102748,595094408,1913,0,6885,2958915162
1524,5.55778,115,0,2,0,81.804,431,8044,2,0,629,2,15.3617,103377,-900855674,1915,0,6887,2799017214
1701,6.20361,382,0,1,0,51.255,477,8189,1,0,658,1,12.4506,104035,1816671222,1916,0,6888,2717526896
487,1.77609,488,0,0,0,124.255,488,8191,0,0,163,0,13.4465,104198,-1238099508,1916,0,6888,1240196566
577,2.1044,102,0,488,0,48.567,105,8191,105,0,188,0,52.6406,104386,-1105421932,2021,0,7376,4427644872
1664,6.06846,233,0,2,0,109.728,235,8190,2,0,694,2,11.4401,105080,1625050554,2023,0,7378,2730472486
1656,6.03945,294,0,2,0,72.655,302,8191,2,0,561,2,11.2614,105641,72483884,2025,0,7380,2742400626
1577,5.75126,196,0,3,0,95.799,354,8190,3,0,532,3,21.5998,106173,-1368418240,2028,0,7383,2854065172
1605,5.85342,138,0,3,0,145.905,397,8187,3,0,507,3,23.8178,106680,1472098908,2031,0,7386,2840517148
1357,4.94646,118,0,10,0,175.646,419,8189,10,0,277,10,198.951,106957,-26339688,2041,0,7396,2796528700
1630,5.94469,283,0,2,0,80.196,463,8189,2,0,604,2,30.7453,107561,-1600084508,2043,0,7398,2721222476
1483,5.40517,119,0,2,0,147.599,505,8189,2,0,640,2,6.97133,108201,1268466170,2045,0,7400,2868550678
1678,6.1199,404,0,2,0,152.869,541,8187,2,0,594,2,20.8994,108795,-239373356,2047,0,7402,2787127770
1430,5.21499,113,0,3,0,103.819,567,8189,3,0,440,3,11.5058,109235,-1737850410,2050,0,7405,2796490242
1493,5.44517,181,0,4,0,86.502,588,8191,4,0,386,4,12.9212,109621,1041786786,2054,0,7409,2779637196
1380,5.0332,181,0,2,0,102.466,612,8189,2,0,445,2,27.0317,110066,-446624058,2056,0,7411,2806556452
1699,6.19607,210,0,1,0,110.731,649,8189,1,0,738,1,10.8163,110804,-1937583140,2057,0,7412,2804008214
1424,5.19372,140,0,1,0,121.248,682,8189,1,0,676,1,30.9788,111480,854582922,2058,0,7413,2792166062
1719,6.26926,154,0,2,0,137.506,712,8189,2,0,659,2,20.0312,112139,-643005664,2060,0,7415,2797378710
1677,6.11596,384,0,0,0,134.002,744,8189,0,0,729,0,11.4109,112868,2109600472,2060,0,7415,2752606136
1654,6.03224,97,0,1,0,76.935,776,8189,1,0,759,1,29.4175,113627,641813252,2061,0,7416,2827180076
1610,5.87204,328,0,0,0,77.736,804,8189,0,0,692,0,10.2618,114319,-850570708,2061,0,7416,2802583336
1706,6.22136,402,0,4,0,194.299,825,8191,4,0,538,4,11.5277,114857,1756150710,2065,0,7420,2606721418
1591,5.80239,132,0,1,0,124.525,852,8189,1,0,706,1,14.3002,115563,412785676,2066,0,7421,2951602262
1658,6.04699,131,0,0,0,182.996,880,8189,0,0,769,0,17.8241,116332,-1053924034,2066,0,7421,2828257586
1585,5.78074,111,0,3,0,65.977,903,8189,3,0,623,3,18.8492,116955,1731452854,2069,0,7424,2785376888
1543,5.62732,124,0,3,0,62.341,924,8189,3,0,619,3,14.5008,117574,143743342,2072,0,7427,2707257784
1600,5.83522,226,0,3,0,107.696,942,8189,3,0,521,3,192.122,118095,-1292441972,2075,0,7430,2858781982
1449,5.28483,112,0,2,0,86.615,963,8191,2,0,623,2,13.3991,118718,1480331108,2077,0,7432,2772773080
1624,5.92281,149,0,1,0,90.361,986,8189,1,0,707,1,16.551,119425,44548,2078,0,7433,2814680736
1693,6.17437,191,0,2,0,116.99,1003,8187,2,0,523,2,15.9746,119948,-1489222984,2080,0,7435,2805699764
1604,5.84972,247,0,1,0,207.871,1024,8189,1,0,646,1,12.0457,120594,1269610884,2081,0,7436,2758833868
1562,5.69658,172,0,3,0,95.409,1041,8187,3,0,577,3,10.5646,121171,-218607334,2084,0,7439,2806749078
1717,6.26191,126,0,2,0,215.727,1060,8189,2,0,596,2,19.7174,121767,-1689645330,2086,0,7441,2823929300
1568,5.71898,178,0,1,0,98.579,1079,8189,1,0,662,1,11.1702,122429,1089826754,2087,0,7442,2779472084
1568,5.71842,179,0,1,0,81.798,1099,8189,1,0,660,1,23.1575,123089,-437722546,2088,0,7443,2767417996
1666,6.07636,168,0,1,0,89.624,1118,8189,1,0,663,1,105.095,123752,-1887862752,2089,0,7444,2844827090
1594,5.81373,184,0,3,0,84.945,1133,8189,3,0,533,3,27.4731,124285,898570576,2092,0,7447,2786433328
1637,5.97064,281,0,2,0,46.541,1151,8189,2,0,641,2,15.3034,124926,-598651168,2094,0,7449,2797745552
1651,6.02151,317,0,1,0,139.381,1173,8189,1,0,812,1,14.2491,125738,-2092689256,2095,0,7450,2800929208
1605,5.8535,248,0,3,0,109.957,1186,8189,3,0,460,3,10.5245,126198,680421476,2098,0,7453,2773110732
1515,5.52517,146,0,2,0,75.74,1203,8189,2,0,657,2,10.7251,126855,-825391942,2100,0,7455,2789153878
916,3.34086,168,0,10,0,115.635,1207,8191,10,0,151,10,134.079,127006,1984885850,2110,0,7465,2810277792
1057,3.85501,1207,0,18,0,115.635,1207,8191,18,0,0,18,134.079,127006,1984885850,2128,0,7483,0
108,0.39389,3,0,1207,0,120.588,3,6984,105,0,1,0,118.385,127007,-1380477754,2233,0,8690,5224570988
557,2.03142,96,0,2,0,88.317,96,8189,2,0,158,2,11.2322,127165,1765617226,2235,0,8692,3146094980
563,2.05324,136,0,9,0,214.004,136,8190,9,0,147,9,6.04474,127312,208429682,2244,0,8701,2737779752
289,1.05401,149,0,7,0,144.685,149,8191,7,0,54,7,5.40269,127366,1647620504,2251,0,8708,1439190822
289,1.05397,58,0,149,0,52.555,58,8189,105,0,67,0,4.40678,127433,1553376112,2356,0,8857,4200722904
910,3.31889,143,0,4,0,60.599,146,8189,4,0,283,4,6.31834,127716,60506016,2360,0,8861,2802097200
828,3.01982,144,0,14,0,132.668,166,8189,14,0,98,14,8.22259,127814,-1417037062,2374,0,8875,2817424218
902,3.28978,194,0,14,0,96.408,194,8191,14,0,157,14,6.77434,127971,1116681426,2388,0,8889,2533718488
157,0.572573,195,0,10,0,110.856,195,8171,10,0,5,10,6.38765,127976,1775518724,2398,0,8899,658837298
545,1.98761,87,0,196,0,70.029,89,8191,191,0,138,1,5.18746,128114,-1781461816,2589,0,9095,5032954052
632,2.30504,131,0,10,0,126.327,131,8190,10,0,146,10,4.66579,128260,910786710,2599,0,9105,2692248526
844,3.07807,123,0,27,0,119.697,143,8164,26,0,52,27,5.74925,128312,-381810630,2625,0,9132,3002369956
698,2.54559,154,0,17,0,101.082,154,8153,18,0,52,17,6.1943,128364,-2058794488,2643,0,9149,2617983438
108,0.393891,3,0,154,0,99.242,3,8037,105,0,1,0,6.22349,128365,892389048,2748,0,9303,2951183536
431,1.57186,90,0,1,0,106.722,90,8189,1,0,139,1,6.60288,128504,-575991282,2749,0,9304,2826586966
649,2.36711,120,0,8,0,116.507,130,8190,8,0,138,8,5.71277,128642,-2064708096,2757,0,9312,2806250482
829,3.0234,124,0,10,0,114.394,166,8189,10,0,169,10,4.30464,128811,739758226,2767,0,9322,2804466322
1569,5.72239,99,0,5,0,70.202,250,8189,5,0,545,5,7.97088,129356,-765760730,2772,0,9327,2789448340
1633,5.95522,173,0,12,0,77.088,293,8158,12,0,364,12,27.8233,129720,2030923286,2784,0,9339,2796684016
1507,5.49605,118,0,13,0,96.55,331,8189,13,0,374,13,11.068,130094,544505678,2797,0,9352,2808549688
1450,5.28839,104,0,2,0,136.685,380,8191,2,0,541,2,26.6523,130635,-954184190,2799,0,9354,2796277428
1354,4.93802,133,0,4,0,90.404,413,8189,4,0,416,4,22.4717,131051,1773206700,2803,0,9358,2727390890
1115,4.06647,245,0,25,0,134.485,428,8191,25,0,194,25,19.2687,131245,251671002,2828,0,9383,2773431598
344,1.25458,428,0,25,0,121.271,428,8145,25,0,5,25,18.105,131250,581962530,2853,0,9408,330291528
318,1.15981,64,0,428,0,40.938,64,8189,105,0,78,0,233.443,131328,1590225936,2958,0,9836,5303230702
1025,3.73849,163,0,3,0,89.592,163,8190,3,0,353,3,15.628,131681,-16389218,2961,0,9839,2688352142
1149,4.1906,152,0,14,0,34.515,189,8189,14,0,145,14,8.89747,131826,-1389877380,2975,0,9853,2921479134
1260,4.59551,201,0,7,0,237.427,248,8189,7,0,401,7,27.6263,132227,1316247174,2982,0,9860,2706124554
951,3.46816,189,0,29,0,118.906,255,8191,28,0,58,29,7.25222,132285,-96347762,3010,0,9889,2882372360
1014,3.6982,274,0,25,0,127.766,275,8179,26,0,160,25,6.16512,132445,-1734049552,3036,0,9914,2657265506
6,0.0218817,275,0,5,0,127.766,275,8179,5,0,0,5,6.16512,132445,-1734049552,3041,0,9919,0
603,2.19915,99,0,276,0,91.037,99,8189,106,0,167,1,5.80762,132612,-307776330,3147,0,10195,5721240518
1653,6.02834,234,0,1,0,146.458,235,8189,1,0,713,1,11.9545,133325,-1821596908,3148,0,10196,2781146718
1401,5.10986,181,0,7,0,37.458,283,8189,7,0,385,7,9.63437,133710,1007471908,3155,0,10203,2829068816
1825,6.65579,321,0,0,0,106.284,366,8187,0,0,847,0,36.3012,134557,-668201998,3155,0,10203,2619293390
826,3.01239,122,0,7,0,187.185,387,8189,7,0,245,7,15.774,134802,-2103950386,3162,0,10210,2859218908
981,3.57771,389,0,29,0,120.212,389,8191,29,0,26,27,7.67904,134828,234000334,3191,0,10239,2337950720
1,0.00364702,389,0,1,0,120.212,389,8191,1,0,0,1,7.67904,134828,234000334,3192,0,10240,0
656,2.39244,102,0,391,0,67.734,105,8189,111,0,186,2,9.45562,135014,2019065752,3303,0,10631,6080032714
743,2.70968,146,0,10,0,128.976,146,8191,10,0,160,10,8.21165,135174,536273094,3313,0,10641,2812174638
811,2.95788,143,0,9,0,106.634,171,8191,9,0,128,9,6.0265,135302,-903098536,3322,0,10650,2855595666
906,3.30443,132,0,10,0,182.228,209,8191,10,0,222,10,6.32928,135524,1870579924,3332,0,10660,2773678460
1107,4.0372,179,0,35,0,64.193,227,8189,35,0,124,35,7.24858,135648,264678000,3367,0,10695,2689065372
1064,3.88048,129,0,8,0,76.656,260,8189,8,0,250,8,7.42733,135898,-1111998326,3375,0,10703,2918290970
1545,5.63429,116,0,1,0,79.252,335,8189,1,0,703,1,96.6027,136601,1673977930,3376,0,10704,2785976256
1781,6.49541,223,0,1,0,90.683,403,8183,1,0,780,1,26.0905,137381,155535938,3377,0,10705,2776525304
1443,5.26222,94,0,0,0,36.223,461,8189,0,0,792,0,22.8,138173,-1419732992,3377,0,10705,2719698366
1935,7.05695,169,0,3,0,80.518,508,8191,3,0,708,3,82.1347,138881,1471031388,3380,0,10708,2890764380
1496,5.4559,216,0,3,0,94.856,538,8187,3,0,485,3,11.4985,139366,-65912290,3383,0,10711,2758023618
1693,6.17482,225,0,2,0,55.456,575,8189,2,0,644,2,24.748,140010,-1522442852,3385,0,10713,2838436734
1478,5.39034,115,0,1,0,124.074,608,8189,1,0,617,1,14.457,140627,1252081530,3386,0,10714,2774524382
1216,4.43477,153,0,3,0,75.498,625,8191,3,0,317,3,17.1383,140944,-232540410,3389,0,10717,2810345356
1235,4.50405,240,0,12,0,104.229,635,8191,11,0,205,12,131.572,141149,-1933573762,3400,0,10729,2593933944
1161,4.23428,208,0,15,0,153.652,642,8136,16,0,147,15,52.4035,141296,1045168900,3416,0,10744,2978742662
1167,4.25595,503,0,51,0,116.433,644,8159,51,0,35,50,129.209,141331,-1060970748,3467,0,10795,2188827648
151,0.550741,644,0,10,0,116.433,644,8159,10,0,0,10,129.209,141331,-1060970748,3477,0,10805,0
925,3.37367,114,0,647,0,46.972,136,8189,108,0,306,3,19.6372,141637,842561816,3585,0,11452,6198499860
808,2.94689,168,0,21,0,95.568,168,8148,21,0,152,21,9.91162,141789,-915341706,3606,0,11473,2537063774
0,0,168,0,0,0,95.568,168,8148,0,0,0,0,9.91162,141789,-915341706,3606,0,11473,0
1517,5.53251,180,0,168,0,82.96,197,8189,105,0,623,0,22.8,142412,611628952,3711,0,11641,5821937954
1764,6.43379,217,0,0,0,107.026,307,8189,0,0,866,0,12.6367,143278,-923670888,3711,0,11641,2759667456
1795,6.54642,326,0,0,0,201.835,381,8189,0,0,796,0,14.9459,144074,1921922758,3711,0,11641,2845593646
1739,6.34258,391,0,0,0,202.135,439,8189,0,0,743,0,46.7528,144817,434621204,3711,0,11641,2807665742
1838,6.70309,165,0,0,0,170.691,501,8189,0,0,910,0,239.199,145727,-1062265184,3711,0,11641,2798080908
1647,6.00692,160,0,0,0,86.849,551,8189,0,0,830,0,17.3791,146557,1736474704,3711,0,11641,2798739888
1658,6.04731,168,0,1,0,92.296,590,8189,1,0,701,1,11.0717,147258,224668712,3712,0,11642,2783161304
1605,5.85379,99,0,0,0,145.422,634,8189,0,0,843,0,8.6567,148101,-1276530698,3712,0,11642,2793767886
1646,6.00138,239,0,0,0,118.235,669,8187,0,0,698,0,10.2691,148799,1530311410,3712,0,11642,2806842108
1782,6.49905,140,0,3,0,43.454,702,8189,3,0,718,3,22.5665,149517,8028980,3715,0,11645,2772684866
1759,6.41506,124,0,2,0,88.017,736,8189,2,0,751,2,32.4015,150268,-1516580138,3717,0,11647,2770358178
1652,6.02486,135,0,1,0,94.866,765,8189,1,0,678,1,13.9572,150946,1307425942,3718,0,11648,2824006080
1595,5.81736,357,0,0,0,241.754,790,8187,0,0,622,0,24.6021,151568,-196086562,3718,0,11648,2791454792
1660,6.05458,269,0,0,0,131.674,823,8187,0,0,835,0,9.74746,152403,-1693720550,3718,0,11648,2797333308
1612,5.879,345,0,0,0,261.798,850,8189,0,0,699,0,10.291,153102,1062904846,3718,0,11648,2756625396
1711,6.24024,401,0,0,0,194.252,880,8187,0,0,800,0,10.8127,153902,-408912386,3718,0,11648,2823150064
1620,5.90837,162,0,1,0,192.029,907,8189,1,0,761,1,9.05798,154663,-1895262010,3719,0,11649,2808617672
1619,5.90488,291,0,0,0,226.437,932,8189,0,0,725,0,36.4946,155388,906967350,3719,0,11649,2802229360
1662,6.06176,144,0,1,0,83.611,959,8189,1,0,792,1,10.2764,156180,-592481584,3720,0,11650,2795518362
1657,6.04316,107,0,0,0,60.194,987,8189,0,0,851,0,10.167,157031,-2097716158,3720,0,11650,2789732722
1661,6.05815,159,0,1,0,84.417,1010,8189,1,0,715,1,17.6052,157746,695946280,3721,0,11651,2793662438
1658,6.04672,238,0,2,0,90.741,1028,8189,2,0,599,2,18.0503,158345,-876297194,3723,0,11653,2722723822
1625,5.92599,141,0,1,0,120.865,1052,8189,1,0,764,1,24.5839,159109,1994778636,3724,0,11654,2871075830
1616,5.89382,100,0,2,0,97.896,1075,8189,2,0,751,2,24.8538,159860,494028388,3726,0,11656,2794217048
1697,6.18867,259,0,1,0,146.591,1096,8189,1,0,723,1,14.7379,160583,-1035300956,3727,0,11657,2765637952
1610,5.87164,303,0,0,0,172.113,1119,8189,0,0,787,0,16.551,161370,1775028482,3727,0,11657,2810329438
1622,5.91546,96,0,2,0,87.073,1134,8189,2,0,551,2,10.4698,161921,246428216,3729,0,11659,2766367030
1747,6.37137,353,0,0,0,104.094,1155,8189,0,0,749,0,11.4948,162670,-1240079328,3729,0,11659,2808459752
1656,6.03987,156,0,1,0,136.781,1176,8191,1,0,756,1,15.9709,163426,1529872038,3730,0,11660,2769951366
1763,6.43,213,0,1,0,98.841,1196,8189,1,0,756,1,17.1529,164182,71805130,3731,0,11661,2836900388
1801,6.56877,226,0,1,0,143.507,1217,8189,1,0,773,1,9.83866,164955,-1422908836,3732,0,11662,2800253330
1770,6.45588,436,0,0,0,268.587,1236,8189,0,0,729,0,11.6772,165684,1372010550,3732,0,11662,2794919386
1317,4.80321,1241,0,0,0,222.815,1241,8191,0,0,209,0,14.1615,165893,-1702502742,3732,0,11662,1220454004
540,1.96931,100,0,1241,0,37.392,100,8191,105,0,172,0,66.9517,166065,-1635040792,3837,0,12903,4362429246
1689,6.16034,178,0,0,0,124.027,248,8189,0,0,809,0,8.62387,166874,1161573546,3837,0,12903,2796614338
1737,6.33484,136,0,1,0,183.779,336,8189,1,0,805,1,11.2614,167679,-393166576,3838,0,12904,2740227174
1693,6.17459,286,0,0,0,183.605,403,8187,0,0,767,0,19.5642,168446,-1875158888,3838,0,12904,2812974984
1678,6.11972,189,0,1,0,91.842,461,8187,1,0,787,1,8.98138,169233,939044588,3839,0,12905,2814203476
1579,5.75911,241,0,0,0,131.634,511,8189,0,0,767,0,7.47475,170000,-542561458,3839,0,12905,2813361250
1641,5.98519,229,0,0,0,146.012,561,8189,0,0,832,0,23.2815,170832,-2067362614,3839,0,12905,2770166140
1695,6.18175,164,0,0,0,85.096,609,8189,0,0,885,0,11.524,171717,730898264,3839,0,12905,2798260878
1650,6.0175,85,0,1,0,167.459,646,8191,1,0,721,1,17.8788,172438,-767113228,3840,0,12906,2796955804
1668,6.08379,211,0,1,0,119.673,679,8189,1,0,682,1,19.3453,173120,2040058994,3841,0,12907,2807172222
1754,6.39694,204,0,1,0,108.788,714,8191,1,0,762,1,11.6262,173882,527594306,3842,0,12908,2782502608
1666,6.07602,356,0,0,0,139.302,747,8185,0,0,762,0,11.9071,174644,-1036245322,3842,0,12908,2731127668
1829,6.67074,513,0,2,0,303.816,767,8189,2,0,455,2,10.0211,175099,1803634210,3844,0,12910,2839879532
1715,6.25514,228,0,1,0,91.049,799,8189,1,0,784,1,9.59059,175883,320938292,3845,0,12911,2812271378
1565,5.70777,141,0,1,0,204.7,820,8189,1,0,530,1,8.46336,176413,-1218922930,3846,0,12912,2755106074
1680,6.12756,169,0,3,0,97.934,843,8189,3,0,618,3,137.708,177031,1613014654,3849,0,12915,2831937584
1746,6.3678,372,0,1,0,189.188,869,8189,1,0,700,1,12.2719,177731,114052612,3850,0,12916,2796005254
1607,5.86113,173,0,2,0,64.108,895,8191,2,0,696,2,8.64576,178427,-1388356802,3852,0,12918,2792557882
1676,6.11239,336,0,0,0,318.43,915,8189,0,0,565,0,13.5122,178992,1388139198,3852,0,12918,2776496000
1593,5.80968,316,0,0,0,314.234,938,8189,0,0,684,0,9.42278,179676,-87146800,3852,0,12918,2819681298
1657,6.04352,295,0,0,0,177.704,967,8189,0,0,843,0,8.91206,180519,-1603120522,3852,0,12918,2778993574
1579,5.7587,190,0,0,0,118.578,994,8189,0,0,846,0,15.8068,181365,1195719438,3852,0,12918,2798839960
1581,5.7659,121,0,1,0,121.016,1017,8187,1,0,724,1,124.524,182089,-299675684,3853,0,12919,2799572174
1599,5.83154,174,0,2,0,98.179,1037,8189,2,0,624,2,9.90067,182713,-1830283466,3855,0,12921,2764359514
1627,5.93366,90,0,1,0,72.354,1060,8191,1,0,759,1,10.5172,183472,988292728,3856,0,12922,2818576194
1681,6.13059,171,0,2,0,100.408,1079,8189,2,0,651,2,12.1296,184123,-501627358,3858,0,12924,2805047210
1623,5.91928,144,0,0,0,77.783,1104,8189,0,0,830,0,12.8191,184953,-2014003220,3858,0,12924,2782591434
1561,5.693,324,0,0,0,271.275,1121,8189,0,0,612,0,9.1273,185565,766251614,3858,0,12924,2780254834
1634,5.95938,110,0,0,0,53.085,1147,8189,0,0,928,0,10.4077,186493,-712624782,3858,0,12924,2816090900
1533,5.59081,131,0,1,0,100.712,1163,8189,1,0,579,1,11.7393,187072,2018084150,3859,0,12925,2730708932
1666,6.07634,140,0,2,0,69.385,1182,8189,2,0,679,2,32.314,187751,577968112,3861,0,12927,2854851258
1617,5.89774,103,0,1,0,57.548,1203,8189,1,0,770,1,10.3421,188521,-937439282,3862,0,12928,2779559902
1664,6.06891,120,0,4,0,105.061,1218,8189,4,0,592,4,10.1159,189113,1880409430,3866,0,12932,2817848712
1713,6.24711,258,0,0,0,138.242,1239,8187,0,0,791,0,22.5191,189904,375314982,3866,0,12932,2789872848
1713,6.24732,327,0,0,0,152.257,1260,8189,0,0,826,0,10.5573,190730,-1143832596,3866,0,12932,2775819718
1583,5.77317,289,0,1,0,163.628,1277,8189,1,0,675,1,11.4219,191405,1650011590,3867,0,12933,2793844186
1811,6.60504,671,0,1,0,296.145,1290,8189,1,0,520,1,17.4812,191925,-178385810,3868,0,12934,2466569896
624,2.27584,1290,0,0,0,283.376,1290,8191,0,0,1,0,17.2259,191926,235824490,3868,0,12934,414210300
1089,3.97156,161,0,1291,0,89.531,161,8190,107,0,418,1,32.635,192344,1344320574,3975,0,14225,5403463380
1809,6.59791,227,0,2,0,67.295,256,8191,2,0,621,2,9.36442,192965,-30420056,3977,0,14227,2920226666
1602,5.84259,140,0,0,0,93.193,346,8189,0,0,849,0,9.69638,193814,-1591657990,3977,0,14227,2733729362
1507,5.49635,291,0,1,0,198.544,404,8189,1,0,683,1,9.36442,194497,1227965194,3978,0,14228,2819623184
1752,6.39008,181,0,1,0,125.595,456,8189,1,0,691,1,16.81,195188,-244992856,3979,0,14229,2822009246
1647,6.00684,164,0,1,0,64.831,506,8189,1,0,760,1,8.78074,195948,-1747839856,3980,0,14230,2792120296
1623,5.91945,156,0,2,0,76.59,542,8189,2,0,589,2,8.41958,196537,1046872372,3982,0,14232,2794712228
1732,6.31695,218,0,0,0,125.391,589,8189,0,0,840,0,12.2172,197377,-443247970,3982,0,14232,2804846954
1696,6.18551,129,0,1,0,65.853,626,8189,1,0,700,1,13.3626,198077,-1948261302,3983,0,14233,2789953964
1618,5.90114,102,0,2,0,59.992,656,8189,2,0,599,2,11.2067,198676,820056558,3985,0,14235,2768317860
1545,5.63455,130,0,1,0,83.365,687,8187,1,0,650,1,17.514,199326,-666828048,3986,0,14236,2808082690
1553,5.66392,348,0,1,0,190.613,714,8189,1,0,597,1,11.7028,199923,2113373880,3987,0,14237,2780201928
1716,6.25828,218,0,2,0,80.251,743,8189,2,0,646,2,14.6139,200569,597783772,3989,0,14239,2779377188
1814,6.6156,137,0,2,0,129.39,774,8191,2,0,745,2,24.4416,201314,-907733378,3991,0,14241,2789450146
1906,6.95176,400,0,0,0,352.685,801,8189,0,0,666,0,25.0362,201980,1912020524,3991,0,14241,2819753902
1596,5.82125,275,0,1,0,130.655,827,8187,1,0,666,1,12.3923,202646,414573800,3992,0,14242,2797520572
1819,6.63418,346,0,0,0,247.913,859,8189,0,0,829,0,15.121,203475,-1082636268,3992,0,14242,2797757228
1622,5.91546,136,0,0,0,151.006,891,8189,0,0,874,0,23.588,204349,1728582338,3992,0,14242,2811218606
1763,6.42969,313,0,1,0,73.89,919,8190,1,0,798,1,15.4785,205147,114762140,3993,0,14243,2681147098
1830,6.67393,329,0,1,0,235.208,942,8189,1,0,662,1,15.4237,205809,-1377065334,3994,0,14244,2803139822
1721,6.27644,429,0,0,0,208.104,961,8189,0,0,582,0,10.5938,206391,1491941436,3994,0,14244,2869006770
1712,6.24384,631,0,1,0,124.092,977,8191,1,0,479,1,11.67,206870,-88515698,3995,0,14245,2714510162
1668,6.08372,271,0,0,0,191.85,1000,8189,0,0,708,0,10.0211,207578,-1498040056,3995,0,14245,2885442938
1693,6.17452,116,0,1,0,124.487,1017,8189,1,0,538,1,8.85734,208116,1258823858,3996,0,14246,2756863914
1567,5.71452,231,0,1,0,81.12,1038,8189,1,0,664,1,11.473,208780,-232158534,3997,0,14247,2803984904
1651,6.02148,141,0,1,0,107.472,1060,8187,1,0,717,1,12.2865,209497,-1732508858,3998,0,14248,2794616972
1744,6.36051,394,0,1,0,212.997,1079,8189,1,0,659,1,17.8898,210156,1092842174,3999,0,14249,2825351032
1671,6.0943,255,0,3,0,117.888,1097,8190,3,0,601,3,12.0749,210757,-431285736,4002,0,14252,2770839386
1591,5.80286,126,0,1,0,74.997,1116,8189,1,0,658,1,10.7616,211415,-1897104248,4003,0,14253,2829148784
1724,6.28744,170,0,1,0,92.98,1136,8189,1,0,703,1,16.0184,212118,894713200,4004,0,14254,2791817448
1906,6.95118,493,0,1,0,268.006,1151,8189,1,0,538,1,17.9007,212656,-603227290,4005,0,14255,2797026806
1620,5.90818,318,0,0,0,179.005,1173,8189,0,0,817,0,12.115,213473,-2112550340,4005,0,14255,2785644246
1633,5.95558,327,0,2,0,81.407,1191,8189,2,0,654,2,12.83,214127,398257806,4007,0,14257,2510808146
1641,5.98473,306,0,1,0,100.551,1208,8187,1,0,644,1,9.79488,214771,-865481318,4008,0,14258,3031228172
1860,6.78347,439,0,3,0,92.362,1222,8189,3,0,509,3,13.753,215280,1938029980,4011,0,14261,2803511298
1738,6.33891,292,0,0,0,190.132,1245,8189,0,0,883,0,17.6162,216163,467000458,4011,0,14261,2823937774
1673,6.10158,148,0,1,0,99.508,1264,8191,1,0,763,1,11.7684,216926,-1033344756,4012,0,14262,2794622082
1557,5.67328,156,0,1,0,77.506,1280,8189,1,0,638,1,8.51443,217564,1743687698,4013,0,14263,2777032454
1704,6.21452,118,0,0,0,73.714,1302,8189,0,0,877,0,10.7689,218441,218275918,4013,0,14263,2769555516
1785,6.51016,291,0,1,0,184.939,1321,8189,1,0,773,1,19.1702,219214,-1253395364,4014,0,14264,2823296014
1713,6.24736,276,0,1,0,201.64,1341,8190,1,0,839,1,37.2643,220053,1525896186,4015,0,14265,2779291550
1596,5.8206,203,0,2,0,110.192,1356,8189,2,0,615,2,9.34618,220668,38300450,4017,0,14267,2807371560
1720,6.2731,262,0,1,0,154.924,1372,8189,1,0,716,1,12.6695,221384,-1427483776,4018,0,14268,2829183070
1635,5.96288,148,0,2,0,70.931,1388,8191,2,0,688,2,64.4784,222072,1354420664,4020,0,14270,2781904440
1546,5.63826,207,0,3,0,64.871,1401,8189,3,0,542,3,10.1378,222614,-162176898,4023,0,14273,2778369734
1668,6.08374,132,0,1,0,125.102,1418,8185,1,0,744,1,21.0088,223358,-1641047428,4024,0,14274,2816096766
1550,5.65341,206,0,1,0,94.975,1432,8191,1,0,627,1,14.6978,223985,1152678598,4025,0,14275,2793726026
1611,5.87554,289,0,0,0,311.787,1445,8189,0,0,605,0,12.1843,224590,-393143712,4025,0,14275,2749144986
1681,6.13074,122,0,2,0,147.991,1461,8189,2,0,713,2,19.0316,225303,-1875444242,4027,0,14277,2812666766
1698,6.19298,229,0,4,0,92.325,1473,8190,4,0,561,4,11.9399,225864,868184254,4031,0,14281,2743628496
1599,5.83206,228,0,0,0,175.888,1489,8189,0,0,720,0,11.0097,226584,-555626698,4031,0,14281,2871156344
1571,5.72932,236,0,2,0,125.911,1504,8190,2,0,706,2,9.5833,227290,2137529866,4033,0,14283,2693156564
1688,6.15615,254,0,4,0,92.54,1516,8189,4,0,576,4,16.2518,227866,615126882,4037,0,14287,2772564312
1764,6.43377,1135,0,0,0,231.641,1522,8191,0,0,300,0,15.0444,228166,-1780413206,4037,0,14287,1899427208
388,1.41506,1522,0,1,0,231.641,1522,8191,1,0,0,1,15.0444,228166,-1780413206,4038,0,14288,0
892,3.25323,131,0,1522,0,63.692,143,8189,105,0,333,0,13.1766,228499,478663918,4143,0,15810,6554044420
1697,6.189,246,0,1,0,81.941,255,8189,1,0,698,1,9.62342,229197,-973893556,4144,0,15811,2842409822
1633,5.95559,166,0,2,0,73.903,339,8190,2,0,779,2,12.0858,229976,1773212232,4146,0,15813,2747105788
1485,5.41586,247,0,2,0,168.757,372,8187,2,0,366,2,7.2048,230342,319261016,4148,0,15815,2841016080
1731,6.31373,126,0,3,0,90.076,421,8189,3,0,615,3,13.7712,230957,-1168057478,4151,0,15818,2807648802
1615,5.89048,193,0,3,0,71.469,463,8189,3,0,578,3,34.9551,231535,1610290710,4154,0,15821,2778348188
1444,5.26627,129,0,3,0,84.889,500,8189,3,0,553,3,18.6303,232088,112910738,4157,0,15824,2797587324
1777,6.48093,188,0,1,0,98.752,545,8189,1,0,747,1,13.4867,232835,-1373172340,4158,0,15825,2808884218
1605,5.85399,232,0,1,0,109.195,584,8189,1,0,682,1,122.58,233517,1399478534,4159,0,15826,2772650874
1550,5.6532,219,0,1,0,130.758,620,8187,1,0,670,1,13.8186,234187,-81446132,4160,0,15827,2814042630
1738,6.33851,372,0,1,0,88.179,657,8189,1,0,736,1,23.9199,234923,-1635090872,4161,0,15828,2741322556
1719,6.26914,126,0,2,0,73.509,689,8189,2,0,674,2,9.4775,235597,1177370990,4163,0,15830,2812461862
1671,6.09438,200,0,2,0,109.228,719,8189,2,0,660,2,9.43738,236257,-286024416,4165,0,15832,2831571890
1681,6.13063,199,0,1,0,93.347,751,8189,1,0,734,1,10.9185,236991,-1786874176,4166,0,15833,2794117536
1699,6.19677,238,0,1,0,155.809,780,8189,1,0,700,1,7.91616,237691,997610660,4167,0,15834,2784484836
1645,5.99938,158,0,1,0,102.502,811,8191,1,0,787,1,233.107,238478,-537781944,4168,0,15835,2759574692
1545,5.6349,102,0,3,0,60.907,837,8189,3,0,649,3,8.43418,239127,-1990202722,4171,0,15838,2842546518
1624,5.92156,114,0,1,0,55.144,863,8189,1,0,694,1,10.7251,239821,787725158,4172,0,15839,2777927880
1872,6.82745,231,0,0,0,213.341,895,8187,0,0,880,0,11.1556,240701,-711823834,4172,0,15839,2795418304
1633,5.95561,212,0,0,0,149.446,922,8189,0,0,788,0,11.3562,241489,2076447974,4172,0,15839,2788271808
1679,6.12357,206,0,1,0,117.962,947,8189,1,0,709,1,15.4675,242198,594288634,4173,0,15840,2812807956
1609,5.86834,242,0,1,0,104.987,971,8189,1,0,733,1,13.5268,242931,-910479544,4174,0,15841,2790199118
1742,6.35369,263,0,0,0,208.803,994,8189,0,0,700,0,12.2974,243631,1851375334,4174,0,15841,2761854878
1790,6.52834,292,0,0,0,153.984,1020,8189,0,0,820,0,12.6221,244451,386636580,4174,0,15841,2830228542
1703,6.21092,118,0,1,0,112.803,1045,8189,1,0,812,1,17.7986,245263,-1132221478,4175,0,15842,2776109238
1589,5.79513,185,0,0,0,106.274,1068,8189,0,0,764,0,9.60518,246027,1669704656,4175,0,15842,2801926134
1668,6.08319,165,0,2,0,101.591,1089,8191,2,0,695,2,10.6522,246722,158999918,4177,0,15844,2784262558
1797,6.55398,486,0,0,0,85.857,1110,8189,0,0,742,0,10.3165,247464,-1330562468,4177,0,15844,2805404910
1657,6.04345,151,0,1,0,108.671,1131,8189,1,0,715,1,12.6804,248179,1468207464,4178,0,15845,2798769932
1590,5.79879,185,0,1,0,129.855,1149,8189,1,0,643,1,9.57235,248822,-29242018,4179,0,15846,2797517814
1561,5.69287,160,0,2,0,86.685,1168,8191,2,0,683,2,9.69274,249505,-1542650674,4181,0,15848,2781558640
1564,5.70418,111,0,0,0,75.954,1190,8179,0,0,814,0,10.9841,250319,1254076196,4181,0,15848,2796726870
1648,6.01071,162,0,0,0,101.48,1211,8189,0,0,803,0,22.7197,251122,-240680680,4181,0,15848,2800210420
1716,6.25825,147,0,2,0,236.586,1225,8189,2,0,510,2,14.4315,251632,-1747108586,4183,0,15850,2788539390
1709,6.23257,367,0,0,0,221.069,1244,8189,0,0,727,0,14.9823,252359,1016112490,4183,0,15850,2763221076
1144,4.17216,1246,0,0,0,217.927,1246,8191,0,0,108,0,13.5158,252467,1859790542,4183,0,15850,843678052
801,2.92127,126,0,1246,0,64.521,132,8189,108,0,288,0,12.7352,252755,-1964926628,4291,0,17096,4765217422
1695,6.18211,141,0,1,0,85.409,258,8189,1,0,767,1,14.3731,253522,855908074,4292,0,17097,2820834702
1830,6.67412,304,0,1,0,155.559,338,8189,1,0,749,1,11.7429,254271,-655051772,4293,0,17098,2784007450
1622,5.91543,278,0,0,0,125.302,407,8189,0,0,806,0,10.82,255077,2133405956,4293,0,17098,2788457728
1754,6.39674,278,0,1,0,211.448,462,8189,1,0,747,1,11.3088,255824,636088788,4294,0,17099,2797650128
1733,6.32043,201,0,2,0,98.451,509,8189,2,0,714,2,10.2363,256538,-868200128,4296,0,17101,2790678380
1702,6.20746,226,0,1,0,130.95,554,8189,1,0,752,1,10.7835,257290,1934982590,4297,0,17102,2803182718
1612,5.87902,205,0,0,0,133.36,600,8189,0,0,819,0,10.9951,258109,443297440,4297,0,17102,2803282146
1800,6.56516,218,0,1,0,172.637,638,8189,1,0,737,1,10.5318,258846,-1056641480,4298,0,17103,2795028376
1565,5.70778,243,0,1,0,77.983,672,8189,1,0,706,1,109.633,259552,1717455930,4299,0,17104,2774097410
1642,5.98871,164,0,2,0,93.74,704,8189,2,0,681,2,16.6276,260233,209804186,4301,0,17106,2787315552
1638,5.97364,102,0,2,0,61.995,733,8189,2,0,657,2,10.8127,260890,-1302090804,4303,0,17108,2783072306
1728,6.30199,155,0,1,0,154.946,764,8189,1,0,718,1,10.0721,261608,1485208858,4304,0,17109,2787299662
1614,5.88627,242,0,1,0,186.34,790,8189,1,0,628,1,11.7466,262236,2957496,4305,0,17110,2812715934
1668,6.0831,745,0,0,0,185.621,813,8191,0,0,578,0,10.1232,262814,-1585542400,4305,0,17110,2706467400
68,0.24798,813,0,0,0,185.621,813,8191,0,0,0,0,10.1232,262814,-1585542400,4305,0,17110,0
1338,4.8796,172,0,813,0,76.783,178,8189,157,0,511,0,11.4839,263325,-199759110,4462,0,17923,5680750586
1525,5.56177,178,0,0,0,150.671,284,8189,0,0,766,0,11.9618,264091,-1702673478,4462,0,17923,2792052928
1538,5.60941,329,0,1,0,159.671,339,8191,1,0,537,1,11.3197,264628,1098601964,4463,0,17924,2801275442
1574,5.74071,85,0,0,0,77.933,414,8189,0,0,889,0,10.747,265517,-392770552,4463,0,17924,2803594780
1620,5.90856,172,0,1,0,111.888,463,8189,1,0,660,1,10.1123,266177,-1899737094,4464,0,17925,2788000754
1695,6.1816,367,0,0,0,167.495,512,8189,0,0,753,0,10.623,266930,859899772,4464,0,17925,2759636866
1086,3.96033,537,0,0,0,237.87,537,8191,0,0,408,0,17.5177,267338,-1582414092,4464,0,17925,1852653432
197,0.718368,34,0,537,0,50.441,34,8190,105,0,32,0,17.9482,267370,-2107088176,4569,0,18462,3770293212
1525,5.56214,181,0,0,0,82.857,213,8189,0,0,694,0,12.7607,268064,685475556,4569,0,18462,2792563732
1814,6.61621,315,0,0,0,151.573,315,8189,0,0,843,0,10.3348,268907,-826707596,4569,0,18462,2782784144
1530,5.58027,307,0,0,0,248.038,383,8189,0,0,744,0,11.3015,269651,1935212320,4569,0,18462,2761919916
1722,6.28027,421,0,1,0,126.669,435,8189,1,0,657,1,9.98093,270308,471183190,4570,0,18463,2830938166
1606,5.85683,352,0,1,0,193.471,489,8191,1,0,782,1,11.1373,271090,-1131461746,4571,0,18464,2692322360
1806,6.58681,259,0,1,0,166.913,535,8185,1,0,749,1,14.2673,271839,1780446540,4572,0,18465,2911908286
1670,6.09109,227,0,1,0,148.148,577,8191,1,0,724,1,9.19661,272563,290376766,4573,0,18466,2804897522
1919,6.9988,322,0,0,0,248.068,623,8191,0,0,863,0,10.9331,273426,-1226809048,4573,0,18466,2777781482
1631,5.94882,305,0,0,0,159.077,664,8189,0,0,825,0,10.4187,274251,1576671072,4573,0,18466,2803480120
1630,5.94458,120,0,2,0,65.65,696,8189,2,0,688,2,63.1907,274939,36535604,4575,0,18468,2754831828
1676,6.11235,85,0,3,0,112.352,720,8189,3,0,532,3,28.1005,275471,-1426453788,4578,0,18471,2831977904
1691,6.16763,156,0,4,0,67.61,745,8191,4,0,568,4,11.8742,276039,1372628876,4582,0,18475,2799082664
1670,6.09083,308,0,1,0,230.098,772,8190,1,0,643,1,13.0452,276682,-142425186,4583,0,18476,2779913234
1876,6.84185,277,0,2,0,124.592,798,8191,2,0,618,2,13.0963,277300,-1692564718,4585,0,18478,2744827764
1695,6.18207,319,0,1,0,191.503,824,8189,1,0,678,1,10.747,277978,1120217926,4586,0,18479,2812782644
1627,5.93382,164,0,3,0,85.739,844,8189,3,0,518,3,11.1118,278496,-334908632,4589,0,18482,2839840738
1641,5.98488,129,0,0,0,101.445,875,8185,0,0,844,0,23.4858,279340,-1845168828,4589,0,18482,2784707100
1697,6.18892,283,0,1,0,145.216,900,8189,1,0,688,1,10.1779,280028,931657518,4590,0,18483,2776826346
1636,5.96672,90,0,1,0,77.455,930,8189,1,0,856,1,12.6476,280884,-559280844,4591,0,18484,2804028934
1702,6.20681,293,0,1,0,178.515,956,8189,1,0,752,1,11.3343,281636,-2134859020,4592,0,18485,2719389120
1773,6.46614,243,0,0,0,214.876,980,8189,0,0,725,0,9.88973,282361,739470298,4592,0,18485,2874329318
1622,5.91529,176,0,2,0,77.131,1000,8187,2,0,636,2,9.72557,282997,-804721978,4594,0,18487,2750775020
1751,6.3858,126,0,1,0,136.73,1019,8189,1,0,597,1,10.1159,283594,1977297626,4595,0,18488,2782019604
1718,6.26577,206,0,1,0,83.78,1041,8191,1,0,710,1,9.89702,284304,529044998,4596,0,18489,2846714668
1627,5.93374,217,0,0,0,123.458,1066,8189,0,0,812,0,11.9508,285116,-967350046,4596,0,18489,2798572252
1551,5.65647,529,0,1,0,160.02,1083,8189,1,0,571,1,18.4479,285687,1782544052,4597,0,18490,2749894098
2110,7.69586,582,0,1,0,156.139,1105,8189,1,0,765,1,46.7345,286452,325565140,4598,0,18491,2837988384
1751,6.38583,266,0,1,0,62.58,1129,8189,1,0,825,1,17.4374,287277,-1202422472,4599,0,18492,2766979684
1761,6.42257,321,0,0,0,173.439,1153,8189,0,0,858,0,11.2103,288135,1631562584,4599,0,18492,2833985056
1717,6.26193,314,0,2,0,147.775,1172,8187,2,0,678,2,13.2824,288813,118769676,4601,0,18494,2782174388
1542,5.62389,102,0,2,0,99.354,1187,8189,2,0,572,2,9.64896,289385,-1366309350,4603,0,18496,2809888270
1747,6.37139,139,0,0,0,126.671,1210,8189,0,0,857,0,10.9221,290242,1416491628,4603,0,18496,2782800978
1687,6.15257,253,0,1,0,63.46,1228,8189,1,0,691,1,18.0977,290933,-110189496,4604,0,18497,2768286172
1662,6.06188,281,0,1,0,83.38,1246,8189,1,0,702,1,10.9987,291635,-1582885032,4605,0,18498,2822271760
1540,5.61661,158,0,1,0,144.116,1262,8191,1,0,639,1,30.3988,292274,1169610224,4606,0,18499,2752495256
1728,6.30241,293,0,0,0,168.4,1282,8189,0,0,772,0,8.91936,293046,-281856692,4606,0,18499,2843500380
1654,6.03263,356,0,0,0,206.972,1300,8183,0,0,710,0,18.4662,293756,-1801949830,4606,0,18499,2774874158
1733,6.32054,634,0,0,0,180.984,1317,8189,0,0,710,0,14.1433,294466,983066208,4606,0,18499,2785016038
1641,5.9847,601,0,0,0,185.333,1330,8185,0,0,525,0,10.5646,294991,-500919698,4606,0,18499,2810981390
1759,6.41516,224,0,0,0,161.498,1349,8189,0,0,826,0,11.6006,295817,-1988968908,4606,0,18499,2806918086
1645,5.99935,459,0,1,0,133.528,1363,8189,1,0,591,1,13.2021,296408,772033588,4607,0,18500,2761002496
1875,6.83842,198,0,3,0,112.102,1378,8189,3,0,615,3,9.7511,297023,-706610240,4610,0,18503,2816323468
1739,6.34203,364,0,0,0,89.18,1396,8187,0,0,791,0,10.1268,297814,2065755594,4610,0,18503,2772365834
1726,6.29472,253,0,0,0,183.852,1415,8191,0,0,844,0,11.2942,298658,597769140,4610,0,18503,2826980842
1686,6.14911,218,0,1,0,99.905,1428,8185,1,0,575,1,10.2655,299233,-915708256,4611,0,18504,2781489900
1706,6.21684,173,0,2,0,228.009,1443,8189,2,0,685,2,11.4,299918,1882591234,4613,0,18506,2798299490


