SendPacket,SendRate(Mb/s),FlightSize,ReceiveRate(Mb/s),Send Loss,Recv Loss,RTT(ms),CWnd,FlowWindow,Retrans,PktSndPeriod(us),RecvACK,RecvNAK,EstimatedBandwidth(Mb/s),Retrans_Total,NAK_TotalRecv,Total Send Loss,Total Recv Loss,Timeout,ExpCount,usSndDuration
513,5.61932,89,0,3,0,123.321,93,8189,3,0,150,3,11.1821,3,3,3,0,0,1,-1560434405788566
520,6.0549,99,0,15,0,143.48,127,8173,15,0,118,15,10.0755,18,18,18,0,0,1,2815521078
59,0.687018,128,0,8,0,139.094,128,8181,8,0,2,7,9.97069,26,25,26,0,0,1,206466800
374,4.35514,65,0,133,0,81.614,68,8191,106,0,87,5,9.52806,132,30,159,0,1,1,5376254254
470,5.47308,97,0,15,0,114.932,97,8174,16,0,76,15,9.41158,148,45,174,0,1,1,2778631632
40,0.465786,98,0,5,0,113.313,98,8157,5,0,1,5,9.42323,153,50,179,0,1,1,82322072
398,4.63479,77,0,104,0,91.768,77,8190,65,0,107,6,8.57293,218,56,283,0,2,1,5414308410
490,5.70617,107,0,10,0,135.695,108,8190,9,0,90,10,9.73773,227,66,293,0,2,1,2794371818
238,2.77145,118,0,9,0,151.941,118,8191,10,0,37,9,10.2269,237,75,302,0,2,1,1139363204
184,2.14264,44,0,119,0,61.716,44,8190,60,0,44,1,11.9508,297,76,421,0,3,1,4411263948
480,5.58923,98,0,9,0,119.405,98,8189,9,0,121,9,10.786,306,85,430,0,3,1,2719625874
543,6.32307,108,0,27,0,102.237,108,8176,27,0,33,27,9.37664,333,112,457,0,3,1,2920338358
310,3.60983,116,0,35,0,98.144,116,8183,35,0,27,34,8.74765,368,146,492,0,3,1,1501022096
178,2.07288,42,0,116,0,41.615,42,8189,59,0,41,0,8.1303,427,146,608,0,4,1,4147470796
63,0.733661,57,0,5,0,55.86,57,8191,5,0,23,4,7.73427,432,150,613,0,4,1,319006156
225,2.62009,29,0,57,0,73.356,29,8189,57,0,74,0,7.04704,489,150,670,0,5,1,5291325004
415,4.83253,34,0,4,0,71.329,34,8191,4,0,166,4,7.22176,493,154,674,0,5,1,2810561225
478,5.56624,61,0,4,0,89.815,70,8189,4,0,171,4,8.45645,497,158,678,0,5,1,2768309989
89,1.03639,78,0,3,0,106.989,78,8155,3,0,19,3,8.74765,500,161,681,0,5,1,615687534
340,3.9592,62,0,80,0,94.829,68,8189,61,0,87,2,9.0039,561,163,761,0,6,1,4986460248
327,3.80809,88,0,6,0,119.964,88,8191,6,0,48,6,9.46982,567,169,767,0,6,1,1988667366
112,1.30422,22,0,88,0,69.551,22,8190,58,0,20,0,9.03885,625,169,855,0,7,1,3621801918
557,6.48613,69,0,8,0,110.204,95,8189,8,0,134,8,10.5181,633,177,863,0,7,1,2744881202
497,5.78744,94,0,17,0,147.741,116,8177,17,0,70,17,10.8676,650,194,880,0,7,1,2788179716
211,2.45706,119,0,21,0,127.406,119,8175,21,0,11,21,11.217,671,215,901,0,7,1,1047939158
189,2.20086,45,0,119,0,54.175,45,8189,60,0,46,0,10.7278,731,215,1020,0,8,1,4506098072
13,0.151382,48,0,4,0,56.953,48,8190,4,0,4,4,10.6696,735,219,1024,0,8,1,131254368
398,4.6345,29,0,48,0,59.816,29,8189,48,0,169,0,10.1571,783,219,1072,0,9,1,5521068896
463,5.39178,35,0,2,0,64.777,35,8189,2,0,207,2,8.58458,785,221,1074,0,9,1,2823953930
468,5.45,58,0,5,0,90.839,76,8189,5,0,149,5,9.38829,790,226,1079,0,9,1,2760070194
444,5.1695,82,0,8,0,173.224,105,8191,8,0,81,8,10.0639,798,234,1087,0,9,1,2781483810
364,4.23877,117,0,23,0,160.058,117,8191,23,0,42,23,10.1687,821,257,1110,0,9,1,2092435520
63,0.733693,3,0,117,0,156.695,3,8074,60,0,1,0,10.0522,881,257,1227,0,10,1,3283343728
470,5.47339,84,0,9,0,123.805,85,8189,9,0,126,9,8.84083,890,266,1236,0,10,1,3000242560
289,3.36535,110,0,7,0,127.902,110,8169,7,0,75,7,8.7593,897,273,1243,0,10,1,1759095240
132,1.53711,28,0,110,0,74.626,28,8189,59,0,26,0,8.51469,956,273,1353,0,11,1,3883271770
473,5.50801,95,0,6,0,123.515,95,8190,6,0,130,6,8.66611,962,279,1359,0,11,1,2592129638
562,6.54404,110,0,19,0,108.523,110,8177,19,0,47,19,9.3184,981,298,1378,0,11,1,2935362145
122,1.42074,112,0,8,0,108.262,112,8190,8,0,6,8,9.38829,989,306,1386,0,11,1,312720651
313,3.64283,63,0,113,0,100.216,65,8189,98,0,81,1,9.79597,1087,307,1499,0,12,1,5341058212
500,5.82236,102,0,12,0,117.944,102,8170,12,0,95,12,9.35334,1099,319,1511,0,12,1,2786464562
245,2.85305,106,0,20,0,94.824,106,8191,20,0,14,19,8.25843,1119,338,1531,0,12,1,1166178300
218,2.53872,52,0,106,0,54.187,52,8191,59,0,57,0,6.83738,1178,338,1637,0,13,1,4383923404
529,6.16021,105,0,11,0,109.346,105,8189,11,0,131,11,5.59104,1189,349,1648,0,13,1,2813251770
540,6.2882,117,0,10,0,142.949,127,8189,10,0,79,10,6.9655,1199,359,1658,0,13,1,2577928052
395,4.5997,132,0,33,0,121.92,132,8170,33,0,19,33,10.5065,1232,392,1691,0,13,1,1914491124
70,0.815106,6,0,132,0,116.874,6,8189,59,0,4,0,10.0056,1291,392,1823,0,14,1,3904917730
517,6.02083,87,0,13,0,90.475,87,8189,13,0,130,13,9.36499,1304,405,1836,0,14,1,2794002022
513,5.97388,86,0,13,0,135.371,128,8191,13,0,137,13,11.4383,1317,418,1849,0,14,1,2792080074
280,3.26054,131,0,23,0,109.393,131,8175,23,0,13,23,11.9043,1340,441,1872,0,14,1,1293316220
159,1.85164,28,0,131,0,53.623,28,8189,87,0,26,0,12.5565,1427,441,2003,0,15,1,4309640468
521,6.06626,63,0,9,0,108.305,93,8189,8,0,125,9,10.4716,1435,450,2012,0,15,1,2735374712
185,2.15428,97,0,9,0,113.259,97,8171,10,0,11,9,9.71443,1445,459,2021,0,15,1,980600726
226,2.63171,52,0,98,0,54.93,52,8191,67,0,57,1,9.56301,1512,460,2119,0,16,1,4654461448
497,5.78765,101,0,10,0,134.369,101,8168,10,0,117,10,8.67776,1522,470,2129,0,16,1,2797150062
212,2.4688,105,0,15,0,99.468,105,8179,15,0,12,15,8.72435,1537,485,2144,0,16,1,1131640356
163,1.89826,38,0,105,0,75.685,38,8189,60,0,37,0,9.09709,1597,485,2249,0,17,1,4412595516
510,5.93924,76,0,10,0,141.989,99,8191,10,0,130,10,8.07206,1607,495,2259,0,17,1,2689049048
573,6.673,117,0,17,0,109.964,121,8191,17,0,75,17,8.7127,1624,512,2276,0,17,1,2948109038
175,2.03695,135,0,4,0,161.581,135,8149,4,0,57,4,8.54963,1628,516,2280,0,17,1,911199646
188,2.18936,45,0,135,0,51.454,45,8189,59,0,46,0,10.0173,1687,516,2415,0,18,1,4655441294
507,5.90352,80,0,6,0,111.454,89,8126,6,0,91,6,10.4133,1693,522,2421,0,18,1,2809692670
508,5.9158,82,0,9,0,114.344,115,8191,9,0,84,9,11.1238,1702,531,2430,0,18,1,2653848700
320,3.72366,120,0,26,0,105.571,120,8191,26,0,17,26,10.6346,1728,557,2456,0,18,1,1629014786
126,1.4672,6,0,120,0,104.455,6,8145,120,0,4,0,9.9008,1848,557,2576,0,19,1,4081565752
514,5.98546,89,0,8,0,98.734,89,8156,8,0,133,8,7.48966,1856,565,2584,0,19,1,2721760932
0,0,89,0,0,0,98.734,89,8156,0,0,0,0,7.48966,1856,565,2584,0,19,1,0
493,5.74092,73,0,94,0,95.275,79,8166,71,0,113,5,7.18682,1927,570,2678,0,20,1,5613183184
513,5.97409,106,0,8,0,136.395,110,8191,8,0,92,8,8.94566,1935,578,2686,0,20,1,2586103604
558,6.49808,99,0,40,0,103.649,120,8191,40,0,35,40,9.44653,1975,618,2726,0,20,1,3017633066
36,0.4192,120,0,8,0,102.306,120,8184,8,0,1,7,9.44653,1983,625,2734,0,20,1,1035426
358,4.16883,60,0,124,0,95.541,60,8153,124,0,71,4,7.31494,2107,629,2858,0,21,1,5586576940
455,5.29824,95,0,9,0,130.515,95,8191,9,0,83,9,8.84083,2116,638,2867,0,21,1,2826947186
444,5.16872,125,0,11,0,146.502,125,8191,11,0,104,11,9.17862,2127,649,2878,0,21,1,2087710100
66,0.768557,125,0,125,0,146.502,2,8191,66,0,0,0,9.17862,2193,649,3003,0,22,1,0
416,4.84425,62,0,4,0,121.769,86,8154,35,0,130,4,7.32659,2228,653,3007,0,22,1,6236505380
480,5.58944,104,0,7,0,117.012,112,8191,7,0,82,7,7.8624,2235,660,3014,0,22,1,2804344242
408,4.75122,118,0,21,0,134.922,118,8176,21,0,21,21,8.49139,2256,681,3035,0,22,1,2299916010
61,0.710306,3,0,118,0,132.573,3,8073,58,0,1,0,8.58458,2314,681,3153,0,23,1,3001911724
205,2.38721,58,0,4,0,71.848,58,8191,4,0,66,4,9.73773,2318,685,3157,0,23,1,1929310502
108,1.25772,20,0,58,0,75.307,20,8189,58,0,18,0,9.33005,2376,685,3215,0,24,1,4012879038
443,5.15904,35,0,0,0,62.879,35,8191,0,0,223,0,9.64454,2376,685,3215,0,24,1,2811991368
422,4.91413,69,0,4,0,69.603,69,8189,4,0,140,4,9.9008,2380,689,3219,0,24,1,2639128404
296,3.44561,93,0,6,0,132.404,93,8191,6,0,63,6,11.019,2386,695,3225,0,24,1,1720862542
118,1.3741,23,0,93,0,87.495,23,8189,59,0,21,0,10.3085,2445,695,3318,0,25,1,3976651868
507,5.90393,98,0,7,0,121.148,98,8189,7,0,144,7,9.9241,2452,702,3325,0,25,1,2837702756
510,5.93886,89,0,5,0,145.253,131,8156,5,0,120,5,9.81926,2457,707,3330,0,25,1,2650430958
253,2.94637,135,0,21,0,147.34,135,8191,21,0,13,21,10.7744,2478,728,3351,0,25,1,1387656690
122,1.42074,4,0,135,0,142.133,4,8084,118,0,2,0,10.9608,2596,728,3486,0,26,1,4279623936
433,5.04013,83,0,7,0,99.777,83,8189,7,0,119,7,10.2968,2603,735,3493,0,26,1,2752945944
502,5.84574,94,0,11,0,86.101,106,8189,11,0,68,11,11.4966,2614,746,3504,0,26,1,2860429082
366,4.26197,109,0,18,0,132.361,109,8173,18,0,12,18,10.4948,2632,764,3522,0,26,1,2046187598
0,0,109,0,0,0,132.361,109,8191,0,0,0,0,10.4948,2632,764,3522,0,26,1,0
405,4.71592,71,0,111,0,69.912,73,8190,103,0,98,2,10.3434,2735,766,3633,0,27,1,6332104450
215,2.50367,96,0,4,0,129.817,96,8191,4,0,60,4,9.80762,2739,770,3637,0,27,1,1147279714
148,1.72342,34,0,96,0,74.068,34,8189,58,0,32,0,9.80762,2797,770,3733,0,28,1,4440505244
342,3.98253,83,0,6,0,122.539,83,8190,6,0,90,6,9.84256,2803,776,3739,0,28,1,1832373858
94,1.09459,6,0,83,0,123.491,6,8189,83,0,4,0,10.0406,2886,776,3822,0,29,1,3720320870
432,5.03042,80,0,4,0,118.94,84,8189,4,0,120,4,10.0872,2890,780,3826,0,29,1,2790702740
441,5.13534,106,0,11,0,96.57,106,8163,11,0,65,11,10.6346,2901,791,3837,0,29,1,2411699332
94,1.0946,3,0,106,0,101.932,3,8085,91,0,1,0,10.6113,2992,791,3943,0,30,1,3069872638
369,4.2969,70,0,2,0,107.537,83,8189,2,0,121,2,10.192,2994,793,3945,0,30,1,2909433646
474,5.51955,107,0,15,0,88.131,107,8190,15,0,73,15,9.66784,3009,808,3960,0,30,1,2571610972
0,0,107,0,0,0,88.131,107,8190,0,0,0,0,9.66784,3009,808,3960,0,30,1,0
451,5.2519,70,0,108,0,115.417,78,8191,108,0,109,1,10.1338,3117,809,4068,0,31,1,5880988050
512,5.96211,103,0,15,0,128.693,103,8179,15,0,71,15,10.0406,3132,824,4083,0,31,1,2663225670
275,3.20239,108,0,25,0,109.651,108,8185,25,0,17,25,8.63117,3157,849,4108,0,31,1,1469590038
118,1.37423,6,0,108,0,109.054,6,8189,108,0,4,0,8.4448,3265,849,4216,0,32,1,4260923548
422,4.91449,91,0,5,0,122.224,91,8191,5,0,140,5,8.82918,3270,854,4221,0,32,1,2767524676
334,3.88956,104,0,6,0,85.049,104,8191,6,0,39,6,8.81754,3276,860,4227,0,32,1,1853844580
70,0.815149,6,0,104,0,107.126,6,8189,59,0,4,0,8.98061,3335,860,4331,0,33,1,3674824384
473,5.50797,87,0,4,0,113.06,88,8189,4,0,132,4,8.65446,3339,864,4335,0,33,1,2879272382
500,5.8223,104,0,13,0,126.074,117,8169,13,0,93,13,8.4215,3352,877,4348,0,33,1,2655693642
182,2.11933,120,0,17,0,124.338,120,8179,17,0,9,17,8.50304,3369,894,4365,0,33,1,881822746
144,1.67684,32,0,121,0,65.976,32,8189,60,0,30,1,8.40986,3429,895,4486,0,34,1,4819126046
483,5.6245,99,0,5,0,140.881,99,8189,5,0,139,5,8.23514,3434,900,4491,0,34,1,2802420292
503,5.85723,121,0,15,0,138.4,121,8149,15,0,74,15,8.03712,3449,915,4506,0,34,1,2613447074
271,3.15573,138,0,4,0,132.795,138,8191,4,0,71,4,8.09536,3453,919,4510,0,34,1,1434166202
141,1.64184,31,0,138,0,71.251,31,8189,58,0,29,0,8.02547,3511,919,4648,0,35,1,4255213816
487,5.67102,98,0,5,0,133.192,98,8191,5,0,137,5,8.31667,3516,924,4653,0,35,1,2650408012
207,2.41052,101,0,15,0,126.217,101,8185,15,0,9,15,8.59622,3531,939,4668,0,35,1,1330708862
178,2.07282,42,0,101,0,42.248,42,8189,59,0,41,0,8.78259,3590,939,4769,0,36,1,4460694084
473,5.50828,79,0,13,0,115.858,90,8160,13,0,100,13,7.39648,3603,952,4782,0,36,1,2809710204
65,0.756961,91,0,7,0,121.83,91,8191,7,0,3,7,7.37318,3610,959,4789,0,36,1,452954838
122,1.42065,24,0,91,0,83.605,24,8189,59,0,22,0,7.19846,3669,959,4880,0,37,1,5127421278
499,5.81063,101,0,4,0,101.145,101,8189,4,0,151,4,7.07034,3673,963,4884,0,37,1,2490840954
557,6.48618,117,0,29,0,96.936,117,8190,29,0,54,29,9.9008,3702,992,4913,0,37,1,2836103788
41,0.477452,117,0,8,0,112.227,117,8178,8,0,3,8,9.97069,3710,1000,4921,0,37,1,331725044
391,4.55315,62,0,120,0,79.271,66,8189,120,0,83,3,11.3568,3830,1003,5041,0,38,1,5539125466
437,5.08879,99,0,4,0,154.129,99,8189,4,0,85,4,10.6346,3834,1007,5045,0,38,1,2535893710
540,6.28815,77,0,11,0,139.421,116,8167,11,0,57,11,10.3318,3845,1018,5056,0,38,1,3015340468
552,6.4279,122,0,24,0,108.668,122,8173,24,0,24,24,11.0074,3869,1042,5080,0,38,1,2797404092
19,0.22125,123,0,4,0,108.006,123,8191,4,0,1,4,10.7278,3873,1046,5084,0,38,1,95686262
265,3.08594,52,0,123,0,61.863,52,8189,110,0,57,0,8.66611,3983,1046,5207,0,39,1,5520558512
458,5.33319,64,0,12,0,115.765,90,8191,12,0,84,12,8.70106,3995,1058,5219,0,39,1,2739398186
504,5.869,86,0,14,0,122.039,102,8136,14,0,36,14,10.2735,4009,1072,5233,0,39,1,2750972196
35,0.407577,102,0,2,0,122.334,102,8174,2,0,1,2,10.1687,4011,1074,5235,0,39,1,339367952
342,3.98286,66,0,105,0,88.225,66,8189,61,0,83,3,11.8111,4072,1077,5340,0,40,1,5352703888
556,6.47498,114,0,6,0,82.143,114,8191,6,0,134,6,8.60787,4078,1083,5346,0,40,1,2774287474
515,5.99714,128,0,21,0,151.959,128,8180,21,0,53,21,9.94739,4099,1104,5367,0,40,1,2799925478
258,3.00429,133,0,19,0,116.449,133,8181,19,0,23,19,9.94739,4118,1123,5386,0,40,1,1124230464
187,2.17758,38,0,133,0,50.756,38,8189,87,0,36,0,9.81926,4205,1123,5519,0,41,1,4481235682
485,5.64768,63,0,6,0,150.452,102,8191,6,0,140,6,8.7593,4211,1129,5525,0,41,1,2693678290
517,6.0205,106,0,7,0,151.008,135,8175,7,0,123,7,9.10874,4218,1136,5532,0,41,1,2727121290
188,2.18923,137,0,19,0,140.72,137,8178,19,0,9,18,9.62125,4237,1154,5551,0,41,1,939499596
213,2.48042,31,0,138,0,55.354,31,8189,131,0,29,1,10.0639,4368,1155,5689,0,42,1,4794788600
497,5.78744,99,0,10,0,140.752,99,8166,10,0,139,10,8.89907,4378,1165,5699,0,42,1,2802950696
45,0.524013,100,0,5,0,142.824,100,8172,5,0,2,5,8.77094,4383,1170,5704,0,42,1,67166764
371,4.31988,68,0,101,0,92.137,71,8189,60,0,94,1,7.85075,4443,1171,5805,0,43,1,5520102322
499,5.81084,105,0,6,0,158.241,107,8189,6,0,99,6,9.0039,4449,1177,5811,0,43,1,2812304278
166,1.93302,115,0,10,0,160.333,115,8169,10,0,29,10,9.39994,4459,1187,5821,0,43,1,697368840
258,3.00432,59,0,115,0,70.674,62,8189,59,0,74,0,10.6346,4518,1187,5936,0,44,1,4824355928
443,5.15917,73,0,7,0,159.238,101,8191,7,0,101,7,9.79597,4525,1194,5943,0,44,1,2708213256
150,1.74672,103,0,7,0,146.753,103,8176,7,0,4,7,9.72608,4532,1201,5950,0,44,1,736517026
249,2.89963,59,0,105,0,70.159,59,8189,61,0,69,2,9.48147,4593,1203,6055,0,45,1,4736616542
501,5.83402,76,0,11,0,126.352,89,8191,11,0,70,11,10.7162,4604,1214,6066,0,45,1,2947132888
341,3.97082,102,0,13,0,123.3,102,8168,13,0,37,13,11.5199,4617,1227,6079,0,45,1,1727663070
103,1.19942,4,0,102,0,126.318,4,8151,99,0,2,0,11.7295,4716,1227,6181,0,46,1,3850371364
507,5.90391,80,0,4,0,127.009,93,8189,4,0,148,4,10.39,4720,1231,6185,0,46,1,2899283058
542,6.31144,113,0,35,0,107.478,117,8180,35,0,79,35,8.64282,4755,1266,6220,0,46,1,2755089372
13,0.151381,117,0,9,0,107.478,117,8180,9,0,0,8,8.64282,4764,1274,6229,0,46,1,0
303,3.52836,59,0,119,0,81.711,59,8183,63,0,69,2,8.66611,4827,1276,6348,0,47,1,5639164272
520,6.05526,64,0,10,0,130.235,108,8189,10,0,129,10,9.27181,4837,1286,6358,0,47,1,2808964566
570,6.63757,125,0,20,0,110.992,133,8189,20,0,94,20,10.5531,4857,1306,6378,0,47,1,2603412110
68,0.791841,134,0,10,0,126.162,134,8182,10,0,2,10,10.5065,4867,1316,6388,0,47,1,306722010
262,3.05089,62,0,134,0,73.67,62,8189,60,0,75,0,8.39821,4927,1316,6522,0,48,1,5307186528
523,6.09031,65,0,6,0,112.369,113,8189,6,0,139,6,7.40813,4933,1322,6528,0,48,1,2959800480
435,5.06596,122,0,29,0,119.185,122,8168,29,0,35,29,9.19027,4962,1351,6557,0,48,1,2180215016
58,0.675437,122,0,122,0,119.185,2,8168,58,0,0,0,9.19027,5020,1351,6679,0,49,1,0
452,5.26356,87,0,4,0,115.702,89,8190,33,0,138,4,9.39994,5053,1355,6683,0,49,1,6196086512
51,0.593876,89,0,2,0,116.927,89,8144,2,0,1,2,9.30675,5055,1357,6685,0,49,1,235924766
369,4.29697,82,0,91,0,122.117,82,8191,60,0,119,2,7.26835,5115,1359,6776,0,50,1,5039877598
523,6.09015,70,0,7,0,127.191,108,8119,7,0,79,7,7.75757,5122,1366,6783,0,50,1,3113980324
497,5.78745,119,0,18,0,99.16,123,8189,18,0,52,18,8.61952,5140,1384,6801,0,50,1,2699673690
114,1.32759,129,0,11,0,130.87,129,8162,11,0,24,11,8.736,5151,1395,6812,0,50,1,586606440
313,3.6448,55,0,132,0,76.714,55,8189,100,0,62,3,7.53626,5251,1398,6944,0,51,1,5087407444
447,5.20519,70,0,7,0,134.7,95,8191,7,0,94,7,7.12858,5258,1405,6951,0,51,1,2792712034
497,5.7874,61,0,15,0,106.487,107,8189,15,0,38,15,7.23341,5273,1420,6966,0,51,1,2742750122
277,3.22559,111,0,14,0,107.639,111,8191,14,0,14,14,8.51469,5287,1434,6980,0,51,1,1314004804
96,1.1179,15,0,111,0,88.646,15,8189,59,0,13,0,8.59622,5346,1434,7091,0,52,1,4302032462
518,6.03205,82,0,3,0,152.919,109,8191,3,0,187,3,9.3417,5349,1437,7094,0,52,1,2711951522
206,2.3988,114,0,5,0,129.199,114,8156,5,0,16,5,9.2951,5354,1442,7099,0,52,1,938863030
125,1.45578,13,0,115,0,99.35,13,8189,93,0,11,1,10.0406,5447,1443,7214,0,53,1,4759674206
491,5.71792,63,0,7,0,141.221,88,8134,7,0,125,7,9.37664,5454,1450,7221,0,53,1,2796684716
467,5.4384,103,0,17,0,123.333,103,8191,17,0,43,17,8.63117,5471,1467,7238,0,53,1,2616884046
510,5.93884,94,0,13,0,145.659,125,8157,12,0,79,13,8.736,5483,1480,7251,0,53,1,2963424730
211,2.45697,128,0,23,0,131.433,128,8179,24,0,12,22,9.12038,5507,1502,7274,0,53,1,1019066776
196,2.28238,39,0,128,0,44.104,39,8189,86,0,38,0,9.01555,5593,1502,7402,0,54,1,4527160260
483,5.62447,65,0,7,0,147.124,98,8118,7,0,126,7,8.85248,5600,1509,7409,0,54,1,2834396656
284,3.30709,101,0,14,0,130.307,101,8161,14,0,10,14,9.16698,5614,1523,7423,0,54,1,1488182430
175,2.03783,42,0,101,0,54.111,42,8189,59,0,42,0,9.27181,5673,1523,7524,0,55,1,4114980632
311,3.62153,85,0,7,0,113.596,85,8150,7,0,85,7,9.77267,5680,1530,7531,0,55,1,1766768010
106,1.23434,10,0,85,0,115.246,10,8190,85,0,8,0,9.57466,5765,1530,7616,0,56,1,3719330706
513,5.97379,82,0,3,0,115.053,96,8189,3,0,151,3,8.63117,5768,1533,7619,0,56,1,2860512522
219,2.55019,100,0,12,0,130.36,100,8173,12,0,13,12,8.99226,5780,1545,7631,0,56,1,1219891736
203,2.36394,47,0,100,0,41.946,47,8189,68,0,49,0,9.59795,5848,1545,7731,0,57,1,4391131542
457,5.3217,100,0,5,0,170.377,110,8191,5,0,156,5,10.2269,5853,1550,7736,0,57,1,2685115874
94,1.09416,113,0,9,0,190.791,113,8191,9,0,9,9,10.2619,5862,1559,7745,0,57,1,515125534
254,2.95782,61,0,114,0,74.064,61,8189,61,0,72,1,9.24851,5923,1560,7859,0,58,1,5000651712
341,3.97087,90,0,10,0,123.593,90,8191,10,0,68,10,9.3184,5933,1570,7869,0,58,1,2108117690
74,0.861726,3,0,90,0,121.901,3,8101,71,0,1,0,9.30675,6004,1570,7959,0,59,1,3423192598
468,5.45017,61,0,3,0,123.284,94,8189,3,0,151,3,8.35162,6007,1573,7962,0,59,1,3051935776
473,5.50812,116,0,15,0,115.783,116,8191,15,0,72,15,8.40986,6022,1588,7977,0,59,1,2294321602
570,6.63753,133,0,18,0,135.65,138,8174,18,0,88,18,10.9608,6040,1606,7995,0,59,1,3267069596
124,1.44396,139,0,14,0,118.32,139,8191,14,0,6,14,10.5298,6054,1620,8009,0,59,1,497327096
318,3.70311,62,0,140,0,83.883,68,8189,89,0,87,1,10.1454,6143,1621,8149,0,60,1,5083228262
546,6.3581,111,0,9,0,113.889,112,8189,9,0,122,9,9.9008,6152,1630,8158,0,60,1,2814521248
477,5.5545,103,0,19,0,131.151,130,8174,19,0,69,19,10.3434,6171,1649,8177,0,60,1,2737725704
103,1.19948,131,0,12,0,126.544,131,8183,12,0,4,12,10.2968,6183,1661,8189,0,60,1,474403916
312,3.63313,58,0,136,0,76.503,62,8189,64,0,75,5,10.1571,6247,1666,8325,0,61,1,5073380242
535,6.22993,102,0,9,0,101.247,104,8189,9,0,108,9,10.1338,6256,1675,8334,0,61,1,2878248534
512,5.96255,111,0,12,0,136.615,129,8189,12,0,91,12,9.44653,6268,1687,8346,0,61,1,2571277254
19,0.221273,129,0,1,0,136.615,129,8189,1,0,0,1,9.44653,6269,1688,8347,0,61,1,0
445,5.18204,71,0,132,0,96.981,77,8191,115,0,107,3,11.0074,6384,1691,8479,0,62,1,5743875858
547,6.36968,95,0,8,0,113.627,112,8191,8,0,104,8,11.1588,6392,1699,8487,0,62,1,2712034052
319,3.71467,116,0,22,0,107.045,116,8180,22,0,15,22,9.69114,6414,1721,8509,0,62,1,1904165494
77,0.896652,4,0,117,0,107.062,4,8090,73,0,2,1,9.53971,6487,1722,8626,0,63,1,3338075608
433,5.04222,88,0,4,0,129.877,91,8189,3,0,143,4,9.45818,6490,1726,8630,0,63,1,3303266400
495,5.76428,76,0,8,0,155.428,123,8191,9,0,108,8,10.4017,6499,1734,8638,0,63,1,2738602384
147,1.71176,126,0,10,0,148.273,126,8140,10,0,11,10,10.7278,6509,1744,8648,0,63,1,432608036
274,3.19066,60,0,128,0,73.219,60,8172,61,0,71,2,8.89907,6570,1746,8776,0,64,1,5188793526
562,6.54439,115,0,6,0,140.487,115,8189,6,0,150,6,9.08544,6576,1752,8782,0,64,1,2825084780
536,6.24161,109,0,13,0,190.337,148,8173,13,0,135,13,10.3667,6589,1765,8795,0,64,1,2725315096
242,2.81803,150,0,19,0,148.703,150,8191,19,0,12,19,9.53971,6608,1784,8814,0,64,1,1106990598
148,1.72342,6,0,151,0,137.551,6,8124,142,0,4,1,9.36499,6750,1785,8965,0,65,1,4175839920
181,2.10765,56,0,5,0,64.936,56,8191,5,0,59,5,8.65446,6755,1790,8970,0,65,1,1479570092
201,2.34074,29,0,56,0,54.204,29,8189,56,0,63,0,9.28346,6811,1790,9026,0,66,1,4488300245
398,4.6352,34,0,3,0,73.218,34,8189,3,0,173,3,10.7045,6814,1793,9029,0,66,1,2644857633
519,6.0441,73,0,4,0,92.763,73,8191,4,0,181,4,12.3818,6818,1797,9033,0,66,1,2928606632
369,4.297,100,0,10,0,121.563,100,8172,10,0,74,10,11.3452,6828,1807,9043,0,66,1,2119012238
61,0.710334,3,0,100,0,118.534,3,8091,58,0,1,0,11.2054,6886,1807,9143,0,67,1,3444342412
312,3.63315,73,0,3,0,95.06,73,8189,3,0,96,3,7.61779,6889,1810,9146,0,67,1,2603599684
557,6.48594,129,0,5,0,194.267,129,8190,5,0,178,5,7.19846,6894,1815,9151,0,67,1,2932408304
581,6.76567,105,0,30,0,114.663,149,8173,30,0,85,30,8.31667,6924,1845,9181,0,67,1,2885460970
56,0.652111,149,0,12,0,114.663,149,8173,12,0,0,12,8.31667,6936,1857,9193,0,67,1,0
331,3.85454,70,0,152,0,73.957,70,8191,94,0,90,3,8.59622,7030,1860,9345,0,68,1,5467874930
482,5.61283,106,0,10,0,146.771,106,8191,10,0,101,10,11.8693,7040,1870,9355,0,68,1,2605601320
509,5.9273,121,0,17,0,141.972,121,8178,17,0,51,17,9.3184,7057,1887,9372,0,68,1,3025964270
151,1.75838,123,0,19,0,122.8,123,8180,19,0,10,19,9.0505,7076,1906,9391,0,68,1,634130392
289,3.36543,57,0,125,0,60.34,57,8190,110,0,65,2,6.3831,7186,1908,9516,0,69,1,4998369894
338,3.93598,93,0,10,0,112.094,93,8191,10,0,85,10,7.33824,7196,1918,9526,0,69,1,1740450432
93,1.08299,3,0,93,0,110.661,3,8098,90,0,1,0,7.38483,7286,1918,9619,0,70,1,3651590390
386,4.4951,75,0,2,0,115.602,78,8191,2,0,109,2,8.20019,7288,1920,9621,0,70,1,2967605852
516,6.0089,118,0,12,0,114.436,118,8190,12,0,121,12,9.0505,7300,1932,9633,0,70,1,2622736710
12,0.139709,118,0,3,0,115.049,118,8182,3,0,1,3,9.15533,7303,1935,9636,0,70,1,263962902
381,4.43681,73,0,120,0,99.425,73,8190,62,0,97,2,9.35334,7365,1937,9756,0,71,1,5404608608
508,5.91554,83,0,14,0,127.63,100,8191,14,0,75,14,9.27181,7379,1951,9770,0,71,1,2818009208
535,6.23013,94,0,16,0,118.683,108,8159,16,0,26,16,9.24851,7395,1967,9786,0,71,1,2894608122
324,3.77287,112,0,21,0,100.521,112,8191,21,0,14,21,9.62125,7416,1988,9807,0,71,1,1428777196
137,1.5953,12,0,112,0,90.735,12,8191,112,0,10,0,10.1571,7528,1988,9919,0,72,1,4169652592
517,6.02028,77,0,6,0,98.338,98,8189,6,0,155,6,11.0307,7534,1994,9925,0,72,1,2790314562
504,5.869,93,0,13,0,149.055,116,8173,13,0,61,13,11.252,7547,2007,9938,0,72,1,2750143984
114,1.3275,118,0,6,0,136.848,118,8190,6,0,5,6,11.0772,7553,2013,9944,0,72,1,332453058
231,2.68994,55,0,119,0,71.814,55,8189,60,0,62,1,10.2269,7613,2014,10063,0,73,1,5104092322
472,5.49656,74,0,5,0,143.57,104,8191,5,0,123,5,9.17862,7618,2019,10068,0,73,1,2871488564
196,2.28224,108,0,11,0,134.282,108,8172,11,0,12,11,8.86413,7629,2030,10079,0,73,1,1054423608
235,2.73671,48,0,108,0,71.118,48,8189,98,0,50,0,9.57466,7727,2030,10187,0,74,1,4637270036
438,5.10096,68,0,8,0,128.74,97,8190,8,0,110,8,9.44653,7735,2038,10195,0,74,1,2762339132
429,4.99577,104,0,20,0,109.571,104,8191,20,0,24,20,8.47974,7755,2058,10215,0,74,1,2353977178
62,0.721979,3,0,104,0,108.162,3,8087,59,0,1,0,8.38656,7814,2058,10319,0,75,1,3109454768
344,4.00579,83,0,3,0,124.476,83,8191,3,0,122,3,7.0121,7817,2061,10322,0,75,1,2691175312
62,0.721951,3,0,83,0,127.971,3,8108,59,0,1,0,7.03539,7876,2061,10405,0,76,1,2980051508
439,5.11201,68,0,4,0,115.888,85,8189,4,0,126,4,7.26835,7880,2065,10409,0,76,1,2888998878
483,5.62441,105,0,9,0,93.978,106,8189,9,0,62,9,8.47974,7889,2074,10418,0,76,1,2725803154
252,2.93452,114,0,12,0,134.612,114,8158,12,0,27,12,9.10874,7901,2086,10430,0,76,1,1208361518
198,2.30568,48,0,114,0,50.339,48,8189,58,0,50,0,9.8775,7959,2086,10544,0,77,1,4422114312
80,0.931575,65,0,3,0,79.049,65,8189,3,0,31,3,9.50477,7962,2089,10547,0,77,1,432042086
289,3.36553,33,0,66,0,64.068,33,8191,60,0,90,1,8.94566,8022,2090,10613,0,78,1,5201618646
438,5.10051,64,0,2,0,66.129,64,8189,2,0,192,2,8.56128,8024,2092,10615,0,78,1,2736744276
520,6.05548,102,0,13,0,120.354,102,8172,13,0,98,13,9.43488,8037,2105,10628,0,78,1,2664842810
2,0.0232888,102,0,2,0,120.354,102,8191,2,0,0,2,9.43488,8039,2107,10630,0,78,1,0
274,3.19082,65,0,102,0,73.11,65,8191,60,0,80,0,10.0639,8099,2107,10732,0,79,1,5553218384
498,5.79974,96,0,10,0,118.94,100,8133,10,0,91,10,10.8792,8109,2117,10742,0,79,1,2955586074
222,2.58514,104,0,8,0,106.563,104,8165,8,0,12,8,11.4733,8117,2125,10750,0,79,1,1085663166
164,1.9098,38,0,104,0,53.154,38,8189,62,0,36,0,13.1506,8179,2125,10854,0,80,1,4552924978
475,5.53162,91,0,8,0,128.431,102,8191,8,0,142,8,11.1937,8187,2133,10862,0,80,1,2620742222
320,3.72617,106,0,22,0,116.271,106,8191,22,0,12,21,10.425,8209,2154,10884,0,80,1,1526774900
98,1.14122,16,0,106,0,85.012,16,8189,58,0,14,0,9.28346,8267,2154,10990,0,81,1,4217094070
384,4.46748,81,0,3,0,116.943,81,8191,3,0,103,3,8.79424,8270,2157,10993,0,81,1,2746932790
512,5.96209,80,0,14,0,119.279,102,8191,14,0,61,14,9.08544,8284,2171,11007,0,81,1,2765975604
500,5.82249,112,0,22,0,112.799,112,8179,22,0,34,22,8.64282,8306,2193,11029,0,81,1,2713807754
4,0.0465796,112,0,4,0,112.799,112,8179,4,0,0,4,8.64282,8310,2197,11033,0,81,1,0
94,1.09461,35,0,112,0,115.106,3,8114,94,0,1,0,8.64282,8404,2197,11145,0,82,1,3291753920
293,3.41208,22,0,35,0,38.068,22,8191,35,0,123,0,8.95731,8439,2197,11180,0,83,1,5279684998
429,4.99595,30,0,0,0,50.639,30,8191,0,0,218,0,12.3702,8439,2197,11180,0,83,1,2738727194
466,5.42682,36,0,2,0,73.873,36,8189,2,0,207,2,11.5082,8441,2199,11182,0,83,1,2827509090
501,5.83435,70,0,3,0,129.221,97,8189,3,0,170,3,10.6346,8444,2202,11185,0,83,1,2785690782
458,5.33359,110,0,21,0,112.104,110,8178,21,0,41,21,9.41158,8465,2223,11206,0,83,1,2345051674
0,0,110,0,0,0,112.104,110,8178,0,0,0,0,9.41158,8465,2223,11206,0,83,1,0
491,5.7176,67,0,114,0,111.095,81,8189,71,0,116,4,8.23514,8536,2227,11320,0,84,1,6060593042
469,5.46139,99,0,12,0,124.253,99,8169,12,0,52,12,9.20192,8548,2239,11332,0,84,1,2617147820
523,6.09025,110,0,46,0,100.63,110,8191,46,0,35,46,8.74765,8594,2285,11378,0,84,1,2781972886
6,0.0698691,110,0,6,0,100.63,110,8191,6,0,0,6,8.74765,8600,2291,11384,0,84,1,0
404,4.70445,76,0,115,0,87.157,76,8190,84,0,105,5,8.4448,8684,2296,11499,0,85,1,5666642814
145,1.6885,83,0,5,0,108.198,83,8191,5,0,18,5,7.64109,8689,2301,11504,0,85,1,896448392
290,3.37694,62,0,85,0,81.097,62,8164,61,0,75,2,8.56128,8750,2303,11589,0,86,1,4786420282
451,5.25184,103,0,9,0,128.399,103,8189,9,0,106,9,8.53798,8759,2312,11598,0,86,1,2595287786
561,6.53274,92,0,8,0,181.264,135,8172,8,0,120,8,9.10874,8767,2320,11606,0,86,1,3012431156
450,5.24023,156,0,16,0,140.142,156,8191,16,0,96,16,11.5432,8783,2336,11622,0,86,1,1545157880
103,1.19939,45,0,156,0,141.452,3,8080,103,0,1,0,11.4966,8886,2336,11778,0,87,1,3783836140


