SendPacket,SendRate(Mb/s),FlightSize,ReceiveRate(Mb/s),Send Loss,Recv Loss,RTT(ms),CWnd,FlowWindow,Retrans,PktSndPeriod(us),RecvACK,RecvNAK,EstimatedBandwidth(Mb/s),Retrans_Total,NAK_TotalRecv,Total Send Loss,Total Recv Loss,Timeout,ExpCount,usSndDuration
281,3.04698,66,0,7,0,101.935,66,8189,7,0,64,7,10.39,7,7,7,0,0,1,-1144962464528253
232,2.70152,91,0,20,0,163.402,91,8169,20,0,25,20,9.27181,27,27,27,0,0,1,2138010210
89,1.03641,37,0,91,0,162.775,3,8137,89,0,1,0,9.13203,116,27,118,0,1,1,3521704354
247,2.87581,45,0,7,0,113.759,45,8191,9,0,65,7,6.18509,125,34,125,0,1,1,3142039166
246,2.86463,46,0,10,0,125.143,46,8166,10,0,58,10,4.13504,135,44,135,0,1,1,2401012950
303,3.52851,48,0,5,0,138.92,48,8189,5,0,65,5,3.68077,140,49,140,0,1,1,3175135642
290,3.37567,49,0,7,0,131.085,49,8191,7,0,79,7,4.0535,147,56,147,0,1,1,2805327140
276,3.21284,51,0,8,0,129.961,51,8189,8,0,67,8,4.22822,155,64,155,0,1,1,2699921392
263,3.0626,52,0,9,0,155.764,52,8189,9,0,62,9,4.13504,164,73,164,0,1,1,2874184869
268,3.12086,53,0,10,0,127.118,53,8190,10,0,60,10,3.86714,174,83,174,0,1,1,2730258059
260,3.02764,54,0,8,0,140.577,54,8191,8,0,55,8,3.77395,182,91,182,0,1,1,2733460002
275,3.20115,55,0,12,0,160.888,55,8191,12,0,62,12,3.72736,194,103,194,0,1,1,2936366818
275,3.20253,56,0,10,0,150.672,56,8187,10,0,59,10,3.8089,204,113,204,0,1,1,2798739034
138,1.60711,57,0,9,0,151.692,57,8170,9,0,27,9,3.90208,213,122,213,0,1,1,1808792048
81,0.943312,11,0,57,0,139.506,11,8189,57,0,9,0,3.96032,270,122,270,0,2,1,3750478424
141,1.64192,29,0,3,0,87.29,29,8190,3,0,52,3,3.96032,273,125,273,0,2,1,1476298978
117,1.36242,15,0,29,0,49.006,15,8191,29,0,39,0,4.0535,302,125,302,0,3,1,4062651012
278,3.23744,22,0,2,0,59.233,22,8189,2,0,128,2,3.37792,304,127,304,0,3,1,2878085152
262,3.05104,26,0,4,0,77.199,26,8191,4,0,99,4,3.54099,308,131,308,0,3,1,2706684206
157,1.82824,28,0,3,0,99.798,28,8191,3,0,58,3,3.72736,311,134,311,0,3,1,1869869928
68,0.791855,14,0,28,0,70.356,14,8191,28,0,16,0,3.7623,339,134,339,0,4,1,3802331320
249,2.89958,21,0,1,0,65.159,21,8189,1,0,120,1,3.91373,340,135,340,0,4,1,2779812154
215,2.50322,25,0,3,0,78.536,25,8191,3,0,91,3,4.368,343,138,343,0,4,1,2469945128
239,2.78312,27,0,5,0,85.589,27,8189,5,0,76,5,4.88051,348,143,348,0,4,1,3079195352
246,2.86465,30,0,2,0,92.12,30,8189,2,0,85,2,5.17171,350,145,350,0,4,1,2820490076
250,2.91123,33,0,6,0,105.876,33,8190,6,0,87,6,4.3447,356,151,356,0,4,1,2754939516
276,3.214,35,0,8,0,94.186,35,8189,8,0,77,8,3.94867,364,159,364,0,4,1,2835590814
258,3.00447,37,0,10,0,103.262,37,8191,10,0,63,10,3.48275,374,169,374,0,4,1,2800264096
172,2.00294,38,0,6,0,110.734,38,8189,6,0,37,6,3.31968,380,175,380,0,4,1,2254891562
294,3.42357,40,0,6,0,104.51,40,8189,6,0,76,6,3.55264,386,181,386,0,4,1,3279322032
213,2.48043,41,0,5,0,117.699,41,8189,5,0,50,5,3.62253,391,186,391,0,4,1,2794278368
254,2.95753,43,0,8,0,129.867,43,8191,8,0,71,8,3.72736,399,194,399,0,4,1,2857452472
254,2.95777,44,0,8,0,121.26,44,8189,8,0,65,8,3.29638,407,202,407,0,4,1,2730442520
211,2.45715,46,0,9,0,141.803,46,8180,9,0,60,9,3.04013,416,211,416,0,4,1,2603678572
49,0.570586,3,0,46,0,141.864,3,8191,46,0,1,0,3.04013,462,211,462,0,5,1,3029165280
180,2.09607,24,0,2,0,69.094,24,8168,2,0,62,2,3.02848,464,213,464,0,5,1,2766697432
221,2.57356,27,0,4,0,77.628,27,8190,4,0,77,4,2.90035,468,217,468,0,5,1,2659012410
260,3.02767,30,0,5,0,87.256,30,8191,5,0,80,5,2.48102,473,222,473,0,5,1,2990464778
253,2.94612,32,0,5,0,88.493,32,8162,5,0,74,5,3.41286,478,227,478,0,5,1,2756781874
264,3.07425,36,0,3,0,116.591,36,8190,3,0,118,3,3.61088,481,230,481,0,5,1,2737553798
271,3.15577,38,0,9,0,109.902,38,8190,9,0,77,9,2.92365,490,239,490,0,5,1,2756562060
226,2.63185,23,0,10,0,114.762,39,8171,10,0,61,10,3.35462,500,249,500,0,5,1,2927781906
290,3.3771,42,0,6,0,115.81,42,8191,6,0,93,6,3.15661,506,255,506,0,5,1,2707457900
267,3.10933,43,0,8,0,104.752,43,8191,8,0,78,8,3.2032,514,263,514,0,5,1,2760820538
256,2.98125,45,0,8,0,124.882,45,8172,8,0,59,8,3.72736,522,271,522,0,5,1,2884078344
238,2.77162,46,0,7,0,140.66,46,8166,7,0,54,7,3.87878,529,278,529,0,5,1,2805640922
290,3.37714,47,0,9,0,135.404,47,8189,9,0,74,9,3.68077,538,287,538,0,5,1,2777445300
210,2.44525,49,0,6,0,133.991,49,8191,6,0,61,6,3.79725,544,293,544,0,5,1,2515469656
247,2.87623,50,0,9,0,144.181,50,8189,9,0,55,9,3.93702,553,302,553,0,5,1,2656075296
340,3.95924,52,0,8,0,132.598,52,8158,8,0,98,8,4.12339,561,310,561,0,5,1,3220639870
215,2.50364,53,0,7,0,147.824,53,8189,7,0,59,7,4.04186,568,317,568,0,5,1,2265160240
273,3.17902,54,0,10,0,154.982,54,8191,10,0,39,10,4.40294,578,327,578,0,5,1,3270470994
289,3.36536,55,0,9,0,148.049,55,8191,9,0,64,9,3.98362,587,336,587,0,5,1,2852342766
229,2.66681,56,0,9,0,157.818,56,8189,9,0,62,9,4.16998,596,345,596,0,5,1,2358644260
194,2.25909,57,0,5,0,144.414,57,8189,5,0,45,5,4.75238,601,350,601,0,5,1,1909189898
111,1.29257,21,0,57,0,97.659,21,8189,57,0,19,0,4.86886,658,350,658,0,6,1,4124689422
256,2.98106,30,0,3,0,104.436,30,8189,3,0,88,3,4.9737,661,353,661,0,6,1,2776361280
259,3.01617,34,0,3,0,128.258,34,8189,3,0,107,3,4.6825,664,356,664,0,6,1,2814770252
79,0.919966,34,0,6,0,112.152,34,8189,6,0,24,6,4.50778,670,362,670,0,6,1,914415558
122,1.42076,16,0,35,0,54.095,18,8189,35,0,37,1,4.368,705,363,705,0,7,1,4681934390
275,3.20245,23,0,2,0,69.99,23,8191,2,0,121,2,3.91373,707,365,707,0,7,1,2748859641
248,2.88793,27,0,4,0,81.423,27,8189,4,0,92,4,3.38957,711,369,711,0,7,1,2762743155
245,2.85299,30,0,4,0,92.992,30,8189,4,0,85,4,3.48275,715,373,715,0,7,1,2808914262
260,3.02765,33,0,8,0,91.754,33,8189,8,0,80,8,4.00691,723,381,723,0,7,1,2838179834
233,2.71325,35,0,5,0,128.73,35,8189,5,0,75,5,2.85376,728,386,728,0,7,1,2806679036
229,2.66665,36,0,7,0,109.838,36,8189,7,0,50,7,3.02848,735,393,735,0,7,1,2787869098
267,3.10914,38,0,8,0,111.432,38,8189,8,0,85,8,3.1799,743,401,743,0,7,1,2788856140
194,2.2591,39,0,7,0,121.676,39,8190,7,0,44,7,3.57594,750,408,750,0,7,1,2322021954
67,0.780201,40,0,2,0,120.066,40,8190,2,0,16,2,3.87878,752,410,752,0,7,1,982079574
167,1.94468,21,0,40,0,72.538,21,8189,40,0,59,0,4.40294,792,410,792,0,8,1,5041236284
230,2.67831,25,0,4,0,70.49,25,8190,4,0,85,4,4.60096,796,414,796,0,8,1,2701015030
263,3.06258,28,0,4,0,83.818,28,8191,4,0,88,4,3.89043,800,418,800,0,8,1,2813151908
255,2.96926,31,0,5,0,102.24,31,8189,5,0,89,5,3.89043,805,423,805,0,8,1,2681481376
283,3.29571,33,0,6,0,94.707,33,8189,6,0,70,6,3.92538,811,429,811,0,8,1,3015818190
253,2.94634,36,0,4,0,104.475,36,8191,4,0,80,4,4.61261,815,433,815,0,8,1,2804712148
215,2.50375,38,0,6,0,101.91,38,8191,6,0,72,6,5.00864,821,439,821,0,8,1,2607463768
257,2.99268,39,0,5,0,102.148,39,8191,5,0,63,5,3.63418,826,444,826,0,8,1,2787438346
284,3.30712,41,0,6,0,122.041,41,8189,6,0,67,6,3.27309,832,450,832,0,8,1,2955725220
211,2.45711,42,0,6,0,145.502,42,8191,6,0,67,6,2.70234,838,456,838,0,8,1,2459543506
270,3.1441,44,0,6,0,133.271,44,8191,6,0,78,6,2.53926,844,462,844,0,8,1,2792721018
249,2.89956,46,0,7,0,142.312,46,8191,7,0,62,7,3.02848,851,469,851,0,8,1,2904085328
276,3.21397,47,0,8,0,139.685,47,8173,8,0,65,8,4.69414,859,477,859,0,8,1,3055562440
231,2.68991,48,0,10,0,137.694,48,8189,10,0,57,10,5.64928,869,487,869,0,8,1,2406666038
259,3.01601,49,0,9,0,146.065,49,8190,9,0,62,9,4.25152,878,496,878,0,8,1,2977252762
263,3.06256,51,0,8,0,144.781,51,8189,8,0,62,8,3.34298,886,504,886,0,8,1,2690620050
257,2.99272,52,0,10,0,148.391,52,8179,10,0,56,10,3.05178,896,514,896,0,8,1,2803859744
279,3.24891,53,0,8,0,161.291,53,8191,8,0,66,8,2.53926,904,522,904,0,8,1,3023027434
270,3.14405,54,0,7,0,162.345,54,8189,7,0,60,7,2.67904,911,529,911,0,8,1,2854051858
208,2.42221,55,0,12,0,186.658,55,8191,11,0,53,11,2.87706,922,540,923,0,8,1,2287427734
124,1.44401,56,0,4,0,160.648,56,8178,5,0,25,5,3.07507,927,545,927,0,8,1,1534404070
136,1.58297,28,0,56,0,78.985,28,8191,56,0,31,0,3.04013,983,545,983,0,9,1,4577971930
231,2.68999,30,0,5,0,111.944,30,8189,5,0,77,5,3.4944,988,550,988,0,9,1,2753647008
221,2.5735,32,0,5,0,112.132,32,8191,5,0,68,5,3.61088,993,555,993,0,9,1,2544895416
284,3.30714,35,0,3,0,109.975,35,8189,3,0,99,3,4.13504,996,558,996,0,9,1,3069282496
234,2.72502,37,0,7,0,110.577,37,8189,7,0,66,7,3.93702,1003,565,1003,0,9,1,2478771750
233,2.71227,39,0,5,0,123.532,39,8190,5,0,86,5,3.52934,1008,570,1008,0,9,1,2944702460
278,3.23718,41,0,4,0,124.209,41,8191,4,0,88,4,3.96032,1012,574,1012,0,9,1,2956055158
262,3.05102,43,0,9,0,122.603,43,8191,9,0,66,9,3.56429,1021,583,1021,0,9,1,2600518592
252,2.93451,44,0,10,0,128.376,44,8191,10,0,65,10,3.89043,1031,593,1031,0,9,1,2645709948
271,3.15589,46,0,9,0,123.975,46,8190,9,0,76,9,4.01856,1040,602,1040,0,9,1,2966692120
268,3.12066,47,0,6,0,127.067,47,8191,6,0,58,6,3.4944,1046,608,1046,0,9,1,2776675916
312,3.63331,49,0,7,0,145.756,49,8142,7,0,64,7,4.41459,1053,615,1053,0,9,1,2993150608
248,2.88805,50,0,8,0,119.153,50,8161,8,0,65,8,4.37965,1061,623,1061,0,9,1,2725404346
263,3.06261,51,0,9,0,128.689,51,8191,9,0,62,9,4.32141,1070,632,1070,0,9,1,2775902696
253,2.94615,52,0,10,0,156.171,52,8189,10,0,51,10,4.26317,1080,642,1080,0,9,1,2878580376
126,1.46726,53,0,7,0,162.772,53,8191,7,0,27,7,3.87878,1087,649,1087,0,9,1,1669667258
67,0.780184,7,0,53,0,153.627,7,8189,53,0,5,0,3.7856,1140,649,1140,0,10,1,3811420368
274,3.19067,28,0,3,0,78.226,28,8189,3,0,94,3,2.912,1143,652,1143,0,10,1,2909010090
237,2.75984,31,0,4,0,101.586,31,8191,4,0,83,4,3.1799,1147,656,1147,0,10,1,2738326724
239,2.78313,33,0,7,0,119.533,33,8191,7,0,62,7,3.26144,1154,663,1154,0,10,1,2841203568
44,0.512389,34,0,2,0,102.72,34,8190,2,0,21,2,3.86714,1156,665,1156,0,10,1,360441564
178,2.07278,19,0,35,0,59.631,19,8190,35,0,66,1,3.94867,1191,666,1191,0,11,1,5030457824
240,2.79326,24,0,3,0,67.558,24,8190,3,0,95,3,4.82227,1194,669,1194,0,11,1,2753091124
230,2.67812,27,0,2,0,85.284,27,8191,2,0,83,2,4.30976,1196,671,1196,0,11,1,2980239542
221,2.57365,30,0,5,0,83.663,30,8191,5,0,87,5,4.20493,1201,676,1201,0,11,1,2490065242
259,3.01612,32,0,5,0,95.129,32,8191,5,0,75,5,3.59923,1206,681,1206,0,11,1,3106467014
272,3.16739,35,0,4,0,116.591,35,8156,4,0,92,4,3.57594,1210,685,1210,0,11,1,2754418940
220,2.56182,37,0,5,0,127.198,37,8191,5,0,64,5,2.69069,1215,690,1215,0,11,1,2857798874
238,2.77146,38,0,4,0,118.841,38,8191,4,0,67,4,2.49267,1219,694,1219,0,11,1,2814738626
250,2.91132,40,0,8,0,134.816,40,8191,8,0,72,8,2.70234,1227,702,1227,0,11,1,2794702988
277,3.22564,42,0,8,0,108.044,42,8167,8,0,83,8,3.00518,1235,710,1235,0,11,1,2656504690
40,0.465685,42,0,4,0,111.541,42,8182,4,0,6,4,3.02848,1239,714,1239,0,11,1,864131702
201,2.34062,23,0,42,0,75.464,23,8189,42,0,72,0,3.5177,1281,714,1281,0,12,1,4869773636
251,2.92287,27,0,5,0,81.939,27,8189,5,0,95,5,3.4944,1286,719,1286,0,12,1,2756439672
103,1.19942,28,0,1,0,94.489,28,8191,1,0,41,1,3.40122,1287,720,1287,0,12,1,1225127428
135,1.57206,16,0,28,0,53.315,16,8189,28,0,50,0,3.33133,1315,720,1315,0,13,1,4403520058
241,2.80642,22,0,1,0,71.369,22,8169,1,0,118,1,3.15661,1316,721,1316,0,13,1,2743828584
199,2.31726,25,0,3,0,86.325,25,8191,3,0,71,3,3.34298,1319,724,1319,0,13,1,2833771444
234,2.7251,28,0,3,0,98.187,28,8189,3,0,85,3,3.08672,1322,727,1322,0,13,1,2807547218
259,3.01621,31,0,8,0,94.272,31,8189,8,0,76,8,3.19155,1330,735,1330,0,13,1,2787546076
242,2.81828,33,0,5,0,103.125,33,8191,5,0,79,5,3.2265,1335,740,1335,0,13,1,2800309820
249,2.89969,35,0,6,0,103.31,35,8189,6,0,78,6,3.09837,1341,746,1341,0,13,1,2714114732
275,3.20254,38,0,5,0,110.068,38,8191,5,0,91,5,3.41286,1346,751,1346,0,13,1,2873627186
239,2.78325,40,0,7,0,105.66,40,8189,7,0,68,7,3.41286,1353,758,1353,0,13,1,2549748758
247,2.87645,41,0,6,0,112.603,41,8189,6,0,50,6,3.5177,1359,764,1359,0,13,1,3031003794
254,2.9579,43,0,6,0,106.283,43,8189,6,0,91,6,4.88051,1365,770,1365,0,13,1,2761307850
278,3.23726,45,0,8,0,118.04,45,8189,8,0,78,8,5.20666,1373,778,1373,0,13,1,2799540926
258,3.00448,46,0,10,0,110.441,46,8189,10,0,50,10,4.78733,1383,788,1383,0,13,1,2350789700
296,3.44688,47,0,9,0,143.842,47,8162,9,0,62,9,4.54272,1392,797,1392,0,13,1,3254992938
222,2.5853,48,0,8,0,144.946,48,8168,8,0,43,8,4.00691,1400,805,1400,0,13,1,2551855284
254,2.95783,49,0,7,0,145.316,49,8191,7,0,60,7,3.98362,1407,812,1407,0,13,1,3046878100
232,2.70161,50,0,9,0,141.922,50,8175,9,0,48,9,4.3447,1416,821,1416,0,13,1,2613905742
266,3.09762,51,0,13,0,149.518,51,8178,13,0,52,13,4.56602,1429,834,1429,0,13,1,2927316434
273,3.17914,52,0,12,0,150.878,52,8168,12,0,65,12,4.3913,1441,846,1441,0,13,1,2827015520
248,2.88782,54,0,9,0,166.128,54,8189,9,0,58,9,4.37965,1450,855,1450,0,13,1,2515477482
240,2.79477,54,0,7,0,139.606,54,8191,7,0,44,7,4.13504,1457,862,1457,0,13,1,2736042344
208,2.42227,55,0,6,0,158.839,55,8176,6,0,44,6,3.73901,1463,868,1463,0,13,1,2473481192
58,0.67541,3,0,55,0,160.271,3,8136,55,0,1,0,3.70406,1518,868,1518,0,14,1,3025951376
240,2.79473,29,0,2,0,103.93,29,8173,2,0,108,2,3.29638,1520,870,1520,0,14,1,3206491754
238,2.77151,32,0,5,0,96.365,32,8189,5,0,74,5,3.90208,1525,875,1525,0,14,1,2800777920
264,3.07425,34,0,5,0,94.654,34,8189,5,0,88,5,2.79552,1530,880,1530,0,14,1,2801131718
256,2.98108,37,0,8,0,103.832,37,8189,8,0,80,8,2.66739,1538,888,1538,0,14,1,2754157658
254,2.9578,40,0,3,0,129.126,40,8190,3,0,114,3,2.98189,1541,891,1541,0,14,1,2565350312
273,3.17918,41,0,7,0,112.624,41,8172,7,0,67,7,2.78387,1548,898,1548,0,14,1,2848010273
284,3.30712,43,0,5,0,137.798,43,8191,5,0,96,5,3.1799,1553,903,1553,0,14,1,2989923227
251,2.92285,45,0,13,0,109.005,45,8189,13,0,54,13,2.92365,1566,916,1566,0,14,1,2802003260
257,2.99273,46,0,11,0,134.336,46,8191,11,0,41,11,2.6208,1577,927,1577,0,14,1,2692949238
260,3.02764,47,0,6,0,132.358,47,8144,6,0,49,6,2.74893,1583,933,1583,0,14,1,2854390644
198,2.30572,48,0,10,0,156.02,48,8191,10,0,55,10,2.48102,1593,943,1593,0,14,1,2385774790
196,2.28246,49,0,7,0,137.096,49,8179,7,0,42,7,2.5975,1600,950,1600,0,14,1,2418583930
55,0.640507,4,0,49,0,137.741,4,8189,49,0,2,0,2.57421,1649,950,1649,0,15,1,3574981382
246,2.86481,27,0,1,0,86.465,27,8189,1,0,108,1,2.66739,1650,951,1650,0,15,1,2871560440
225,2.62029,30,0,4,0,82.744,30,8191,4,0,91,4,2.94694,1654,955,1654,0,15,1,2533047916
290,3.37698,34,0,1,0,100.225,34,8191,1,0,123,1,3.33133,1655,956,1655,0,15,1,3048727584
261,3.03925,36,0,5,0,110.178,36,8187,5,0,81,5,3.57594,1660,961,1660,0,15,1,2744818552
239,2.78313,38,0,6,0,116.325,38,8191,6,0,52,6,3.66912,1666,967,1666,0,15,1,2810892409
251,2.92291,39,0,7,0,100.486,39,8189,7,0,76,7,3.56429,1673,974,1673,0,15,1,2552885283
284,3.30713,41,0,6,0,112.54,41,8191,6,0,65,6,3.45946,1679,980,1679,0,15,1,3073994924
250,2.91118,43,0,4,0,131.532,43,8191,4,0,68,4,3.42451,1683,984,1683,0,15,1,2789458196
246,2.86463,44,0,7,0,118.339,44,8189,7,0,64,7,3.34298,1690,991,1690,0,15,1,2788247792
278,3.23731,46,0,5,0,136.243,46,8189,5,0,75,5,4.368,1695,996,1695,0,15,1,2802348590
247,2.87629,47,0,6,0,133.912,47,8189,6,0,59,6,5.48621,1701,1002,1701,0,15,1,2777133632
263,3.06253,48,0,6,0,140.479,48,8189,6,0,67,6,5.43962,1707,1008,1707,0,15,1,2787636978
279,3.24897,48,0,11,0,136.302,50,8191,11,0,70,11,5.83565,1718,1019,1718,0,15,1,2822041768
281,3.27204,51,0,10,0,151.167,51,8189,10,0,71,10,4.55437,1728,1029,1728,0,15,1,2780349614
255,2.96956,52,0,13,0,138.12,52,8191,13,0,38,13,3.62253,1741,1042,1741,0,15,1,2766845550
122,1.42076,52,0,6,0,163.794,52,8177,6,0,28,6,3.69242,1747,1048,1747,0,15,1,1804907822
66,0.768599,7,0,52,0,162.43,7,8189,52,0,5,0,3.72736,1799,1048,1799,0,16,1,3745992246
244,2.84132,28,0,2,0,100.394,28,8164,2,0,95,2,3.79725,1801,1050,1801,0,16,1,2815325898
217,2.52691,31,0,2,0,101.558,31,8191,2,0,97,2,3.75066,1803,1052,1803,0,16,1,2359424564
34,0.395922,3,0,31,0,102.748,3,8160,31,0,1,0,3.7623,1834,1052,1834,0,17,1,3092621266
202,2.35219,19,0,2,0,56.036,19,8190,2,0,97,2,4.11174,1836,1054,1836,0,17,1,2783354560
259,3.01602,24,0,3,0,68.098,24,8191,3,0,97,3,3.36627,1839,1057,1839,0,17,1,2992763774
259,3.01602,27,0,4,0,85.38,27,8189,4,0,96,4,3.19155,1843,1061,1843,0,17,1,2775661630
230,2.67824,30,0,3,0,99.762,30,8190,3,0,79,3,3.11002,1846,1064,1846,0,17,1,2786773500
224,2.60843,32,0,8,0,110.81,32,8191,8,0,74,8,3.24979,1854,1072,1854,0,17,1,2765603204
259,3.01602,35,0,9,0,101.22,35,8169,9,0,88,9,4.0768,1863,1081,1863,0,17,1,2830376878
230,2.67839,37,0,4,0,120.948,37,8191,4,0,79,4,5.61434,1867,1085,1867,0,17,1,2571969484
279,3.249,39,0,6,0,124.597,39,8189,6,0,70,6,5.38138,1873,1091,1873,0,17,1,3030041182
251,2.92304,41,0,5,0,111.942,41,8189,5,0,71,5,5.20666,1878,1096,1878,0,17,1,2804421592
248,2.88801,43,0,8,0,128.837,43,8190,8,0,88,8,4.28646,1886,1104,1886,0,17,1,2602591180
274,3.19085,45,0,7,0,110.406,45,8191,7,0,80,7,4.21658,1893,1111,1893,0,17,1,2966820514
82,0.954926,45,0,4,0,137.244,45,8190,4,0,22,4,4.60096,1897,1115,1897,0,17,1,715264564
147,1.71182,22,0,46,0,68.116,22,8191,46,0,34,1,5.00864,1943,1116,1943,0,18,1,4879128380
268,3.12095,26,0,6,0,67.266,26,8189,6,0,104,6,5.46291,1949,1122,1949,0,18,1,2793964054
242,2.818,30,0,3,0,108.358,30,8191,3,0,101,3,6.01037,1952,1125,1952,0,18,1,2782580612
235,2.73642,32,0,7,0,80.948,32,8189,7,0,74,7,5.02029,1959,1132,1959,0,18,1,2416450540
245,2.85297,34,0,5,0,110.084,34,8191,5,0,64,5,4.55437,1964,1137,1964,0,18,1,3157685888
271,3.15573,37,0,5,0,110.431,37,8189,5,0,89,5,4.72909,1969,1142,1969,0,18,1,2818244688
217,2.52692,38,0,7,0,119.765,38,8191,7,0,56,7,4.42624,1976,1149,1976,0,18,1,2778366822
269,3.13245,40,0,5,0,111.738,40,8190,5,0,82,5,4.47283,1981,1154,1981,0,18,1,2730057344
228,2.65501,42,0,7,0,127.72,42,8191,7,0,58,7,5.33478,1988,1161,1988,0,18,1,2529120594
276,3.21389,43,0,6,0,117.78,43,8191,6,0,61,6,5.09018,1994,1167,1994,0,18,1,3138250724
190,2.21251,44,0,5,0,146.842,44,8191,5,0,54,5,4.98534,1999,1172,1999,0,18,1,2553595060
302,3.51674,46,0,8,0,113.249,46,8178,8,0,70,8,4.82227,2007,1180,2007,0,18,1,3019753042
254,2.95791,47,0,8,0,153.927,47,8189,8,0,56,8,3.4944,2015,1188,2015,0,18,1,2794451170
42,0.489083,47,0,2,0,136.053,47,8191,2,0,20,2,3.1799,2017,1190,2017,0,18,1,409688510
161,1.87481,23,0,48,0,80.064,23,8168,48,0,39,1,2.77222,2065,1191,2065,0,19,1,5117896378
232,2.70158,27,0,5,0,85.433,27,8189,5,0,86,5,2.70234,2070,1196,2070,0,19,1,2868021534
207,2.41042,29,0,3,0,92.971,29,8189,3,0,64,3,3.27309,2073,1199,2073,0,19,1,2798652752
206,2.39883,31,0,6,0,97.26,31,8191,6,0,65,6,3.64582,2079,1205,2079,0,19,1,2790640062
69,0.803494,32,0,1,0,90.267,32,8190,1,0,20,1,4.03021,2080,1206,2080,0,19,1,639482452
151,1.75837,18,0,32,0,65.056,18,8189,32,0,57,0,5.54445,2112,1206,2112,0,20,1,4950339478
234,2.7249,23,0,1,0,108.962,23,8169,1,0,113,1,5.09018,2113,1207,2113,0,20,1,2788997316
206,2.39877,27,0,3,0,80.293,27,8191,3,0,84,3,4.89216,2116,1210,2116,0,20,1,2429103264
249,2.89957,29,0,6,0,99.399,29,8191,6,0,70,6,3.97197,2122,1216,2122,0,20,1,3136075166
205,2.3872,32,0,3,0,104.811,32,8189,3,0,75,3,3.97197,2125,1219,2125,0,20,1,2833481868
265,3.08589,34,0,7,0,102.421,34,8191,7,0,91,7,3.31968,2132,1226,2132,0,20,1,2793278488
276,3.21402,37,0,7,0,104.067,37,8189,7,0,89,7,3.84384,2139,1233,2139,0,20,1,2776945322
250,2.91136,39,0,6,0,109.658,39,8191,6,0,89,6,4.54272,2145,1239,2145,0,20,1,2685190378
325,3.78456,42,0,8,0,113.564,42,8191,8,0,109,8,4.368,2153,1247,2153,0,20,1,2923299610
267,3.10937,44,0,8,0,125.936,44,8191,8,0,77,8,5.07853,2161,1255,2161,0,20,1,2767556568
253,2.94623,45,0,9,0,129.771,45,8147,9,0,66,9,3.68077,2170,1264,2170,0,20,1,2613701342
242,2.81805,46,0,5,0,137.334,46,8189,5,0,57,5,3.04013,2175,1269,2175,0,20,1,2972588122
257,2.99297,47,0,11,0,142.045,47,8189,11,0,53,11,3.30803,2186,1280,2186,0,20,1,2826688900
267,3.10919,48,0,11,0,122.047,48,8190,11,0,44,11,3.38957,2197,1291,2197,0,20,1,2772266056
219,2.55015,50,0,7,0,143.241,50,8191,7,0,64,7,3.71571,2204,1298,2204,0,20,1,2460466344
267,3.10915,51,0,7,0,137.043,51,8189,7,0,66,7,4.99699,2211,1305,2211,0,20,1,2984908778
260,3.02764,52,0,11,0,176.305,52,8171,11,0,68,11,4.9504,2222,1316,2222,0,20,1,2818540454
1,0.0116449,52,0,1,0,176.305,52,8171,1,0,0,1,4.9504,2223,1317,2223,0,20,1,0
166,1.93303,26,0,53,0,91.487,26,8189,53,0,48,1,4.14669,2276,1318,2276,0,21,1,5571546806
266,3.09754,30,0,4,0,89.374,30,8189,4,0,98,4,4.15834,2280,1322,2280,0,21,1,2945992602
235,2.73665,32,0,4,0,90.779,32,8189,4,0,79,4,3.40122,2284,1326,2284,0,21,1,2799148324
281,3.27227,36,0,3,0,96.789,36,8191,3,0,114,3,3.36627,2287,1329,2287,0,21,1,2732201766
44,0.51238,36,0,3,0,119.114,36,8183,3,0,19,3,3.58758,2290,1332,2290,0,21,1,797417866
150,1.7468,19,0,37,0,59.946,19,8191,37,0,45,1,5.27654,2327,1333,2327,0,22,1,4801457948
246,2.86482,24,0,3,0,72.107,24,8189,3,0,100,3,5.76576,2330,1336,2330,0,22,1,2799672470
233,2.71343,27,0,4,0,100.75,27,8189,4,0,99,4,5.42797,2334,1340,2334,0,22,1,2818715004
242,2.81807,30,0,4,0,89.089,30,8189,4,0,87,4,5.68422,2338,1344,2338,0,22,1,2811353132
239,2.78301,33,0,9,0,92.731,33,8191,9,0,68,9,4.32141,2347,1353,2347,0,22,1,2668781458
232,2.70162,35,0,3,0,107.769,35,8189,3,0,73,3,3.69242,2350,1356,2350,0,22,1,2908154172
255,2.96944,38,0,4,0,105.048,38,8191,4,0,112,4,3.84384,2354,1360,2354,0,22,1,2526525162
239,2.78312,40,0,7,0,130.217,40,8190,7,0,70,7,3.90208,2361,1367,2361,0,22,1,2853523400
278,3.23733,41,0,7,0,118.029,41,8183,7,0,64,7,4.12339,2368,1374,2368,0,22,1,2969929200
236,2.74816,43,0,6,0,134.677,43,8189,6,0,77,6,3.8089,2374,1380,2374,0,22,1,2533318606
252,2.93448,44,0,7,0,136.52,44,8191,7,0,49,7,4.21658,2381,1387,2381,0,22,1,3086616064
190,2.21253,45,0,6,0,148.975,45,8191,6,0,54,6,4.0535,2387,1393,2387,0,22,1,2409222424
298,3.47017,47,0,9,0,134.463,47,8189,9,0,64,9,3.4944,2396,1402,2396,0,22,1,3151398698
262,3.05096,48,0,11,0,146.914,48,8189,11,0,67,11,3.99526,2407,1413,2407,0,22,1,2835110866
112,1.30422,49,0,7,0,154.088,49,8181,7,0,27,7,4.0768,2414,1420,2414,0,22,1,1772248786
62,0.72196,7,0,49,0,155.7,7,8190,49,0,5,0,4.14669,2463,1420,2463,0,23,1,3752235816
253,2.94609,27,0,3,0,87.883,27,8189,3,0,99,3,4.32141,2466,1423,2466,0,23,1,2681126406
125,1.45565,28,0,2,0,95.119,28,8189,2,0,37,2,4.49613,2468,1425,2468,0,23,1,1545307960
115,1.33927,13,0,28,0,50.88,16,8189,28,0,42,0,4.71744,2496,1425,2496,0,24,1,4225330424
203,2.36389,20,0,3,0,65.268,20,8191,3,0,79,3,4.25152,2499,1428,2499,0,24,1,2764420960
229,2.66666,24,0,3,0,85.379,24,8190,3,0,98,3,3.7623,2502,1431,2502,0,24,1,2670054478
259,3.016,28,0,4,0,77.052,28,8189,4,0,99,4,3.35462,2506,1435,2506,0,24,1,2922222184
201,2.34059,31,0,4,0,80.291,31,8190,4,0,79,4,3.33133,2510,1439,2510,0,24,1,1899899946
42,0.489086,6,0,31,0,88.639,6,8189,31,0,4,0,3.35462,2541,1439,2541,0,25,1,3710527408
230,2.67831,20,0,0,0,77.265,20,8189,0,0,116,0,3.89043,2541,1439,2541,0,25,1,2744564578
261,3.03931,25,0,3,0,88.27,25,8189,3,0,118,3,4.13504,2544,1442,2544,0,25,1,2841967170
225,2.62008,28,0,5,0,83.957,28,8165,5,0,79,5,4.35635,2549,1447,2549,0,25,1,2570195782
242,2.81804,31,0,4,0,96.212,31,8160,4,0,67,4,3.92538,2553,1451,2553,0,25,1,2939890632
242,2.81811,33,0,4,0,108.363,33,8189,4,0,81,4,3.7623,2557,1455,2557,0,25,1,2647840580
268,3.12091,36,0,6,0,100.313,36,8166,6,0,88,6,3.89043,2563,1461,2563,0,25,1,2928154334
207,2.41068,37,0,4,0,115.622,37,8191,4,0,54,4,3.83219,2567,1465,2567,0,25,1,2890712076
274,3.19095,39,0,7,0,121.928,39,8191,7,0,68,7,4.90381,2574,1472,2574,0,25,1,2792179992
208,2.42228,40,0,5,0,119.124,40,8154,5,0,49,5,5.2416,2579,1477,2579,0,25,1,2289804006
268,3.12096,42,0,7,0,127.008,42,8190,7,0,76,7,5.75411,2586,1484,2586,0,25,1,3243829848
154,1.79336,43,0,7,0,122.386,43,8191,7,0,38,7,5.61434,2593,1491,2593,0,25,1,1633846942
54,0.62883,6,0,43,0,127.968,6,8189,43,0,4,0,5.56774,2636,1491,2636,0,26,1,3998534106
239,2.78312,24,0,3,0,77.312,24,8189,3,0,85,3,5.91718,2639,1494,2639,0,26,1,2796975286
236,2.74819,27,0,3,0,95.512,27,8189,3,0,88,3,5.56774,2642,1497,2642,0,26,1,2767791922
233,2.71332,30,0,4,0,84.843,30,8190,4,0,80,4,4.27482,2646,1501,2646,0,26,1,2670967950
242,2.81825,32,0,6,0,103.612,32,8191,6,0,69,6,3.63418,2652,1507,2652,0,26,1,2952831924
267,3.10919,35,0,6,0,106.065,35,8189,6,0,91,6,3.28474,2658,1513,2658,0,26,1,2762671534
263,3.06257,37,0,10,0,101.892,37,8189,10,0,67,10,3.44781,2668,1523,2668,0,26,1,2809351664
249,2.89955,38,0,7,0,104.864,38,8191,7,0,72,7,3.37792,2675,1530,2675,0,26,1,2675144304
222,2.58521,40,0,4,0,125.74,40,8156,4,0,62,4,3.33133,2679,1534,2679,0,26,1,2681315182
154,1.79329,41,0,4,0,120.122,41,8189,4,0,57,4,3.2265,2683,1538,2683,0,26,1,1555062026
55,0.640463,7,0,41,0,129.336,7,8189,41,0,5,0,3.33133,2724,1538,2724,0,27,1,4194706334
233,2.71322,23,0,3,0,62.017,23,8191,3,0,86,3,3.19155,2727,1541,2727,0,27,1,2836224552
267,3.10925,27,0,3,0,79.957,27,8189,3,0,103,3,2.67904,2730,1544,2730,0,27,1,2829682058
195,2.27077,29,0,6,0,94.302,29,8190,6,0,60,6,3.13331,2736,1550,2736,0,27,1,2687049414
243,2.82987,32,0,6,0,97.09,32,8191,6,0,82,6,2.45773,2742,1556,2742,0,27,1,2669805950
225,2.62011,34,0,6,0,114.876,34,8191,6,0,70,6,2.3296,2748,1562,2748,0,27,1,2615107908
273,3.17903,36,0,7,0,102.477,36,8191,7,0,87,7,2.44608,2755,1569,2755,0,27,1,3198529362
43,0.500706,37,0,3,0,118.873,37,8178,3,0,16,3,2.53926,2758,1572,2758,0,27,1,544536790
178,2.07284,20,0,38,0,67.705,20,8189,38,0,59,1,3.93702,2796,1573,2796,0,28,1,4946723768
271,3.15577,25,0,2,0,83.877,25,8191,2,0,128,2,4.54272,2798,1575,2798,0,28,1,2887948910
227,2.64343,28,0,5,0,95.428,28,8191,5,0,80,5,5.33478,2803,1580,2803,0,28,1,2757197940
252,2.93469,31,0,2,0,94.52,31,8189,2,0,89,2,5.17171,2805,1582,2805,0,28,1,2849304248
245,2.85298,34,0,10,0,104.944,34,8191,10,0,80,10,4.64755,2815,1592,2815,0,28,1,2715727196
273,3.17903,37,0,5,0,108.13,37,8191,5,0,110,5,4.77568,2820,1597,2820,0,28,1,2736018922
188,2.18923,37,0,4,0,101.383,37,8191,4,0,26,4,4.76403,2824,1601,2824,0,28,1,2928662240
230,2.67833,39,0,6,0,120.955,39,8191,6,0,61,6,4.26317,2830,1607,2830,0,28,1,2608171384
247,2.87653,39,0,8,0,140.438,41,8189,8,0,71,8,4.51942,2838,1615,2838,0,28,1,2984127706
267,3.10912,42,0,8,0,103.527,42,8191,8,0,74,8,3.85549,2846,1623,2846,0,28,1,2734252066
265,3.08607,44,0,7,0,129.237,44,8189,7,0,53,7,3.8089,2853,1630,2853,0,28,1,2764007848
248,2.8881,45,0,7,0,130.644,45,8191,7,0,63,7,4.0768,2860,1637,2860,0,28,1,2877218302


