SendPacket,SendRate(Mb/s),FlightSize,ReceiveRate(Mb/s),Send Loss,Recv Loss,RTT(ms),CWnd,FlowWindow,Retrans,PktSndPeriod(us),RecvACK,RecvNAK,EstimatedBandwidth(Mb/s),Retrans_Total,NAK_TotalRecv,Total Send Loss,Total Recv Loss
1286,4.36386,263,0,11,0,72.667,1988,8120,11,533,36,11,6.0192,11,11,11,0
1003,3.65808,20,0,38,0,64.38,791,8183,38,3107.7,31,38,7.92346,49,49,49,0
371,1.35313,15,0,0,0,36.59,96,8191,0,2493.88,43,0,9.24403,49,49,49,0
508,1.8529,35,0,0,0,33.32,66,8175,0,1730.16,53,0,11.214,49,49,49,0
582,2.12279,79,0,0,0,72.841,118,8191,0,1445.13,44,0,8.89382,49,49,49,0
1085,3.95721,123,0,1,0,116.751,7864,8185,1,290.924,43,1,364.278,50,50,50,0
1569,5.72293,180,0,2,0,100.778,15896,8163,2,262.26,37,2,385.207,52,52,52,0
1645,5.99939,182,0,4,0,83.729,2894,8165,4,317,42,4,127.093,56,56,56,0
1516,5.52885,140,0,7,0,77.279,2653,8164,7,482.579,39,7,411.319,63,63,63,0
1381,5.03688,109,0,14,0,77.844,1497,8161,14,1261.38,28,14,33.35,77,77,77,0
1224,4.46423,59,0,20,0,63.699,2101,8184,20,550.854,33,20,151.644,97,97,97,0
1496,5.4561,250,0,13,0,78.487,3627,8191,13,506,36,13,58.5249,110,110,110,0
964,3.51589,496,0,41,0,85.295,4343,8161,41,4778,14,41,14.9422,151,151,151,0
262,0.955561,15,0,512,0,30.08,156,8179,20,3275.55,39,0,8.82451,171,151,663,0
381,1.38958,23,0,0,0,36.798,428,8176,0,2419.59,48,0,10.1123,171,151,663,0
986,3.59615,173,0,7,0,60.883,1161,8120,7,627,43,7,48.6534,178,158,670,0
897,3.27159,532,0,711,0,71.931,1983,8191,56,2589,8,22,21.3043,234,180,1381,0
460,1.67782,33,0,0,0,32.596,107,8180,43,2023.27,43,0,22.271,277,180,1381,0
591,2.15552,40,0,0,0,28.591,576,8191,0,1635.99,52,0,8.42323,277,180,1381,0
686,2.5021,31,0,0,0,43.774,1565,8191,0,1518.26,47,0,9.31699,277,180,1381,0
1403,5.11752,297,0,1,0,122.807,13326,8176,1,427.845,31,1,448.5,278,181,1382,0
1196,4.36243,147,0,6,0,171.375,28068,8159,6,589.393,34,5,434.072,284,186,1388,0
1406,5.12826,143,0,7,0,83.481,3680,8175,7,778,38,7,53.3593,291,193,1395,0
1182,4.3107,25,0,13,0,76.65,1569,8179,13,2375.12,30,13,72.5624,304,206,1408,0
1418,5.17152,131,0,6,0,75.651,3874,8188,6,295.857,47,6,12.9577,310,212,1414,0
1362,4.96749,169,0,9,0,72.894,685,8191,9,859,33,9,5.52307,319,221,1423,0
1336,4.87258,245,0,15,0,82.361,895,8160,15,1957,36,15,7.42733,334,236,1438,0
889,3.24247,155,0,4,0,46.118,2777,8176,4,283.952,51,4,218.595,338,240,1442,0
1410,5.14228,130,0,7,0,71.947,2057,8182,7,539,40,7,10.7507,345,247,1449,0
1318,4.80579,818,0,16,0,71.141,818,8191,16,1742,13,16,8.17152,361,263,1465,0
463,1.6887,20,0,818,0,45.478,166,8178,10,1576.41,38,0,66.2039,371,263,2283,0
1096,3.99735,336,0,5,0,57.256,1332,8191,5,977,40,5,11.0388,376,268,2288,0
828,3.01976,29,0,894,0,47.227,320,8191,27,1370.66,17,4,6.7488,403,272,3182,0
786,2.86667,39,0,0,0,40.283,336,8178,0,1349.03,51,0,6.22349,403,272,3182,0
794,2.89601,49,0,0,0,66.641,2346,8191,0,1331.25,45,0,6.9312,403,272,3182,0
884,3.22442,139,0,1,0,68.081,8320,8191,1,482.729,30,1,217.724,404,273,3183,0
1290,4.70531,137,0,3,0,122.806,18351,8182,3,347.342,31,3,517.14,407,276,3186,0
1664,6.06901,195,0,4,0,82.804,4856,8037,4,449.846,36,4,484.834,411,280,3190,0
1412,5.14965,138,0,6,0,90.565,9495,7992,6,671,26,6,476.505,417,286,3196,0
1448,5.28109,178,0,10,0,81.013,1693,8101,10,1302,36,10,10.2363,427,296,3206,0
1205,4.39479,23,0,9,0,57.086,438,8191,9,2575.99,34,9,6.61382,436,305,3215,0
420,1.53172,14,0,0,0,34.556,611,8191,0,2496.88,57,0,6.73421,436,305,3215,0
436,1.59012,32,0,0,0,32.095,142,8191,0,2262.95,50,0,8.87558,436,305,3215,0
539,1.96574,47,0,0,0,37.362,617,8186,0,1751.62,53,0,9.78394,436,305,3215,0
667,2.43245,26,0,0,0,60.791,2209,8175,0,1447.39,51,0,8.62387,436,305,3215,0
810,2.95406,40,0,0,0,33.29,804,8179,0,1219.66,53,0,7.67904,436,305,3215,0
1022,3.72753,145,0,0,0,58.426,946,8185,0,452.714,58,0,100.798,436,305,3215,0
1487,5.42321,328,0,16,0,75.202,1843,8191,16,1183,27,16,10.0356,452,321,3231,0
950,3.46468,48,0,3,0,53.509,1298,8171,3,1165.22,58,3,7.55136,455,324,3234,0
945,3.44676,89,0,0,0,84.324,9487,8172,0,1099.49,45,0,45.6182,455,324,3234,0
1324,4.82931,250,0,3,0,108.708,13114,8191,3,655.837,26,3,219.675,458,327,3237,0
1500,5.47141,118,0,3,0,146.652,26205,8191,3,347.545,47,2,514.445,461,329,3240,0
1934,7.05417,201,0,3,0,94.52,12710,8191,3,313,45,3,278.671,464,332,3243,0
1447,5.27753,216,0,14,0,83.566,720,8148,14,675,30,14,12.8957,478,346,3257,0
1262,4.60301,17,0,22,0,69.764,757,8184,22,3282.27,35,22,8.77344,500,368,3279,0
388,1.41509,33,0,0,0,42.956,111,8189,0,2371.54,53,0,9.22214,500,368,3279,0
513,1.87111,16,0,0,0,42.149,95,8187,0,1866.83,57,0,9.90067,500,368,3279,0
628,2.2905,41,0,0,0,55.625,2270,8168,0,1553.6,50,0,9.15283,500,368,3279,0
754,2.74996,67,0,0,0,30.782,1266,8166,0,1304.35,53,0,10.3713,500,368,3279,0
1117,4.0739,132,0,0,0,54.071,451,8182,0,768.836,64,0,7.54771,500,368,3279,0
1035,3.77467,37,0,5,0,36.209,167,8169,5,1080.04,52,5,6.66854,505,373,3284,0
992,3.61784,115,0,0,0,45.735,597,8187,0,1066.22,60,0,6.40589,505,373,3284,0
1006,3.66899,48,0,0,0,49.796,2318,8191,0,1037.35,59,0,8.55821,505,373,3284,0
1085,3.9573,89,0,0,0,64.983,3865,8191,0,930.241,59,0,8.36122,505,373,3284,0
1146,4.18001,168,0,1,0,76.306,1674,8160,1,897.637,46,1,170.183,506,374,3285,0
1407,5.13216,178,0,2,0,116.772,11793,8191,2,237.059,39,2,348.278,508,376,3287,0
1453,5.29987,132,0,2,0,145.756,12621,8191,2,258.302,36,2,507.426,510,378,3289,0
1298,4.73458,138,0,2,0,98.001,6574,8172,2,268.815,39,2,381.975,512,380,3291,0
1607,5.86147,286,0,9,0,78.641,3430,8065,9,574,37,9,8.42323,521,389,3300,0
1434,5.22999,127,0,13,0,87.592,4264,8153,13,698.639,33,13,109.703,534,402,3313,0
1486,5.41964,130,0,848,0,83.595,5706,8175,179,2023.64,14,13,26.5319,713,415,4161,0
825,3.00892,17,0,4,0,47.973,321,8176,4,2676.72,37,4,7.59514,717,419,4165,0
462,1.685,47,0,0,0,38.511,378,8188,0,2038.36,53,0,7.51488,717,419,4165,0
588,2.14453,40,0,0,0,65.481,434,8191,0,1613.97,55,0,8.98138,717,419,4165,0
715,2.60776,29,0,0,0,36.616,215,8191,0,1368.75,59,0,7.82496,717,419,4165,0
841,3.06739,106,0,0,0,41.979,343,8187,0,1179.81,52,0,6.65395,717,419,4165,0
975,3.55592,80,0,0,0,44.663,599,8180,0,1020.83,63,0,7.58419,717,419,4165,0
1114,4.06283,53,0,0,0,35.968,1986,8180,0,897.19,61,0,6.6649,717,419,4165,0
1246,4.54429,74,0,0,0,46.802,535,8191,0,808.021,62,0,6.58099,717,419,4165,0
1239,4.51908,89,0,2,0,112.555,17530,8163,2,855.997,45,2,301.981,719,421,4167,0
1300,4.74181,206,0,9,0,144.82,10233,8191,9,948.828,26,7,20.2792,728,428,4176,0
1995,7.27691,668,0,1,0,97.015,12387,8191,1,214.518,37,1,467.856,729,429,4177,0
1727,6.29914,137,0,3,0,98.951,11579,8180,3,121,52,3,508.134,732,432,4180,0
1459,5.32129,139,0,26,0,74.494,5233,8173,26,635.567,24,26,33.3865,758,458,4206,0
1635,5.96354,179,0,26,0,86.419,4926,8173,26,902,34,26,312.889,784,484,4232,0
1346,4.90921,257,0,13,0,79.204,3086,8124,13,1151,24,13,67.8601,797,497,4245,0
857,3.1258,29,0,3,0,33.107,815,8177,3,1464.6,46,3,8.93395,800,500,4248,0
746,2.72088,35,0,0,0,36.31,134,8191,0,1422.11,56,0,8.14234,800,500,4248,0
800,2.91764,31,0,0,0,42.69,778,8191,0,1235.05,55,0,8.42323,800,500,4248,0
930,3.39188,30,0,0,0,59.319,619,8176,0,1072.18,59,0,8.15328,800,500,4248,0
1059,3.86235,45,0,0,0,35.07,484,8187,0,944.57,63,0,6.90931,800,500,4248,0
1164,4.24505,139,0,1,0,57.414,898,8181,1,953,59,1,7.8432,801,501,4249,0
1059,3.86225,23,0,0,0,69.11,1508,8172,0,943.291,59,0,7.25587,801,501,4249,0
1147,4.18319,51,0,0,0,32.327,1231,8174,0,917.837,60,0,6.46061,801,501,4249,0
1121,4.08869,84,0,1,0,76.686,5638,8167,1,911.608,46,1,314.571,802,502,4250,0
1182,4.31141,115,0,2,0,121.102,7849,8191,2,282.499,34,2,331.884,804,504,4252,0
1485,5.41659,126,0,2,0,90.938,11823,8186,2,273.421,40,2,477.268,806,506,4254,0
1446,5.27435,119,0,4,0,96.837,2770,8146,4,329.36,37,4,228.135,810,510,4258,0
1782,6.49965,106,0,4,0,86.1,6139,8172,4,455.217,51,4,540.466,814,514,4262,0
1570,5.72594,105,0,6,0,82.399,6766,8191,6,681.764,40,6,447.577,820,520,4268,0
1617,5.8974,95,0,1170,0,77.942,3911,7034,125,1932,8,13,316.271,945,533,5438,0
1531,5.58348,249,0,4,0,77.518,3773,8191,4,1103,45,4,8.13504,949,537,5442,0
950,3.46475,30,0,8,0,55.784,1094,8158,8,2220.61,32,8,7.8359,957,545,5450,0
493,1.79801,32,0,0,0,45.755,148,8189,0,1989.94,52,0,8.98867,957,545,5450,0
591,2.15549,44,0,0,0,69.642,154,8179,0,1637.93,47,0,8.7552,957,545,5450,0
716,2.61125,36,0,0,0,42.834,103,8190,0,1363.28,53,0,9.06163,957,545,5450,0
852,3.10735,32,0,0,0,32.117,519,8191,0,1151.37,59,0,8.89747,957,545,5450,0
995,3.62891,65,0,0,0,32.21,975,8163,0,999.473,63,0,7.44922,957,545,5450,0
1143,4.16873,58,0,0,0,33.967,106,8171,0,878.327,64,0,7.36166,957,545,5450,0
1257,4.58473,127,0,0,0,66.865,8027,8173,0,812,50,0,8.78438,957,545,5450,0
1073,3.9138,184,0,5,0,119.828,13032,8116,5,669.021,24,4,270.291,962,549,5455,0
1530,5.5807,144,0,2,0,135.644,22175,8191,2,634.564,42,2,434.01,964,551,5457,0
1580,5.7631,197,0,3,0,97.576,4506,8191,3,373,36,3,445.341,967,554,5460,0
1543,5.62774,273,0,10,0,83.506,318,8132,10,866,37,10,22.2747,977,564,5470,0
1175,4.28539,14,0,14,0,71.736,4227,8191,14,2732.96,42,14,7.26317,991,578,5484,0
443,1.61566,45,0,0,0,34.296,696,8187,0,2120.87,52,0,8.6713,991,578,5484,0
556,2.02785,44,0,0,0,33.798,96,8191,0,1734.59,56,0,10.1268,991,578,5484,0
901,3.28606,130,0,0,0,87.918,5617,8189,0,974.18,53,0,8.4743,991,578,5484,0
1322,4.82134,128,0,3,0,64.066,202,8127,3,545,61,3,10.9221,994,581,5487,0
1268,4.62441,128,0,5,0,47.788,138,8176,5,864.941,52,5,6.73056,999,586,5492,0
1224,4.464,54,0,0,0,43.174,223,8184,0,844.988,67,0,8.08762,999,586,5492,0
1154,4.20849,43,0,4,0,59.826,318,8191,4,1196.85,49,4,6.51168,1003,590,5496,0
899,3.27869,60,0,0,0,37.683,109,8184,0,1180.32,54,0,7.35072,1003,590,5496,0
917,3.34466,54,0,0,0,36.752,114,8191,0,1149.39,61,0,8.08762,1003,590,5496,0
922,3.36277,57,0,0,0,49.616,1376,8191,0,1135.68,53,0,7.59514,1003,590,5496,0
1050,3.82991,97,0,0,0,70.73,5959,8179,0,409.798,44,0,367.74,1003,590,5496,0
1705,6.21909,166,0,3,0,153.081,21871,8191,3,397,29,3,440.456,1006,593,5499,0
1592,5.80651,175,0,5,0,78.671,4511,8174,5,427.14,42,5,55.9348,1011,598,5504,0
1585,5.7811,245,0,5,0,74.384,1775,8191,5,618,43,5,39.4422,1016,603,5509,0
1456,5.31011,242,0,5,0,76.287,242,8170,5,1077,39,5,7.49299,1021,608,5514,0
972,3.54494,55,0,0,0,46.898,150,8168,0,1036.48,63,0,8.42688,1021,608,5514,0
1097,4.00098,63,0,0,0,39.078,161,8191,0,911.739,61,0,8.35392,1021,608,5514,0
1244,4.53697,52,0,0,0,39.336,164,8191,0,805.928,62,0,7.92346,1021,608,5514,0
1367,4.98585,67,0,0,0,42.141,123,8191,0,726.847,63,0,9.45562,1021,608,5514,0
1196,4.362,32,0,7,0,59.198,3219,8191,7,1421.52,46,7,7.2121,1028,615,5521,0
755,2.75355,26,0,0,0,47.655,418,8183,0,1395.92,52,0,6.42778,1028,615,5521,0
773,2.81918,40,0,0,0,35.326,126,8191,0,1372.36,52,0,7.13549,1028,615,5521,0
783,2.85561,34,0,0,0,34.276,89,8173,0,1348.49,56,0,7.71917,1028,615,5521,0
798,2.91049,33,0,0,0,31.167,128,8181,0,1324.91,55,0,6.61747,1028,615,5521,0
811,2.95816,41,0,0,0,57.826,2248,8185,0,1093.65,45,0,377.032,1028,615,5521,0
1223,4.46099,150,0,2,0,148.32,19269,8159,2,622.103,34,2,530.726,1030,617,5523,0
1267,4.62165,383,0,2,0,168.1,18690,8181,2,616.236,26,2,431.872,1032,619,5525,0
1806,6.5874,218,0,1,0,94.707,2161,8170,1,149.512,51,1,37.1841,1033,620,5526,0
1447,5.27797,244,0,19,0,86.163,514,8151,19,627,31,19,8.01466,1052,639,5545,0
1420,5.1793,1300,0,20,0,82.393,6861,8180,20,1614,11,20,7.62067,1072,659,5565,0
993,3.62194,356,0,2202,0,78.405,5067,6496,94,2281.69,3,3,8.31014,1166,662,7767,0
1029,3.75312,134,0,3,0,66.627,240,8157,13,724.248,42,3,10.5974,1179,665,7770,0
1173,4.27823,50,0,3,0,53.007,924,8187,3,888.656,55,3,9.06163,1182,668,7773,0
1197,4.36556,175,0,3,0,97.292,4336,8191,3,1098,59,3,6.94579,1185,671,7776,0
984,3.58869,38,0,1,0,61.257,2613,8191,1,1060.28,53,1,6.92755,1186,672,7777,0
1035,3.77474,58,0,0,0,76.397,7016,8191,0,856.496,58,0,209.129,1186,672,7777,0
1735,6.32774,103,0,3,0,126.955,14158,8172,3,193.569,51,3,357.427,1189,675,7780,0
1565,5.70794,180,0,9,0,109.857,6760,8117,9,415.481,37,9,22.282,1198,684,7789,0
1475,5.37965,235,0,26,0,80.27,1513,8168,26,1256,33,26,113.427,1224,710,7815,0
974,3.55256,1050,0,21,0,81.872,2119,8191,21,4085,3,17,78.3043,1245,727,7836,0
979,3.571,355,0,1083,0,92.834,5977,8177,25,456.374,28,1,40.9379,1270,728,8919,0
1609,5.86878,353,0,2,0,104.762,8920,8178,2,474,38,2,577.654,1272,730,8921,0
1365,4.9784,136,0,6,0,102.171,3366,8168,6,663,35,6,65.6239,1278,736,8927,0
1569,5.72247,218,0,8,0,71.153,5052,8191,8,1028,36,8,7.33978,1286,744,8935,0
1126,4.10325,31,0,6,0,52.239,1599,8191,6,1592.7,34,6,8.7552,1292,750,8941,0
735,2.68084,17,0,0,0,56.286,4987,8168,0,1337.14,54,0,9.61248,1292,750,8941,0
1033,3.76781,240,0,1,0,51.135,357,8187,1,274,52,1,84.9984,1293,751,8942,0
900,3.28251,164,0,248,0,81.049,242,8173,150,437,21,5,12.3521,1443,756,9190,0
1460,5.3248,108,0,10,0,74.939,2105,8191,10,975.714,38,10,6.97133,1453,766,9200,0
1103,4.02287,37,0,0,0,43.255,295,8167,0,951.484,69,0,7.77754,1453,766,9200,0
1102,4.01896,64,0,0,0,38.663,707,8191,0,941.008,55,0,6.74515,1453,766,9200,0
1139,4.15391,90,0,0,0,34.027,673,8188,0,929.463,65,0,6.83635,1453,766,9200,0
1274,4.64626,191,0,4,0,99.532,2284,8173,3,463,49,4,250.993,1456,770,9204,0
1362,4.96726,199,0,34,0,85.276,254,8135,35,2597,28,34,12.9577,1491,804,9238,0
411,1.49906,64,0,4,0,50.406,2261,8191,4,2662.89,37,4,7.60243,1495,808,9242,0
402,1.46633,52,0,0,0,70.751,4563,8191,0,2616.9,39,0,7.70458,1495,808,9242,0
423,1.54292,30,0,0,0,48.655,3638,8183,0,2324.87,39,0,7.28141,1495,808,9242,0
507,1.84932,36,0,0,0,47.165,2109,8190,0,1868.7,47,0,7.89062,1495,808,9242,0
774,2.82307,134,0,0,0,38.325,1187,8191,0,555.207,51,0,70.877,1495,808,9242,0
1504,5.48513,175,0,12,0,75.694,2698,8091,12,1238,37,12,8.09126,1507,820,9254,0
1411,5.14591,184,0,4,0,70.245,5750,8191,3,256,50,4,278.445,1510,824,9258,0
1517,5.53273,154,0,7,0,84.884,4115,8148,8,534.282,27,7,29.5597,1518,831,9265,0
1559,5.68594,203,0,9,0,74.041,798,8065,9,926,34,9,54.8732,1527,840,9274,0
1189,4.33661,159,0,9,0,81.83,1665,8117,9,2265,26,9,8.80627,1536,849,9283,0
481,1.75443,24,0,0,0,66.189,1187,8184,0,2186.26,55,0,6.72691,1536,849,9283,0
493,1.79812,50,0,0,0,70.143,149,8177,0,2134.47,50,0,7.52582,1536,849,9283,0
503,1.83452,29,0,0,0,55.61,582,8180,0,2088.99,52,0,8.13504,1536,849,9283,0
516,1.88193,18,0,0,0,57.641,162,8191,0,2040.4,57,0,7.35437,1536,849,9283,0
537,1.95853,61,0,0,0,41.386,189,8187,0,1865.67,50,0,7.57325,1536,849,9283,0
611,2.22865,37,0,1,0,93.15,2304,8180,1,1840.78,50,1,8.22259,1537,850,9284,0
581,2.11924,50,0,0,0,56.935,1065,8177,0,1815.71,39,0,7.29235,1537,850,9284,0
858,3.12961,130,0,0,0,73.097,4294,8169,0,255.118,39,0,394.757,1537,850,9284,0
1357,4.94973,158,0,5,0,95.74,6673,8185,4,326,41,5,440.5,1541,855,9289,0
1465,5.33892,184,0,7,0,76.544,1905,8171,8,613,38,7,9.44832,1549,862,9296,0
1596,5.8212,159,0,9,0,77.642,3458,8191,9,1266,44,9,109.342,1558,871,9305,0
1403,5.11707,221,0,9,0,80.92,2085,8191,9,1993,34,9,6.62112,1567,880,9314,0
542,1.97682,20,0,3,0,34.577,88,8180,3,2398.73,47,3,7.59149,1570,883,9317,0
499,1.81998,49,0,0,0,43.131,88,8183,0,1881.51,53,0,8.9376,1570,883,9317,0
631,2.30122,31,0,0,0,31.8,103,8187,0,1534.95,55,0,8.47066,1570,883,9317,0
763,2.78275,43,0,0,0,39.376,112,8172,0,1286.19,55,0,8.78803,1570,883,9317,0
883,3.2205,144,0,0,0,87.063,3467,8191,0,1137.03,46,0,8.71507,1570,883,9317,0
996,3.63287,40,0,0,0,54.983,776,8158,0,1006.55,61,0,8.16058,1570,883,9317,0
1113,4.05965,44,0,0,0,40.647,128,8169,0,907.863,56,0,7.4784,1570,883,9317,0
1145,4.17612,77,0,0,0,45.798,116,8165,0,820.689,60,0,7.51853,1570,883,9317,0
1109,4.04481,138,0,0,0,67.797,8886,8148,0,531.494,42,0,156.89,1570,883,9317,0
1273,4.6432,212,0,3,0,137.446,30229,8191,3,497.463,26,3,464.383,1573,886,9320,0
1207,4.40261,134,0,3,0,138.789,22401,8074,3,592,30,3,428.341,1576,889,9323,0
1532,5.58734,218,0,4,0,88.438,6931,8027,4,457,42,4,365.971,1580,893,9327,0
1527,5.56928,131,0,8,0,80.951,1126,8103,8,829,36,8,11.3307,1588,901,9335,0
1330,4.85079,84,0,22,0,90.392,3376,8191,22,4251.57,28,22,7.15373,1610,923,9357,0
256,0.933611,21,0,0,0,42.191,48,8189,0,4064.92,47,0,6.7488,1610,923,9357,0
282,1.02849,6,0,0,0,38.074,70,8185,0,3183.63,52,0,9.03974,1610,923,9357,0
398,1.45157,39,0,0,0,41.333,73,8179,0,2303.58,52,0,8.62387,1610,923,9357,0
513,1.87093,36,0,0,0,38.563,236,8182,0,1844.65,54,0,8.60563,1610,923,9357,0
634,2.3122,32,0,0,0,57.688,809,8191,0,1524.14,59,0,7.97453,1610,923,9357,0
989,3.60699,277,0,2,0,43.819,881,8188,2,297,50,2,83.7325,1612,925,9359,0
1484,5.41251,129,0,801,0,78.8,3611,8158,170,590.861,13,9,44.5311,1782,934,10160,0
1365,4.97792,43,0,1103,0,73.475,2663,8191,214,1342.1,6,12,24.241,1996,946,11263,0
845,3.08157,33,0,0,0,42.37,1286,8164,0,1239.77,58,0,6.55546,1996,946,11263,0
833,3.03839,96,0,1,0,74.286,4390,8175,1,1188.97,38,1,275.439,1997,947,11264,0
1533,5.59158,212,0,2,0,75.066,7784,8173,2,305.155,31,2,558.487,1999,949,11266,0
1475,5.3802,192,0,2,0,134.016,26872,8152,2,195.675,30,2,541.848,2001,951,11268,0
1653,6.02921,135,0,1,0,79.887,6405,8062,1,143,50,1,59.7798,2002,952,11269,0
1172,4.27465,357,0,14,0,79.366,2794,8090,14,418,17,14,11.3964,2016,966,11283,0
1220,4.44967,1525,0,52,0,79.366,2794,8090,52,2769,0,48,11.3964,2068,1014,11335,0
705,2.57125,1879,0,2219,0,81.853,2518,7877,37,6322,1,25,10.9258,2105,1039,13554,0
188,0.685687,11,0,0,0,34.378,35,8187,23,5331.12,43,0,7.43462,2128,1039,13554,0
232,0.846108,12,0,0,0,36.659,44,8183,0,3682.19,47,0,7.8359,2128,1039,13554,0
327,1.19266,43,0,0,0,43.403,49,8184,0,2676.82,43,0,8.46336,2128,1039,13554,0
454,1.65581,28,0,0,0,41.272,1314,8191,0,2063.65,56,0,9.8496,2128,1039,13554,0
573,2.08979,55,0,0,0,34.562,147,8181,0,1696.13,49,0,7.72646,2128,1039,13554,0
697,2.54195,33,0,0,0,44.477,105,8166,0,1397.47,62,0,6.70867,2128,1039,13554,0
782,2.85194,163,0,0,0,87.651,4599,8189,0,1241.34,47,0,7.96723,2128,1039,13554,0
1152,4.20164,200,0,11,0,105.478,8941,8141,11,1183,32,11,271.346,2139,1050,13565,0
805,2.93614,81,0,5,0,55.713,4001,8186,5,1433.87,33,5,9.8423,2144,1055,13570,0
892,3.25356,131,0,0,0,87.611,6402,8177,0,318.561,37,0,372.315,2144,1055,13570,0
1249,4.55567,180,0,4,0,123.524,11266,8132,4,384.901,23,4,391.832,2148,1059,13574,0
1632,5.95271,240,0,2,0,70.081,6765,8191,2,213,52,2,132.521,2150,1061,13576,0
1462,5.33254,222,0,11,0,82.552,3312,8113,10,483,31,11,30.8949,2160,1072,13587,0
1380,5.0333,141,0,11,0,77.214,488,8171,12,1304.5,30,11,34.1088,2172,1083,13598,0
1396,5.08975,328,0,9,0,68.373,1043,8100,8,2813,37,9,6.91296,2180,1092,13607,0
498,1.81628,16,0,661,0,61.895,481,8191,24,2959.84,16,1,9.59789,2204,1093,14268,0
1555,5.67126,260,0,0,0,110.607,15363,8168,0,130.228,55,0,470.162,2204,1093,14268,0
1496,5.45471,172,0,7,0,96.627,4971,8173,7,167,42,7,89.7736,2211,1100,14275,0
1330,4.84913,222,0,10,0,86.225,680,8180,10,432,26,10,8.64941,2221,1110,14285,0
1441,5.25548,328,0,18,0,99.072,10516,8144,18,1404,22,18,71.9276,2239,1128,14303,0
1072,3.9096,6,0,21,0,69.193,907,8189,21,4644.59,33,21,7.58784,2260,1149,14324,0
236,0.860688,15,0,0,0,33.679,55,8191,0,4364.83,47,0,11.783,2260,1149,14324,0
557,2.0314,77,0,0,0,36.222,187,8189,0,826.375,48,0,73.81,2260,1149,14324,0
1276,4.65401,214,0,2,0,122.77,9439,8137,2,793.207,36,2,9.59059,2262,1151,14326,0
1469,5.35821,122,0,2,0,105.718,14681,8164,2,318.355,40,2,546.416,2264,1153,14328,0
1343,4.89854,220,0,3,0,143.882,18777,8181,3,385.855,29,3,461.29,2267,1156,14331,0
1469,5.3577,213,0,8,0,73.165,3663,8147,8,283,42,8,202.49,2275,1164,14339,0
1515,5.52582,281,0,12,0,72.926,4827,8178,12,692,37,12,8.44147,2287,1176,14351,0
1303,4.7524,194,0,8,0,92.966,1560,8191,8,861,40,8,50.0214,2295,1184,14359,0
1367,4.98558,213,0,36,0,80.79,2063,8155,36,4464.01,28,36,6.97862,2331,1220,14395,0
237,0.864409,8,0,323,0,52.853,792,8187,19,4883.19,24,7,7.25222,2350,1227,14718,0
224,0.816914,17,0,0,0,44.53,59,8181,0,4651.5,40,0,7.36531,2350,1227,14718,0
229,0.835162,20,0,0,0,44.361,54,8186,0,4429.01,46,0,7.52582,2350,1227,14718,0
247,0.900811,21,0,0,0,41.036,37,8185,0,4232.19,44,0,7.78848,2350,1227,14718,0
258,0.940971,17,0,0,0,47.61,1072,8184,0,3772.39,39,0,7.97453,2350,1227,14718,0
338,1.2327,22,0,0,0,35.927,155,8191,0,2680.36,48,0,6.78163,2350,1227,14718,0
470,1.71425,17,0,0,0,30.027,227,8187,0,1968.18,53,0,7.26317,2350,1227,14718,0
607,2.21385,22,0,0,0,37.192,110,8170,0,1592.14,54,0,7.48934,2350,1227,14718,0
715,2.60786,49,0,0,0,58.093,3617,8191,0,1381.05,45,0,7.5623,2350,1227,14718,0
1009,3.68033,109,0,0,0,69.206,4699,8186,0,235.179,46,0,247.867,2350,1227,14718,0
1250,4.55947,176,0,6,0,149.651,20671,8112,6,345.383,21,5,450.842,2356,1232,14724,0
1479,5.39437,193,0,4,0,89.369,3408,8189,4,346,42,4,294.47,2360,1236,14728,0
1493,5.44522,140,0,8,0,78.05,1260,8172,8,731,38,8,8.01466,2368,1244,14736,0
1398,5.09859,222,0,15,0,82.87,1059,8159,15,2356,31,15,7.45651,2383,1259,14751,0
704,2.56751,26,0,3,0,47.24,341,8178,3,3264.43,41,3,8.08397,2386,1262,14754,0
333,1.2145,15,0,0,0,40.044,579,8191,0,3147.3,53,0,8.25178,2386,1262,14754,0
400,1.45881,28,0,0,0,35.937,282,8181,0,2316.25,48,0,10.3092,2386,1262,14754,0
531,1.93664,41,0,0,0,51.328,792,8191,0,1783.38,50,0,8.86829,2386,1262,14754,0
712,2.59678,51,0,0,0,38.494,109,8174,0,1366.62,52,0,8.39405,2386,1262,14754,0
843,3.07449,42,0,0,0,35.764,83,8178,0,1157.77,55,0,6.66854,2386,1262,14754,0
978,3.56703,53,0,0,0,43.043,262,8166,0,1016.54,57,0,7.16467,2386,1262,14754,0
1312,4.78535,186,0,2,0,84.96,4251,8177,2,269.798,48,2,273.056,2388,1264,14756,0
1427,5.20468,149,0,10,0,85.533,2430,8187,10,663,40,10,8.2919,2398,1274,14766,0
1209,4.40979,121,0,3,0,127.118,8034,8144,3,778.273,26,3,81.3431,2401,1277,14769,0
1431,5.21965,251,0,3,0,130.51,18284,8141,3,728.684,28,3,447.445,2404,1280,14772,0
1147,4.1838,114,0,3,0,152.638,18884,8183,3,632.756,33,3,511.34,2407,1283,14775,0
1846,6.73299,233,0,5,0,79.142,5174,8191,5,452,39,5,355.268,2412,1288,14780,0
1527,5.56903,126,0,3,0,77.061,3813,8169,3,500.97,47,3,9.29875,2415,1291,14783,0
1497,5.45961,240,0,5,0,86.774,3560,8054,5,798,40,5,7.49664,2420,1296,14788,0
1320,4.81405,196,0,28,0,80.951,684,8158,28,3669,28,28,13.3006,2448,1324,14816,0
351,1.28008,7,0,5,0,32.055,56,8191,5,4183.55,49,5,7.63891,2453,1329,14821,0
260,0.948263,19,0,0,0,49.668,48,8183,0,4017.17,46,0,7.81037,2453,1329,14821,0
273,0.99563,14,0,0,0,38.547,43,8183,0,3828.02,51,0,8.05843,2453,1329,14821,0
337,1.22917,30,0,0,0,44.626,99,8179,0,2662.89,51,0,14.3439,2453,1329,14821,0
782,2.85215,137,0,0,0,45.078,1117,8183,0,793.316,50,0,19.287,2453,1329,14821,0
970,3.53772,67,0,5,0,39.265,385,8170,5,1193.01,41,5,6.58829,2458,1334,14826,0
903,3.29339,35,0,0,0,41.455,565,8184,0,1174.93,60,0,6.9312,2458,1334,14826,0
921,3.35921,42,0,0,0,53.241,3651,8163,0,1117.8,52,0,8.40499,2458,1334,14826,0
1001,3.65113,133,0,0,0,61.544,9375,8174,0,649.892,38,0,268.737,2458,1334,14826,0
1468,5.35464,132,0,2,0,131.764,20820,8164,2,346.011,37,2,479.344,2460,1336,14828,0
1797,6.55418,186,0,3,0,136.41,25952,7921,3,429,27,3,610.65,2463,1339,14831,0
1597,5.82477,247,0,3,0,79.541,8619,8176,3,227,51,3,470.377,2466,1342,14834,0
1651,6.0208,213,0,4,0,66.719,9767,8119,4,324,47,4,233.541,2470,1346,14838,0
1356,4.94577,381,0,14,0,80.614,10894,8122,14,1289,26,14,13.7019,2484,1360,14852,0
1525,5.56193,424,0,733,0,81.089,2455,8191,117,1586,20,2,7.25587,2601,1362,15585,0
1108,4.04089,18,0,4,0,71.843,1024,8189,4,2498.59,49,4,7.05158,2605,1366,15589,0
435,1.58652,28,0,0,0,27.688,92,8185,0,2422.33,51,0,7.51123,2605,1366,15589,0
446,1.62667,28,0,0,0,36.656,82,8191,0,2360.57,49,0,6.64666,2605,1366,15589,0
454,1.65584,27,0,0,0,33.127,71,8187,0,2300.3,48,0,6.8327,2605,1366,15589,0
476,1.73612,42,0,0,0,33.488,89,8187,0,2100.28,50,0,8.72602,2605,1366,15589,0
568,2.0716,25,0,0,0,45.826,111,8191,0,1694.55,51,0,9.47021,2605,1366,15589,0
689,2.51285,33,0,0,0,48.719,2310,8187,0,1408.2,53,0,8.80992,2605,1366,15589,0
832,3.03452,40,0,0,0,42.543,433,8174,0,1195.99,57,0,11.6444,2605,1366,15589,0
926,3.37742,133,0,0,0,90.495,5303,8191,0,635.273,52,0,22.6687,2605,1366,15589,0
1433,5.22486,123,0,3,0,146.726,32075,8154,3,763.906,33,3,322.534,2608,1369,15592,0
1697,6.18888,116,0,5,0,131.962,20096,8163,5,683.837,38,5,461.129,2613,1374,15597,0
1195,4.35883,276,0,4,0,98.215,6024,8187,4,452,34,4,134.991,2617,1378,15601,0
1630,5.94502,157,0,7,0,88.56,6503,8132,7,692,39,7,188.704,2624,1385,15608,0
1268,4.62436,20,0,15,0,77.743,5195,8187,15,2301.01,26,15,11.9581,2639,1400,15623,0
593,2.16277,57,0,0,0,43.269,971,8191,0,1052.31,51,0,14.3293,2639,1400,15623,0
1106,4.03376,81,0,0,0,40.377,413,8149,0,906.378,60,0,7.86509,2639,1400,15623,0
1059,3.86232,39,0,3,0,54.467,160,8175,3,1080.14,50,3,8.06208,2642,1403,15626,0
1039,3.78922,39,0,0,0,40.046,109,8181,0,965.615,59,0,8.62752,2642,1403,15626,0
1052,3.83644,54,0,0,0,59.194,155,8162,0,939.753,56,0,7.4784,2642,1403,15626,0
1122,4.09193,90,0,1,0,74.886,1281,8191,1,1009.98,57,1,8.04019,2643,1404,15627,0
1063,3.87707,53,0,0,0,45.251,1220,8187,0,996.992,58,0,7.56595,2643,1404,15627,0
1101,4.01551,51,0,0,0,33.733,456,8181,0,916.408,63,0,8.67859,2643,1404,15627,0
1223,4.4605,50,0,0,0,48.72,1458,8167,0,819.526,64,0,7.33978,2643,1404,15627,0
1066,3.88804,126,0,2,0,83.916,1026,8175,2,992.224,34,2,7.07712,2645,1406,15629,0
1032,3.76432,158,0,5,0,97.696,6105,8179,5,797,36,4,436.443,2650,1410,15634,0
1300,4.74168,151,0,2,0,173.839,15120,8168,2,638.529,25,2,420.946,2652,1412,15636,0
1590,5.79944,116,0,2,0,108.98,8475,8184,2,186.625,49,2,443.622,2654,1414,15638,0
1429,5.21191,190,0,16,0,81.038,3184,8143,16,571,30,16,79.986,2670,1430,15654,0
1286,4.69039,630,0,38,0,88.48,1316,8136,38,2942,18,38,13.2678,2708,1468,15692,0
370,1.34948,14,0,806,0,70.857,402,8186,49,2906.01,18,3,9.18566,2757,1471,16498,0
541,1.97311,76,0,0,0,30.585,122,8191,0,1268.85,53,0,9.72557,2757,1471,16498,0
898,3.275,43,0,0,0,44.313,790,8181,0,1104.83,61,0,6.60288,2757,1471,16498,0
1029,3.75289,68,0,0,0,35.39,180,8180,0,975.5,58,0,7.34342,2757,1471,16498,0
1152,4.20163,102,0,0,0,68.252,4655,8181,0,880.193,63,0,6.54086,2757,1471,16498,0
1143,4.16886,49,0,1,0,47.546,478,8170,1,957.241,61,1,7.98547,2758,1472,16499,0
1126,4.10669,73,0,0,0,88.844,1874,8174,0,908.208,57,0,9.15283,2758,1472,16499,0
1220,4.44954,101,0,0,0,53.927,5043,8161,0,851.158,62,0,8.5801,2758,1472,16499,0
1244,4.53712,93,0,2,0,66.777,677,8166,2,994.027,54,2,9.01421,2760,1474,16501,0
923,3.36653,218,0,1,0,101.24,2416,8168,1,1043,47,1,8.16787,2761,1475,16502,0
1389,5.06648,651,0,1,0,86.118,4055,8170,1,434.577,30,1,413.183,2762,1476,16503,0
1264,4.61045,377,0,5,0,125.679,12906,8180,5,236,33,4,554.726,2767,1480,16508,0
1344,4.90217,102,0,15,0,118.046,3747,8180,15,722.014,20,15,172.175,2782,1495,16523,0
1236,4.50772,57,0,26,0,87.358,2202,8191,26,3429,26,26,124.393,2808,1521,16549,0
1283,4.67939,214,0,16,0,70.885,1905,8191,16,812,39,16,50.6926,2824,1537,16565,0
1064,3.88054,44,0,7,0,52.736,2798,8173,7,1546.68,31,7,7.71552,2831,1544,16572,0
737,2.68805,48,0,0,0,36.961,186,8191,0,1332.18,53,0,10.2947,2831,1544,16572,0
895,3.26407,61,0,0,0,44.76,1562,8156,0,1081.49,55,0,9.15648,2831,1544,16572,0
1052,3.83675,43,0,0,0,36.585,683,8178,0,951.794,58,0,6.86918,2831,1544,16572,0
1178,4.29632,66,0,0,0,35.644,276,8175,0,863.746,61,0,5.49024,2831,1544,16572,0
1200,4.37644,92,0,2,0,58.381,350,8099,2,1005,51,2,6.75245,2833,1546,16574,0
1068,3.89516,43,0,0,0,32.913,1257,8170,0,991.842,65,0,6.89837,2833,1546,16574,0
1080,3.93894,43,0,0,0,42.019,1554,8191,0,979.888,56,0,8.13504,2833,1546,16574,0
1064,3.88049,80,0,3,0,75.197,4883,8176,3,1151,41,3,8.33203,2836,1549,16577,0
1062,3.87356,133,0,0,0,86.303,7187,8151,0,271.952,44,0,361.258,2836,1549,16577,0
1296,4.72722,151,0,3,0,131.214,13635,8191,3,293.485,34,3,430.862,2839,1552,16580,0
1147,4.18362,121,0,11,0,154.07,13691,8018,11,588.426,21,8,94.3665,2850,1560,16591,0
1486,5.41987,146,0,4,0,72.924,2271,8191,4,490.343,42,4,138.142,2854,1564,16595,0
1582,5.76967,144,0,7,0,74.588,4022,8191,7,886,39,7,42.2511,2861,1571,16602,0
1265,4.61348,176,0,10,0,88.332,2026,8131,10,1741,25,10,44.4655,2871,1581,16612,0
1279,4.66445,35,0,3,0,56.426,954,8189,3,2006.48,46,3,7.78848,2874,1584,16615,0
539,1.9656,49,0,0,0,36.065,155,8191,0,1960.46,51,0,6.75974,2874,1584,16615,0
579,2.11167,61,0,0,0,67.394,2195,8176,0,1700.43,55,0,9.25498,2874,1584,16615,0
743,2.70968,36,0,0,0,44.81,1360,8179,0,936.255,60,0,40.9196,2874,1584,16615,0
1139,4.15388,64,0,5,0,46.459,1100,8174,5,1105.16,45,5,8.2992,2879,1589,16620,0
971,3.54128,35,0,0,0,44.551,359,8191,0,1089.98,60,0,7.81766,2879,1589,16620,0
978,3.5667,100,0,1,0,56.321,600,8184,1,1212,60,1,6.39859,2880,1590,16621,0
881,3.21308,36,0,0,0,62.964,1180,8167,0,1195.48,57,0,8.07302,2880,1590,16621,0
1309,4.77385,137,0,4,0,62.22,3059,8191,4,357.232,45,4,41.5288,2884,1594,16625,0
1026,3.74216,372,0,7,0,97.846,5253,8174,7,638,17,7,12.3302,2891,1601,16632,0
1051,3.83361,124,0,10,0,171.867,7095,8169,10,974.346,24,7,396.961,2901,1608,16642,0
1245,4.54123,131,0,3,0,144.244,30080,8174,3,633.009,32,3,439.026,2904,1611,16645,0
1378,5.02576,145,0,9,0,81.29,2074,8191,9,1075.85,34,9,39.1978,2913,1620,16654,0
1206,4.39829,21,0,23,0,73.286,1164,8187,23,2985.32,33,23,7.07712,2936,1643,16677,0
362,1.32015,20,0,0,0,33.742,1467,8189,0,2894.59,52,0,7.95994,2936,1643,16677,0
416,1.51724,17,0,0,0,42.828,232,8189,0,2242.29,49,0,9.01786,2936,1643,16677,0
537,1.95843,39,0,0,0,39.482,881,8191,0,1776.29,51,0,8.38675,2936,1643,16677,0
695,2.53473,55,0,0,0,35.411,258,8161,0,1062.73,53,0,15.5368,2936,1643,16677,0
1134,4.136,52,0,2,0,56.849,1591,8174,2,1074.87,55,2,4.80077,2938,1645,16679,0
1000,3.64729,43,0,0,0,33.514,169,8168,0,1027.18,60,0,9.03974,2938,1645,16679,0
1067,3.89151,77,0,0,0,38.443,1478,8174,0,992.907,60,0,5.83315,2938,1645,16679,0
1080,3.93925,78,0,0,0,37.46,852,8165,0,980.927,62,0,7.07347,2938,1645,16679,0
1101,4.01581,65,0,0,0,55.662,1051,8161,0,931.321,57,0,8.57645,2938,1645,16679,0
1212,4.42032,64,0,0,0,43.251,2119,8185,0,833.511,59,0,6.9385,2938,1645,16679,0
1155,4.21264,166,0,2,0,73.682,8728,8191,2,1015.77,37,2,48.1244,2940,1647,16681,0
1621,5.91266,296,0,1,0,95.378,7750,8063,1,274,37,1,515.021,2941,1648,16682,0
1529,5.57248,145,0,1,0,100.171,15147,8177,1,258.48,45,1,453.3,2942,1649,16683,0
1678,6.12006,380,0,3,0,79.607,8816,8142,3,304,36,3,512.763,2945,1652,16686,0
1436,5.23722,210,0,22,0,84.041,3445,8085,22,1169,31,22,165.455,2967,1674,16708,0
1419,5.1751,132,0,18,0,78.528,1565,8190,18,1821,39,18,45.859,2985,1692,16726,0
789,2.8775,15,0,8,0,48.28,1198,8191,8,2595.33,30,8,7.77389,2993,1700,16734,0
420,1.53119,45,0,0,0,34.826,114,8184,0,2516.94,50,0,7.16102,2993,1700,16734,0
479,1.74699,20,0,0,0,41.081,71,8191,0,1986.07,54,0,8.50349,2993,1700,16734,0
602,2.19577,33,0,0,0,42.592,1511,8191,0,1603.83,51,0,8.24448,2993,1700,16734,0
722,2.63334,27,0,0,0,51.251,1136,8175,0,1372.67,57,0,7.45286,2993,1700,16734,0
840,3.06372,74,0,0,0,78.405,680,8170,0,1191.17,54,0,7.97453,2993,1700,16734,0
960,3.50131,110,0,0,0,45.529,359,8168,0,1029.33,60,0,5.3881,2993,1700,16734,0
1047,3.81874,123,0,3,0,92.464,2550,8191,3,1350,50,3,5.59603,2996,1703,16737,0
797,2.9068,59,0,0,0,44.523,125,8178,0,1330.6,57,0,7.00781,2996,1703,16737,0
769,2.80482,92,0,0,0,63.692,4872,8191,0,1316.93,45,0,8.17517,2996,1703,16737,0
982,3.58192,117,0,0,0,75.307,7702,8175,0,314.699,46,0,480.781,2996,1703,16737,0
1327,4.84031,127,0,3,0,163.17,17135,8136,3,368.872,25,3,476.283,2999,1706,16740,0
1322,4.82205,116,0,6,0,135.419,9247,8084,6,586.496,26,6,526.768,3005,1712,16746,0
1300,4.74167,204,0,15,0,93.982,5542,8191,14,1089,29,15,43.7468,3019,1727,16761,0
1264,4.60963,24,0,34,0,85.405,3684,8158,35,3340,35,34,7.45286,3054,1761,16795,0
323,1.178,27,0,0,0,53.104,231,8190,0,3226.83,51,0,7.05158,3054,1761,16795,0
338,1.23277,24,0,0,0,37.231,94,8186,0,3033.05,50,0,8.41958,3054,1761,16795,0
408,1.48797,31,0,0,0,38.948,79,8174,0,2316.42,49,0,9.15283,3054,1761,16795,0
531,1.9367,24,0,0,0,34.855,1105,8191,0,1746.11,52,0,8.33568,3054,1761,16795,0
670,2.44349,29,0,0,0,34.612,553,8155,0,1443.62,54,0,9.12,3054,1761,16795,0
807,2.94307,45,0,0,0,52.94,1146,8158,0,1216.99,56,0,7.78483,3054,1761,16795,0
932,3.39907,144,0,1,0,43.182,168,8191,1,1211,53,1,8.99962,3055,1762,16796,0
914,3.33375,77,0,0,0,47.833,301,8191,0,1152.39,62,0,7.53312,3055,1762,16796,0
968,3.53055,50,0,0,0,45.46,598,8191,0,1029.27,58,0,8.97408,3055,1762,16796,0
984,3.58914,131,0,1,0,85.579,2624,8177,1,1104.43,43,1,7.49299,3056,1763,16797,0
874,3.18796,155,0,2,0,80.685,5224,8191,2,1390,34,2,6.75245,3058,1765,16799,0
1105,4.03054,148,0,1,0,92.474,12281,8146,1,362.921,35,1,355.523,3059,1766,16800,0
1355,4.94088,222,0,7,0,92.84,7163,8132,7,545,37,7,69.903,3066,1773,16807,0
1491,5.43774,147,0,13,0,89.823,6880,8191,13,1526,27,13,316.387,3079,1786,16820,0
1260,4.59548,209,0,22,0,78.707,2750,8191,22,557,32,22,24.5802,3101,1808,16842,0
1123,4.09583,792,0,43,0,82.483,3014,8191,43,2301,12,41,10.6668,3144,1849,16885,0
472,1.72153,20,0,822,0,37.972,109,8191,21,2209.49,42,0,6.0265,3165,1849,17707,0
489,1.78346,42,0,0,0,29.895,147,8184,0,2152.42,50,0,7.04429,3165,1849,17707,0
505,1.84182,40,0,0,0,53.767,403,8182,0,1948.58,47,0,8.99597,3165,1849,17707,0
597,2.17738,32,0,0,0,36.345,1822,8181,0,1718.53,51,0,7.77024,3165,1849,17707,0
631,2.30125,52,0,0,0,40.442,132,8169,0,1626.3,49,0,8.63482,3165,1849,17707,0
716,2.61127,60,0,0,0,49.1,131,8191,0,1360.74,57,0,10.3457,3165,1849,17707,0
847,3.08914,48,0,0,0,44.403,126,8172,0,1169.74,57,0,9.25133,3165,1849,17707,0
915,3.33715,60,0,0,0,64,155,8189,0,1028.92,56,0,7.40179,3165,1849,17707,0
1024,3.73498,129,0,0,0,101.832,10601,8164,0,955.207,44,0,7.91251,3165,1849,17707,0
1201,4.38064,116,0,2,0,166.121,8710,8166,2,436.428,35,2,115.518,3167,1851,17709,0
1266,4.61775,322,0,7,0,183.579,16332,8191,7,622,22,6,405.435,3174,1857,17716,0
1299,4.73798,231,0,5,0,115.368,3570,8187,5,424,40,5,181.605,3179,1862,17721,0
1791,6.53243,246,0,11,0,86.799,3575,8133,11,1007,35,11,305.925,3190,1873,17732,0
1256,4.58072,40,0,22,0,83.569,3979,8096,22,3415,27,22,28.2611,3212,1895,17754,0
656,2.39241,133,0,1,0,59.455,555,8172,1,300,57,1,83.9368,3213,1896,17755,0
1245,4.54082,236,0,25,0,84.022,2336,8164,25,1239,24,25,9.53222,3238,1921,17780,0
790,2.88142,41,0,412,0,75.122,530,8185,39,2215.64,21,18,7.19021,3277,1939,18192,0
486,1.77251,22,0,0,0,41.798,91,8190,0,2162.46,58,0,8.01101,3277,1939,18192,0
507,1.84902,20,0,0,0,35.721,177,8191,0,1987.14,47,0,8.00371,3277,1939,18192,0
918,3.34806,138,0,2,0,50.039,1574,8180,2,351,49,2,52.4291,3279,1941,18194,0
1221,4.4534,140,0,8,0,82.276,2319,8166,7,702,27,8,8.1168,3286,1949,18202,0
1074,3.91718,753,0,32,0,91.223,1231,8148,33,3258,7,32,7.40179,3319,1981,18234,0
288,1.05035,7,0,847,0,52.457,263,8183,47,3587.1,24,1,7.23398,3366,1982,19081,0
301,1.09779,37,0,0,0,83.666,2364,8189,0,3489.46,40,0,7.5769,3366,1982,19081,0
311,1.13435,48,0,0,0,57.132,1082,8191,0,3400.47,35,0,7.72646,3366,1982,19081,0
323,1.17817,21,0,0,0,61.842,5342,8183,0,3024.1,36,0,9.88973,3366,1982,19081,0
962,3.50865,375,0,10,0,75.822,1488,8097,10,351,32,10,87.5374,3376,1992,19091,0
1126,4.10644,1488,0,13,0,75.822,1488,8097,13,805,0,13,87.5374,3389,2005,19104,0
826,3.0126,187,0,1496,0,74.766,3101,8140,24,1402,23,8,12.7935,3413,2013,20600,0
731,2.66608,27,0,2,0,39.425,257,8182,2,1336.34,53,2,7.86509,3415,2015,20602,0
802,2.92507,49,0,0,0,37.68,673,8189,0,1314.21,55,0,7.63162,3415,2015,20602,0
820,2.9907,32,0,0,0,34.008,186,8191,0,1290.3,59,0,7.13184,3415,2015,20602,0
828,3.01984,54,0,0,0,32.6,77,8178,0,1269.66,57,0,7.71187,3415,2015,20602,0
846,3.08527,47,0,0,0,37.222,159,8187,0,1249.67,59,0,5.43187,3415,2015,20602,0
859,3.13275,68,0,0,0,60.03,2987,8191,0,1186.5,52,0,9.13459,3415,2015,20602,0
1068,3.89501,124,0,1,0,42.051,553,8184,1,284,57,1,242.249,3416,2016,20603,0
1362,4.96721,215,0,10,0,92.282,2598,8191,10,495,31,10,395.447,3426,2026,20613,0
1354,4.93817,173,0,29,0,82.154,295,8138,29,2562,31,29,14.2783,3455,2055,20642,0
431,1.57201,52,0,13,0,74.388,660,8189,13,3606.56,29,12,6.05933,3468,2067,20655,0
299,1.09063,18,0,0,0,72.112,1186,8180,0,3526.43,38,0,5.76019,3468,2067,20655,0
314,1.14534,19,0,0,0,61.299,287,8191,0,3080.03,34,0,13.9208,3468,2067,20655,0
888,3.23883,172,0,2,0,65.931,2727,8186,2,418,46,2,20.5893,3470,2069,20657,0
1317,4.80278,156,0,7,0,79.235,1864,8182,7,787,32,7,207.823,3477,2076,20664,0
1252,4.56621,510,0,21,0,84.267,2818,8191,21,1911,18,21,64.9599,3498,2097,20685,0
394,1.43691,19,0,732,0,51.422,1108,8180,20,2385.54,19,7,12.1369,3518,2104,21417,0
563,2.0534,15,0,0,0,35.477,116,8168,0,1694.36,52,0,8.51078,3518,2104,21417,0
693,2.52736,34,0,0,0,40.757,766,8184,0,1408.07,54,0,7.91616,3518,2104,21417,0
815,2.97243,34,0,0,0,40.195,2265,8179,0,1213.31,51,0,7.72646,3518,2104,21417,0
935,3.41005,63,0,0,0,38.184,116,8160,0,1055.75,58,0,7.19386,3518,2104,21417,0
1076,3.92451,37,0,0,0,44.25,1130,8168,0,939.68,59,0,8.16422,3518,2104,21417,0
1185,4.32129,202,0,1,0,66.08,712,8191,1,955,56,1,7.5769,3519,2105,21418,0
924,3.36993,35,0,2,0,39.336,708,8191,2,1193.48,54,2,7.50758,3521,2107,21420,0
897,3.27135,26,0,0,0,38.221,93,8173,0,1176.21,58,0,6.87648,3521,2107,21420,0
812,2.96162,139,0,0,0,49.466,5006,8190,0,1162.67,42,0,6.38765,3521,2107,21420,0
1275,4.6507,386,0,0,0,70.192,7812,8183,0,363.031,40,0,320.046,3521,2107,21420,0
1181,4.3077,105,0,1,0,133.942,13862,8191,1,168.124,50,1,366.256,3522,2108,21421,0
1331,4.85478,136,0,5,0,145.395,9070,8191,5,284.55,27,5,361.265,3527,2113,21426,0
1333,4.86176,312,0,14,0,94.338,3984,8191,14,685.587,20,14,54.7091,3541,2127,21440,0
1369,4.99293,120,0,5,0,82.244,1506,8180,5,1062.6,42,5,6.59558,3546,2132,21445,0
1426,5.2007,167,0,7,0,93.663,3247,8188,7,1848.09,34,7,10.9294,3553,2139,21452,0
814,2.96866,29,0,5,0,37.594,193,8190,5,2420.31,44,5,8.15328,3558,2144,21457,0
491,1.79071,72,0,0,0,65.124,2633,8182,0,1861.95,44,0,106.179,3558,2144,21457,0
1328,4.84298,338,0,6,0,96.029,8427,8115,6,364,45,6,44.3998,3564,2150,21463,0
1303,4.75256,827,0,35,0,100.949,4548,8191,35,1897,17,35,9.82406,3599,2185,21498,0
573,2.08979,14,0,1294,0,85.803,2140,8181,72,3309.87,9,24,7.59878,3671,2209,22792,0
328,1.19634,21,0,0,0,36.15,61,8176,0,3192.58,46,0,7.71552,3671,2209,22792,0
340,1.23998,26,0,0,0,35.18,54,8187,0,3071.94,52,0,6.37306,3671,2209,22792,0
354,1.29104,24,0,0,0,51.94,576,8183,0,2900.85,49,0,8.50714,3671,2209,22792,0
398,1.45165,59,0,0,0,60.692,1515,8181,0,2498.58,36,0,6.90931,3671,2209,22792,0
491,1.79096,56,0,0,0,55.893,1996,8179,0,1837.47,40,0,9.72922,3671,2209,22792,0
637,2.32345,48,0,0,0,68.497,5784,8162,0,810.224,39,0,148.08,3671,2209,22792,0
1541,5.6204,252,0,6,0,78.983,4298,8111,6,358,33,6,235.387,3677,2215,22798,0
1685,6.1452,231,0,11,0,71.706,7099,8181,11,795,28,11,264.713,3688,2226,22809,0
1286,4.69026,1257,0,16,0,81.217,4661,8191,16,2045,6,16,284.263,3704,2242,22825,0
1079,3.93526,62,0,1394,0,68.686,2075,8086,32,932.385,26,5,15.4785,3736,2247,24219,0
1165,4.24906,67,0,0,0,53.156,647,8191,0,904.798,60,0,8.3065,3736,2247,24219,0
1226,4.47148,69,0,0,0,42.908,1131,8171,0,855.784,64,0,5.15827,3736,2247,24219,0
1173,4.27805,72,0,1,0,46.676,3665,8164,1,835.794,61,1,219.434,3737,2248,24220,0
1190,4.34009,322,0,12,0,83.833,2855,8191,12,833,19,12,40.0769,3749,2260,24232,0
1138,4.15015,18,0,17,0,91.695,2122,8191,17,2182.31,23,17,36.086,3766,2277,24249,0
541,1.97306,22,0,0,0,34.672,564,8191,0,1897.79,48,0,7.2121,3766,2277,24249,0
565,2.0607,22,0,0,0,39.676,525,8181,0,1859.67,47,0,8.16787,3766,2277,24249,0
601,2.19192,38,0,0,0,50.852,342,8188,0,1641.69,54,0,8.37581,3766,2277,24249,0
787,2.87048,214,0,0,0,124.698,13558,8188,0,559.243,38,0,234.191,3766,2277,24249,0
1384,5.04822,177,0,6,0,168.382,25512,8123,6,351.43,33,4,520.741,3772,2281,24255,0
1323,4.82565,159,0,2,0,155.531,23169,8191,2,390.625,28,2,446.191,3774,2283,24257,0
1411,5.14646,369,0,5,0,92.2,8362,8191,5,596,33,5,403.33,3779,2288,24262,0
1495,5.45145,204,0,5,0,75.493,2007,8182,5,783,46,5,14.4023,3784,2293,24267,0
1306,4.76332,161,0,15,0,85.867,2422,8188,15,2248,27,15,48.8978,3799,2308,24282,0
611,2.22844,13,0,17,0,47.863,141,8188,17,4501.35,42,17,7.24128,3816,2325,24299,0
251,0.915444,29,0,0,0,28.899,35,8183,0,3689.28,49,0,9.9335,3816,2325,24299,0
435,1.58633,26,0,0,0,40.552,190,8182,0,1900.94,52,0,9.8423,3816,2325,24299,0
606,2.21022,37,0,0,0,57.842,1913,8174,0,1607.57,52,0,8.91206,3816,2325,24299,0
725,2.64427,24,0,0,0,41.956,1561,8164,0,1364.15,55,0,10.4953,3816,2325,24299,0
1364,4.97466,255,0,5,0,86.097,1498,8188,5,826,41,5,10.6084,3821,2330,24304,0
873,3.18381,37,0,7,0,58.945,154,8158,7,1591.18,39,7,7.24858,3828,2337,24311,0
676,2.46539,57,0,0,0,40.404,90,8191,0,1562.1,52,0,7.22669,3828,2337,24311,0
691,2.52041,41,0,0,0,36.047,86,8191,0,1530.54,58,0,8.05114,3828,2337,24311,0
683,2.49134,66,0,0,0,70.566,3566,8168,0,1508.38,45,0,8.14963,3828,2337,24311,0
913,3.33021,119,0,0,0,74.592,5431,8172,0,294.155,44,0,482.492,3828,2337,24311,0
2031,7.40824,137,0,2,0,125.014,17166,8169,2,295.455,35,2,566.454,3830,2339,24313,0
1760,6.41975,187,0,2,0,87.095,8584,8175,2,203,48,2,358.117,3832,2341,24315,0
1507,5.49673,104,0,11,0,79.628,2453,8126,11,483,27,11,76.6445,3843,2352,24326,0
1329,4.84704,121,0,4,0,86.705,3549,8172,4,748.832,41,4,7.3799,3847,2356,24330,0
1409,5.13858,214,0,11,0,76.682,3169,8190,11,1913.6,31,11,6.12134,3858,2367,24341,0
782,2.85213,21,0,9,0,52.772,279,8187,9,4271.95,36,9,5.6471,3867,2376,24350,0
255,0.929989,17,0,0,0,60.833,53,8189,0,4083.55,50,0,5.90976,3867,2376,24350,0
267,0.973772,21,0,0,0,39.323,37,8190,0,3702.54,51,0,8.44147,3867,2376,24350,0
475,1.7323,25,0,0,0,40.18,79,8191,0,915.679,52,0,18.9842,3867,2376,24350,0
1354,4.93861,112,0,2,0,93.103,3044,8079,2,823.796,49,2,6.00096,3869,2378,24352,0
776,2.8302,38,0,382,0,66.547,2538,8185,50,1663.81,22,7,6.40589,3919,2385,24734,0
651,2.3744,40,0,0,0,36.105,167,8178,0,1631.25,59,0,6.73421,3919,2385,24734,0
640,2.33422,35,0,0,0,48.706,110,8191,0,1603,54,0,8.13869,3919,2385,24734,0
654,2.38536,86,0,0,0,58.733,1074,8181,0,1569.05,43,0,8.06208,3919,2385,24734,0
704,2.56787,83,0,0,0,66.616,6380,8171,0,1450.27,36,0,9.48115,3919,2385,24734,0
1061,3.86975,227,0,1,0,83.367,4205,8126,1,355,33,1,201.68,3920,2386,24735,0
1212,4.41981,177,0,8,0,100.23,6437,8191,8,665,31,8,82.3828,3928,2394,24743,0
1382,5.04019,1340,0,8,0,96.178,7774,8191,8,1347,4,8,51.4842,3936,2402,24751,0
848,3.0929,39,0,2052,0,76.099,5946,8189,34,2092.21,9,5,19.6518,3970,2407,26803,0
562,2.04971,29,0,0,0,52.7,294,8185,0,1703.97,52,0,8.63482,3970,2407,26803,0
690,2.51665,27,0,0,0,54.424,2307,8164,0,1426.81,56,0,7.1063,3970,2407,26803,0
811,2.95778,64,0,0,0,38.008,1932,8183,0,1213.79,59,0,6.50803,3970,2407,26803,0
950,3.46466,52,0,0,0,33.674,106,8155,0,1052.78,57,0,6.96768,3970,2407,26803,0
1062,3.87329,34,0,0,0,36.469,102,8177,0,919.233,60,0,8.80627,3970,2407,26803,0
1071,3.90605,44,0,0,0,77.74,1314,8175,0,825.857,64,0,8.18976,3970,2407,26803,0
1348,4.91567,79,0,0,0,61.04,1288,8172,0,756.508,66,0,7.12819,3970,2407,26803,0
1194,4.35466,71,0,2,0,39.704,225,8185,2,940.13,55,2,7.80307,3972,2409,26805,0
1191,4.34218,49,0,0,0,39.482,1316,8164,0,829.474,66,0,8.51808,3972,2409,26805,0
1008,3.67647,101,0,5,0,102.861,2301,8191,5,1120.25,36,4,6.46061,3977,2413,26810,0
917,3.34476,117,0,2,0,72.087,10472,8181,2,809.719,33,2,409.043,3979,2415,26812,0
1562,5.69735,185,0,4,0,118.583,20194,8146,4,209.221,38,3,345.852,3983,2418,26816,0
1912,6.97426,191,0,1,0,70.785,6783,8163,1,186.766,52,1,530.23,3984,2419,26817,0
2036,7.42573,168,0,2,0,85.075,7850,8173,2,125,61,2,547.798,3986,2421,26819,0
1939,7.07177,125,0,7,0,77.763,11368,8172,7,183.21,39,7,648.144,3993,2428,26826,0
1528,5.57276,259,0,8,0,92.464,830,8184,8,312,44,8,9.51034,4001,2436,26834,0
1448,5.28104,260,0,18,0,75.603,1642,8191,18,906,34,18,7.79213,4019,2454,26852,0
1365,4.97843,306,0,34,0,90.092,501,8191,33,2939,28,33,7.74835,4052,2487,26886,0
561,2.04599,12,0,3,0,50.869,168,8187,4,3584.94,46,3,8.05843,4056,2490,26889,0
321,1.17069,22,0,0,0,35.274,48,8189,0,2495.35,51,0,17.1274,4056,2490,26889,0
922,3.36255,58,0,1,0,48.696,291,8158,1,923.687,52,1,8.2153,4057,2491,26890,0
1154,4.20877,74,0,0,0,44.512,1034,8188,0,913.811,62,0,5.77478,4057,2491,26890,0
1176,4.28901,59,0,0,0,48.142,218,8184,0,903.899,62,0,6.64666,4057,2491,26890,0
1092,3.98253,102,0,0,0,73.314,1729,8153,0,894.2,61,0,7.58419,4057,2491,26890,0
1075,3.92085,539,0,3,0,75.706,2244,8189,3,1003,27,3,185.198,4060,2494,26893,0
1238,4.51552,127,0,0,0,118.014,14370,8191,0,177.085,45,0,495.169,4060,2494,26893,0
1181,4.30771,138,0,4,0,174.417,12667,8191,4,231.091,27,4,415.668,4064,2498,26897,0
1495,5.4525,155,0,4,0,76.031,5629,8176,3,306,45,4,239.25,4067,2502,26901,0
1504,5.48477,126,0,5,0,80.409,4960,8191,6,477.251,40,5,19.6372,4073,2507,26906,0
1501,5.47416,108,0,4,0,74.955,4888,8164,4,665.506,49,4,119.844,4077,2511,26910,0
1435,5.23343,272,0,10,0,82.956,3762,8191,10,1289,28,10,29.0673,4087,2521,26920,0
1474,5.37545,141,0,7,0,78.47,4272,8169,7,1179,39,7,190.229,4094,2528,26927,0
1416,5.16427,1103,0,8,0,76.859,3299,8191,8,1380,10,8,340.337,4102,2536,26935,0
1358,4.95263,2456,0,5,0,76.859,3299,8191,5,2490,0,5,340.337,4107,2541,26940,0
1016,3.70543,161,0,2554,0,82.337,982,8161,26,637,30,4,14.2199,4133,2545,29494,0
1310,4.77772,110,0,8,0,84.501,237,8185,8,1403,31,8,7.33978,4141,2553,29502,0
696,2.53832,29,0,1,0,51.332,358,8172,1,1552.28,54,1,7.40909,4142,2554,29503,0
694,2.53099,84,0,0,0,59.894,148,8186,0,1474.03,50,0,8.36122,4142,2554,29503,0
779,2.84116,70,0,0,0,40.021,614,8170,0,1271.6,57,0,9.15283,4142,2554,29503,0
872,3.18054,116,0,0,0,67.452,5507,8163,0,1137.12,45,0,6.42048,4142,2554,29503,0
1058,3.85911,148,0,2,0,109.321,13000,8185,2,258.711,35,2,551.873,4144,2556,29505,0
1658,6.04754,176,0,26,0,129.302,16659,8156,26,410.627,31,7,489.244,4170,2563,29531,0
1955,7.13086,110,0,2,0,71.865,11027,8191,2,183.312,53,2,511.118,4172,2565,29533,0
1753,6.39399,126,0,4,0,73.484,6282,8076,4,175,54,4,226.782,4176,2569,29537,0
1465,5.3434,132,0,23,0,78.563,3149,8066,23,558.124,35,23,9.92621,4199,2592,29560,0
1549,5.64931,231,0,21,0,70.806,1770,8184,21,2025.83,38,20,7.89792,4220,2612,29581,0
976,3.5595,18,0,7,0,58.048,285,8182,7,4305.36,39,7,5.98637,4227,2619,29588,0
254,0.926372,16,0,0,0,35.494,49,8186,0,4103.94,48,0,5.52672,4227,2619,29588,0
425,1.55003,76,0,0,0,38.27,77,8175,0,411.155,53,0,153.125,4227,2619,29588,0
1243,4.53311,127,0,4,0,82.232,2205,8191,4,226.99,46,4,14.6358,4231,2623,29592,0
1356,4.94559,214,0,13,0,83.475,1894,8133,13,661,36,13,6.78893,4244,2636,29605,0
1105,4.03026,469,0,45,0,88.711,644,8191,45,3858,23,44,17.5323,4289,2680,29650,0
304,1.10879,30,0,529,0,43.254,67,8184,24,2992.21,33,0,9.76205,4313,2680,30179,0
414,1.50994,16,0,0,0,34.427,115,8186,0,2261.41,54,0,10.156,4313,2680,30179,0
502,1.831,77,0,0,0,83.144,149,8169,0,1933.48,36,0,8.99597,4313,2680,30179,0
877,3.19888,158,0,0,0,83.602,6755,8168,0,221.867,43,0,383.704,4313,2680,30179,0
1318,4.80365,104,0,5,0,130.495,9852,8179,5,251.167,38,3,490.652,4318,2683,30184,0
1464,5.34006,303,0,8,0,97.998,9476,8147,8,504,33,8,421.592,4326,2691,30192,0
1378,5.02613,222,0,39,0,76.595,2835,8159,39,3094,35,38,216.075,4365,2729,30231,0
751,2.73901,39,0,9,0,29.666,718,8171,9,1149.03,46,9,9.16378,4374,2738,30240,0
1001,3.65079,44,0,0,0,33.22,429,8156,0,994.73,58,0,7.98547,4374,2738,30240,0
1135,4.13968,100,0,0,0,44.598,828,8191,0,883.941,62,0,7.5769,4374,2738,30240,0
1272,4.639,129,0,1,0,59.586,1818,8170,1,900,60,1,7.49664,4375,2739,30241,0
1100,4.01186,125,0,2,0,36.99,135,8188,2,938.555,49,2,8.84275,4377,2741,30243,0
1212,4.4205,86,0,0,0,36.43,118,8179,0,833.009,61,0,9.14189,4377,2741,30243,0


