SendPacket,SendRate(Mb/s),FlightSize,ReceiveRate(Mb/s),Send Loss,Recv Loss,RTT(ms),CWnd,FlowWindow,Retrans,PktSndPeriod(us),RecvACK,RecvNAK,EstimatedBandwidth(Mb/s),Retrans_Total,NAK_TotalRecv,Total Send Loss,Total Recv Loss,Timeout,usSndDuration
1012,3.40162,142,0,4,0,67.112,232,8189,4,0,230,4,4.87738,4,4,4,0,0,-1380328332289028
1335,4.86861,155,0,12,0,88.475,481,8142,12,0,249,12,8.208,16,16,16,0,0,2804519034
1215,4.43114,482,0,42,0,85.594,510,8188,42,0,29,42,7.27776,58,58,58,0,0,2203929378
36,0.131292,510,0,8,0,85.594,510,8188,8,0,0,8,7.27776,66,66,66,0,0,0
882,3.21669,176,0,515,0,103.441,216,8189,110,0,214,5,6.48614,176,71,581,0,1,6151162752
1274,4.6464,173,0,34,0,96.127,255,8141,34,0,102,34,104.792,210,105,615,0,1,2805260906
86,0.313649,255,0,4,0,96.127,255,8141,4,0,0,3,104.792,214,108,619,0,1,0
869,3.16956,126,0,260,0,99.522,127,8191,109,0,250,5,7.87238,323,113,879,0,2,5596773518
1101,4.01546,130,0,10,0,95.217,130,8189,10,0,328,10,7.03699,333,123,889,0,2,2731129002
1155,4.21243,133,0,7,0,93.18,133,8189,7,0,393,7,20.914,340,130,896,0,2,2834922538
1150,4.19434,132,0,3,0,118.33,136,8189,3,0,338,3,6.38765,343,133,899,0,2,2765250810
1043,3.80405,138,0,6,0,98.053,138,8190,6,0,391,6,6.34387,349,139,905,0,2,2785596716
1160,4.23062,126,0,6,0,113.992,141,8191,6,0,339,6,8.56915,355,145,911,0,2,2847320742
292,1.06494,142,0,5,0,99.65,142,8191,5,0,118,5,8.48525,360,150,916,0,2,816273452
604,2.20302,72,0,144,0,58.009,72,8140,107,0,184,2,9.1127,467,152,1060,0,3,4745468118
908,3.3117,78,0,2,0,51.785,78,8189,2,0,421,2,8.71507,469,154,1062,0,3,2833684070
1027,3.74557,83,0,3,0,68.249,83,8189,3,0,438,3,9.11635,472,157,1065,0,3,2694518358
1087,3.96431,88,0,4,0,57.399,88,8191,4,0,390,4,5.18746,476,161,1069,0,3,2878344140
1089,3.97169,93,0,3,0,77.086,93,8189,3,0,463,3,7.54042,479,164,1072,0,3,2638978314
854,3.11459,96,0,2,0,69.675,96,8189,2,0,294,2,7.29965,481,166,1074,0,3,2953917218
1047,3.81868,100,0,3,0,69.351,100,8189,3,0,386,3,4.57459,484,169,1077,0,3,2809203012
989,3.60705,86,0,2,0,93.355,104,8189,2,0,411,2,7.27776,486,171,1079,0,3,2748120302
1022,3.72746,107,0,5,0,47.622,107,8187,5,0,312,5,7.46381,491,176,1084,0,3,2830998278
1162,4.23835,109,0,5,0,63.446,110,8189,5,0,378,5,5.53402,496,181,1089,0,3,2782334940
1085,3.95745,114,0,2,0,101.466,114,8189,2,0,440,2,10.1889,498,183,1091,0,3,2811141872
1019,3.71667,113,0,5,0,71.269,117,8189,5,0,343,5,7.89792,503,188,1096,0,3,2779507626
1111,4.05216,113,0,3,0,78.423,120,8189,3,0,399,3,7.9271,506,191,1099,0,3,2813393100
963,3.51215,101,0,4,0,85.757,123,8189,4,0,260,4,7.49299,510,195,1103,0,3,2716945252
1122,4.09234,117,0,3,0,82.61,126,8189,3,0,436,3,7.47475,513,198,1106,0,3,2859493919
1005,3.66548,109,0,5,0,94.926,129,8191,5,0,324,5,6.69043,518,203,1111,0,3,2802645417
1011,3.68715,126,0,5,0,94.347,131,8189,5,0,373,5,7.67174,523,208,1116,0,3,2746274650
1093,3.98605,134,0,4,0,137.354,134,8191,4,0,352,4,6.13594,527,212,1120,0,3,2790549496
1058,3.85875,120,0,5,0,93.06,136,8190,5,0,284,5,7.6535,532,217,1125,0,3,2849536116
721,2.62958,138,0,3,0,112.643,138,8189,3,0,231,3,7.5696,535,220,1128,0,3,1634405892
302,1.1015,69,0,138,0,43.226,69,8187,105,0,67,0,6.24173,640,220,1266,0,4,3954388522
869,3.16928,75,0,0,0,65.74,75,8189,0,0,437,0,6.384,640,220,1266,0,4,2774730784
1003,3.65795,81,0,0,0,72.643,81,8189,0,0,506,0,7.11725,640,220,1266,0,4,2768024952
1035,3.77483,82,0,0,0,76.057,87,8189,0,0,521,0,7.48934,640,220,1266,0,4,2831798802
1055,3.84767,93,0,3,0,59.297,93,8190,3,0,480,3,6.92755,643,223,1269,0,4,2601811674
1147,4.18342,94,0,2,0,66.999,98,8187,2,0,489,2,9.78029,645,225,1271,0,4,2995575940
1088,3.96789,102,0,0,0,90.041,103,8189,0,0,548,0,9.1127,645,225,1271,0,4,2692702348
1011,3.68717,106,0,4,0,99.224,106,8189,4,0,360,4,7.05888,649,229,1275,0,4,2888684428
1110,4.0484,108,0,3,0,87.673,111,8189,3,0,457,3,5.51213,652,232,1278,0,4,2775274936
1198,4.36907,110,0,2,0,79.517,115,8189,2,0,490,2,6.13594,654,234,1280,0,4,2799096584
1046,3.8148,118,0,4,0,89.251,118,8189,4,0,354,4,6.06662,658,238,1284,0,4,2719725004
1215,4.43115,119,0,1,0,95.588,123,8187,1,0,551,1,8.41229,659,239,1285,0,4,2824442810
1049,3.82571,125,0,4,0,101.901,125,8189,4,0,348,4,8.45242,663,243,1289,0,4,2692475828
1030,3.75639,128,0,5,0,81.248,128,8190,5,0,392,5,8.18246,668,248,1294,0,4,2777707674
1176,4.28904,120,0,5,0,109.327,131,8078,5,0,367,5,11.2358,673,253,1299,0,4,2905649852
1054,3.84397,134,0,2,0,100.459,134,8191,2,0,387,2,7.0151,675,255,1301,0,4,2802975672
1157,4.21985,101,0,3,0,110.066,138,8189,3,0,468,3,8.79533,678,258,1304,0,4,2837821126
1066,3.88799,141,0,2,0,118.265,141,8190,2,0,457,2,35.0792,680,260,1306,0,4,2640048796
1192,4.34764,143,0,5,0,98.755,143,8190,5,0,348,5,9.43373,685,265,1311,0,4,2832016012
1120,4.08495,146,0,3,0,89.072,146,8189,3,0,321,3,6.30374,688,268,1314,0,4,2859850896
1044,3.80759,148,0,3,0,94.091,148,8189,3,0,386,3,7.49664,691,271,1317,0,4,2787063218
1100,4.01158,148,0,4,0,95.072,150,8189,4,0,267,4,7.29965,695,275,1321,0,4,2840871710
1140,4.15761,150,0,2,0,129.627,153,8189,2,0,437,2,6.30374,697,277,1323,0,4,2766396808
1188,4.33267,155,0,5,0,102.467,155,8189,5,0,312,5,9.59789,702,282,1328,0,4,2831574480
1138,4.15049,125,0,4,0,114.878,157,8191,4,0,356,4,5.5632,706,286,1332,0,4,2806097020
1099,4.0081,147,0,3,0,93.62,160,8191,3,0,394,3,12.3594,709,289,1335,0,4,2764636386
1239,4.51857,149,0,5,0,82.444,162,8191,5,0,410,5,7.53677,714,294,1340,0,4,2796073462
1063,3.87697,164,0,5,0,90.961,164,8191,5,0,345,5,5.87693,719,299,1345,0,4,2753376640
1129,4.1175,164,0,7,0,127.429,166,8189,7,0,250,7,7.42368,726,306,1352,0,4,2805817602
1138,4.15032,167,0,4,0,105.409,168,8191,4,0,409,4,6.85459,730,310,1356,0,4,2810872358
1125,4.10299,167,0,3,0,142.265,171,8189,3,0,415,3,7.04429,733,313,1359,0,4,2771456466
213,0.776856,171,0,4,0,135.976,171,8119,4,0,68,4,7.38355,737,317,1363,0,4,635546504
711,2.59316,86,0,172,0,74.067,86,8105,106,0,221,1,7.55136,843,318,1535,0,5,4969160196
1028,3.74936,88,0,2,0,70.26,91,8189,2,0,432,2,9.44102,845,320,1537,0,5,2850171172
1077,3.92822,96,0,1,0,76.465,96,8187,1,0,495,1,9.60518,846,321,1538,0,5,2657216756
1163,4.24148,100,0,1,0,82.662,102,8189,1,0,539,1,18.2838,847,322,1539,0,5,2860231612
940,3.42821,105,0,3,0,85.731,105,8190,3,0,370,3,7.36166,850,325,1542,0,5,2714746496
1132,4.12843,107,0,2,0,82.216,109,8189,2,0,414,2,13.0744,852,327,1544,0,5,2908515568
1157,4.21954,113,0,3,0,101.216,113,8189,3,0,474,3,8.4743,855,330,1547,0,5,2827135612
1064,3.88035,117,0,2,0,108.224,117,8189,2,0,432,2,9.33523,857,332,1549,0,5,2625346164
962,3.50859,120,0,3,0,78.264,120,8190,3,0,371,3,8.19706,860,335,1552,0,5,2893703526
1145,4.17607,112,0,4,0,89.482,123,8189,4,0,344,4,8.51078,864,339,1556,0,5,2846915218
986,3.59608,124,0,3,0,73.204,126,8187,3,0,368,3,7.16102,867,342,1559,0,5,2768969042
1171,4.27099,117,0,5,0,77.463,129,8189,5,0,362,5,11.2796,872,347,1564,0,5,2836463140
1098,4.00478,131,0,5,0,107.248,131,8189,5,0,306,5,22.3768,877,352,1569,0,5,2785262214
1049,3.82578,133,0,6,0,82.845,133,8153,6,0,287,6,8.41229,883,358,1575,0,5,2685165784
1114,4.06278,136,0,3,0,110.13,136,8191,3,0,374,3,7.91981,886,361,1578,0,5,2887515498
1109,4.04462,119,0,3,0,107.278,139,8068,3,0,381,3,6.8473,889,364,1581,0,5,2728134276
1146,4.17972,139,0,4,0,118.418,141,8189,4,0,375,4,8.20435,893,368,1585,0,5,2832424042
1163,4.24174,144,0,9,0,79.212,144,8189,9,0,372,9,8.68954,902,377,1594,0,5,2788582992
1195,4.35843,145,0,4,0,104.009,147,8189,4,0,386,4,9.75475,906,381,1598,0,5,2807798540
1136,4.143,147,0,4,0,88.724,149,8189,4,0,356,4,7.96723,910,385,1602,0,5,2799684118
1054,3.84396,139,0,7,0,79.997,151,8189,7,0,301,7,10.1414,917,392,1609,0,5,2776336248
398,1.45158,152,0,4,0,96.544,152,8190,4,0,120,4,8.94125,921,396,1613,0,5,1010823520
465,1.69593,76,0,152,0,52.109,76,8189,105,0,146,0,7.05158,1026,396,1765,0,6,4591378146
983,3.58523,82,0,3,0,64.981,82,8190,3,0,418,3,6.12864,1029,399,1768,0,6,2800210058
998,3.63987,86,0,3,0,64.022,86,8189,3,0,382,3,7.77754,1032,402,1771,0,6,2834308036
1005,3.6656,88,0,3,0,59.797,90,8187,3,0,378,3,8.94854,1035,405,1774,0,6,2759038044
851,3.10367,94,0,3,0,74.568,94,8187,3,0,336,3,13.5924,1038,408,1777,0,6,2687745970
1067,3.89135,98,0,3,0,65.515,98,8185,3,0,400,3,7.3945,1041,411,1780,0,6,2738536346
1024,3.73458,102,0,3,0,73.514,102,8189,3,0,373,3,10.2618,1044,414,1783,0,6,2925971832
1133,4.13225,106,0,1,0,83.383,106,8189,1,0,473,1,10.3421,1045,415,1784,0,6,2862060614
860,3.13642,109,0,5,0,82.18,109,8189,5,0,276,5,9.27322,1050,420,1789,0,6,2627798418
1119,4.08131,111,0,3,0,68.243,112,8189,3,0,352,3,7.86509,1053,423,1792,0,6,2931708643
1119,4.08105,103,0,3,0,92.19,116,8075,3,0,404,3,8.47066,1056,426,1795,0,6,2753594911
962,3.50864,118,0,4,0,85.378,118,8190,4,0,311,4,8.42323,1060,430,1799,0,6,2647722392
1107,4.03725,112,0,4,0,79.244,121,8189,4,0,337,4,6.34022,1064,434,1803,0,6,2950903088
997,3.63629,124,0,3,0,76.083,124,8189,3,0,340,3,6.9239,1067,437,1806,0,6,2842657048
1064,3.88058,112,0,6,0,92.578,127,8189,6,0,356,6,8.92666,1073,443,1812,0,6,2752329790
1146,4.17948,127,0,2,0,104.792,130,8185,2,0,451,2,9.25862,1075,445,1814,0,6,2847331256
1093,3.98619,123,0,7,0,99.022,133,8189,7,0,302,7,7.67539,1082,452,1821,0,6,2771104630
1000,3.64711,100,0,3,0,99.106,135,8189,3,0,326,3,8.07667,1085,455,1824,0,6,2795473142
1020,3.71993,138,0,6,0,97.888,138,8189,6,0,360,6,7.95629,1091,461,1830,0,6,2776846506
1150,4.19417,126,0,3,0,113.266,141,8189,3,0,408,3,8.87558,1094,464,1833,0,6,2826427590
1051,3.8331,144,0,2,0,115.966,144,8187,2,0,461,2,6.08851,1096,466,1835,0,6,2768202990
1033,3.76743,103,0,3,0,105.683,146,8045,3,0,400,3,5.89882,1099,469,1838,0,6,2756763268
1060,3.8661,114,0,3,0,97.613,149,8191,3,0,328,3,7.296,1102,472,1841,0,6,2839319440
1153,4.20521,149,0,4,0,100.153,151,8191,4,0,413,4,8.10586,1106,476,1845,0,6,2809079638
1071,3.90593,148,0,8,0,107.543,154,8189,8,0,313,8,8.45606,1114,484,1853,0,6,2767755452
1090,3.97563,152,0,3,0,102.801,156,8189,3,0,355,3,7.33978,1117,487,1856,0,6,2826529860
1094,3.9901,157,0,9,0,84.414,158,8189,9,0,294,9,6.09216,1126,496,1865,0,6,2785573042
1067,3.89152,148,0,3,0,139.882,160,8189,3,0,393,3,8.24448,1129,499,1868,0,6,2803906215
1180,4.3039,153,0,9,0,90.138,162,8079,9,0,318,9,8.51443,1138,508,1877,0,6,2713771993
1106,4.03387,162,0,6,0,97.661,164,8189,6,0,301,6,7.31424,1144,514,1883,0,6,2877903896
1187,4.32953,151,0,5,0,84.795,166,8191,5,0,407,5,8.3831,1149,519,1888,0,6,2790952900
1138,4.15076,148,0,7,0,99.093,168,8191,7,0,329,7,8.19341,1156,526,1895,0,6,2797758256
1133,4.13224,87,0,4,0,89.53,171,8189,4,0,381,4,8.45242,1160,530,1899,0,6,2739195368
1212,4.42023,148,0,5,0,94.404,172,8191,5,0,272,5,8.3065,1165,535,1904,0,6,2814993580
1065,3.88408,155,0,6,0,112.59,174,8189,6,0,362,6,8.2919,1171,541,1910,0,6,2795668638
1246,4.5444,139,0,6,0,97.03,176,8191,6,0,357,6,5.90976,1177,547,1916,0,6,2824684198
1154,4.20885,174,0,5,0,86.774,178,8191,5,0,361,5,7.1975,1182,552,1921,0,6,2699324054
1130,4.12139,106,0,7,0,104.647,180,8035,7,0,285,7,7.76294,1189,559,1928,0,6,2849711298
1074,3.91684,119,0,4,0,116.281,182,8189,4,0,360,4,9.17837,1193,563,1932,0,6,2819582724
1172,4.27428,119,0,5,0,99.256,184,8189,5,0,370,5,7.70822,1198,568,1937,0,6,2733278170
1329,4.84713,108,0,6,0,96.061,186,8189,6,0,366,6,7.36166,1204,574,1943,0,6,2871271592
1185,4.32176,131,0,9,0,82.451,187,8187,9,0,192,9,6.53357,1213,583,1952,0,6,2733681580
1185,4.3217,84,0,12,0,77.319,188,8189,12,0,254,12,9.01421,1225,595,1964,0,6,2800493444
1269,4.62804,191,0,3,0,97.875,191,8190,3,0,446,3,7.88333,1228,598,1967,0,6,2813610562
1165,4.24884,182,0,2,0,177.497,193,8189,2,0,421,2,9.13824,1230,600,1969,0,6,2807003542
675,2.46183,193,0,13,0,123.251,193,8191,13,0,125,13,11.9581,1243,613,1982,0,6,1689126012
137,0.499677,14,0,193,0,81.395,14,8189,104,0,12,0,141.232,1347,613,2175,0,7,3883297250
826,3.01243,98,0,3,0,71.667,98,8190,3,0,329,3,8.9449,1350,616,2178,0,7,2455264406
1179,4.30014,102,0,3,0,86.027,102,8189,3,0,448,3,8.81357,1353,619,2181,0,7,3172970677
974,3.55263,106,0,9,0,75.289,106,8189,9,0,336,9,8.47795,1362,628,2190,0,7,2534999031
1078,3.93148,105,0,2,0,89.06,109,8189,2,0,400,2,6.24538,1364,630,2192,0,7,2997367324
1055,3.84756,107,0,6,0,107.034,113,8082,6,0,368,6,7.04429,1370,636,2198,0,7,2693150488
1148,4.18678,117,0,2,0,130.406,117,8189,2,0,516,2,10.0065,1372,638,2200,0,7,2949978710
1119,4.08123,118,0,2,0,95.143,121,8189,2,0,505,2,7.77754,1374,640,2202,0,7,2794984374
1116,4.0701,118,0,4,0,87.775,124,8189,4,0,383,4,7.62067,1378,644,2206,0,7,2766235570
1117,4.07292,127,0,3,0,101.228,127,8189,3,0,380,3,9.48115,1381,647,2209,0,7,2823969512
1033,3.76698,130,0,4,0,108.207,130,8145,4,0,387,4,6.51168,1385,651,2213,0,7,2738618652
322,1.17434,131,0,2,0,100.51,131,8190,2,0,120,2,6.11405,1387,653,2215,0,7,718712764
650,2.37033,67,0,131,0,55.692,67,8189,105,0,243,0,6.73786,1492,653,2346,0,8,4913999958
776,2.82944,72,0,2,0,78.217,72,8191,2,0,323,2,5.83315,1494,655,2348,0,8,2796631824
893,3.257,77,0,2,0,64.477,77,8189,2,0,383,2,7.1063,1496,657,2350,0,8,2745456350
1036,3.77869,82,0,3,0,62.379,82,8189,3,0,405,3,7.71187,1499,660,2353,0,8,2839120247
951,3.46858,86,0,4,0,54.744,86,8189,4,0,356,4,7.70458,1503,664,2357,0,8,2774779681
1159,4.22687,91,0,3,0,70.761,91,8100,3,0,455,3,6.25997,1506,667,2360,0,8,2820700666
1100,4.01179,94,0,2,0,67.358,96,8187,2,0,463,2,7.81402,1508,669,2362,0,8,2750727486
1132,4.12846,101,0,1,0,79.462,101,8189,1,0,516,1,5.88787,1509,670,2363,0,8,2835313478
985,3.59011,105,0,5,0,80.934,105,8190,5,0,395,5,6.12499,1514,675,2368,0,8,2676882138
1093,3.98617,109,0,3,0,73.397,109,8190,3,0,400,3,9.10906,1517,678,2371,0,8,2739026234
1125,4.10279,111,0,3,0,65.538,112,8189,3,0,356,3,8.51078,1520,681,2374,0,8,2850456308
982,3.58143,104,0,3,0,90.018,115,8077,3,0,329,3,7.3945,1523,684,2377,0,8,2883124314
1047,3.8187,118,0,4,0,76.258,118,8189,4,0,353,4,6.92026,1527,688,2381,0,8,2833067762
1074,3.9169,121,0,3,0,95.716,121,8189,3,0,368,3,8.54726,1530,691,2384,0,8,2717587544
1183,4.31463,115,0,3,0,82.558,125,8189,3,0,434,3,8.64211,1533,694,2387,0,8,2870407260
1205,4.39512,102,0,3,0,55.619,129,8189,3,0,503,3,10.4077,1536,697,2390,0,8,2789986990
1118,4.07758,111,0,5,0,88.231,131,8187,5,0,305,5,9.97363,1541,702,2395,0,8,2788552508
1071,3.9062,105,0,2,0,112.542,134,8189,2,0,416,2,8.67494,1543,704,2397,0,8,2797456200
1085,3.95742,127,0,7,0,92.48,136,8114,7,0,259,7,6.70502,1550,711,2404,0,8,2798835620
1093,3.98618,139,0,1,0,107.129,139,8189,1,0,478,1,9.37536,1551,712,2405,0,8,2693132190
1018,3.71273,142,0,7,0,128.918,142,8190,7,0,309,7,7.37261,1558,719,2412,0,8,2724218490
1179,4.29987,122,0,4,0,84.097,144,8187,4,0,337,4,8.9376,1562,723,2416,0,8,2928808988
1184,4.31803,112,0,5,0,101.797,146,8189,5,0,323,5,8.72602,1567,728,2421,0,8,2790273164
1116,4.07004,149,0,4,0,74.381,149,8189,4,0,401,4,8.3977,1571,732,2425,0,8,2740362422
1199,4.37278,142,0,3,0,77.46,152,8189,3,0,414,3,6.72326,1574,735,2428,0,8,2839671086
1086,3.96094,154,0,6,0,84.628,154,8190,6,0,317,6,5.62157,1580,741,2434,0,8,2845691100
1255,4.57719,128,0,5,0,96.337,156,8191,5,0,350,5,8.35392,1585,746,2439,0,8,2790152386
1090,3.97504,158,0,4,0,79.798,158,8189,4,0,311,4,6.87283,1589,750,2443,0,8,2658066502
1245,4.5405,105,0,2,0,127.127,161,8187,2,0,441,2,8.5801,1591,752,2445,0,8,2906485526
980,3.57409,143,0,5,0,63.986,162,8189,5,0,282,5,7.68634,1596,757,2450,0,8,2800283538
1164,4.24507,107,0,6,0,112.14,165,8189,6,0,388,6,9.37901,1602,763,2456,0,8,2804837410
1187,4.32922,163,0,2,0,108.634,167,8189,2,0,411,2,8.208,1604,765,2458,0,8,2807114242
1182,4.31087,151,0,3,0,125.673,170,8189,3,0,440,3,7.80307,1607,768,2461,0,8,2732345476
1275,4.65028,172,0,5,0,64.296,172,8189,5,0,409,5,8.06573,1612,773,2466,0,8,2847746466
1185,4.32198,115,0,4,0,105.08,174,8189,4,0,371,4,7.64256,1616,777,2470,0,8,2773138928
1088,3.96797,99,0,3,0,74.679,177,8189,3,0,409,3,6.76339,1619,780,2473,0,8,2757615028
1064,3.88039,178,0,8,0,110.574,178,8189,8,0,243,8,7.28141,1627,788,2481,0,8,2608410588
1220,4.44935,167,0,3,0,114.484,180,8189,3,0,299,3,7.16832,1630,791,2484,0,8,3022009732
1191,4.34356,181,0,8,0,113.78,181,8093,8,0,312,8,7.9344,1638,799,2492,0,8,2742922746
0,0,181,0,0,0,113.78,181,8093,0,0,0,0,7.9344,1638,799,2492,0,8,0
914,3.33336,92,0,182,0,107.01,92,8189,106,0,321,1,8.62022,1744,800,2674,0,9,5654742194
1069,3.89864,96,0,3,0,73.036,96,8096,3,0,402,3,8.18976,1747,803,2677,0,9,2791353754
1088,3.9681,101,0,4,0,68.892,101,8189,4,0,450,4,7.69363,1751,807,2681,0,9,2801383680
1119,4.0815,102,0,4,0,60.74,104,8189,4,0,369,4,7.24128,1755,811,2685,0,9,2776614228
1078,3.93136,109,0,3,0,104.254,109,8189,3,0,440,3,9.28781,1758,814,2688,0,9,2656745354
0,0,109,0,0,0,104.254,109,8189,0,0,0,0,9.28781,1758,814,2688,0,9,0
868,3.16561,59,0,109,0,42.906,59,8189,109,0,357,0,8.49254,1867,814,2797,0,10,5693528890
931,3.39554,66,0,1,0,45.008,66,8189,1,0,440,1,7.95629,1868,815,2798,0,10,2775819975
1049,3.82595,73,0,0,0,58.436,73,8189,0,0,527,0,6.88013,1868,815,2798,0,10,2803104859
948,3.45752,79,0,1,0,57.501,79,8189,1,0,441,1,7.17197,1869,816,2799,0,10,2831670212
1099,4.00833,85,0,2,0,75.481,85,8189,2,0,474,2,7.55866,1871,818,2801,0,10,2761031336
977,3.5635,90,0,1,0,126.953,90,8189,1,0,448,1,9.67814,1872,819,2802,0,10,2823770222
1112,4.05542,95,0,3,0,73.816,95,8190,3,0,472,3,8.12774,1875,822,2805,0,10,2795491552
1024,3.73438,96,0,5,0,80.337,98,8190,5,0,335,5,6.86918,1880,827,2810,0,10,2788358860
1000,3.64693,102,0,3,0,87.479,102,8189,3,0,361,3,6.08486,1883,830,2813,0,10,2782732638
973,3.54852,106,0,2,0,77.005,106,8189,2,0,387,2,8.23718,1885,832,2815,0,10,2790674786
934,3.40632,104,0,2,0,122.101,109,8083,2,0,371,2,9.14189,1887,834,2817,0,10,2722405906
1071,3.90595,108,0,3,0,93.269,113,8188,3,0,431,3,7.46016,1890,837,2820,0,10,2879538074
1064,3.88039,116,0,3,0,72.495,116,8189,3,0,375,3,7.37261,1893,840,2823,0,10,2697797704
1030,3.75637,117,0,3,0,88.826,120,8189,3,0,401,3,5.57414,1896,843,2826,0,10,2822734222
991,3.61417,123,0,4,0,115.051,123,8189,4,0,339,4,6.53722,1900,847,2830,0,10,2681617442
1085,3.957,90,0,2,0,135.369,126,8189,2,0,445,2,8.01466,1902,849,2832,0,10,2941597050
949,3.46113,120,0,6,0,82.088,128,8136,6,0,280,6,8.7479,1908,855,2838,0,10,2840123234
1088,3.96832,125,0,5,0,97.933,131,8189,5,0,353,5,7.32154,1913,860,2843,0,10,2774250566
849,3.09648,133,0,3,0,106.803,133,8189,3,0,269,3,7.81402,1916,863,2846,0,10,2815066046
1132,4.1284,113,0,4,0,98.719,136,8189,4,0,453,4,7.78483,1920,867,2850,0,10,2760735376
1146,4.17949,139,0,4,0,106.328,139,8189,4,0,363,4,8.31744,1924,871,2854,0,10,2829519866
1118,4.07733,140,0,5,0,96.082,142,8189,5,0,356,5,6.36211,1929,876,2859,0,10,2718857260
1175,4.28562,139,0,6,0,102.075,144,8189,6,0,391,6,7.02605,1935,882,2865,0,10,2869819330
934,3.40635,146,0,5,0,97.986,146,8189,5,0,254,5,7.13184,1940,887,2870,0,10,2638274114
1221,4.45314,148,0,5,0,99.51,148,8189,5,0,347,5,7.27411,1945,892,2875,0,10,2803933790
1202,4.38374,116,0,4,0,81.3,152,8189,4,0,478,4,6.86918,1949,896,2879,0,10,2877539252
1166,4.2524,151,0,4,0,94.709,154,8189,4,0,344,4,6.89837,1953,900,2883,0,10,2829915970
1094,3.98988,156,0,5,0,129.396,156,8189,5,0,320,5,8.2919,1958,905,2888,0,10,2800724808
1060,3.86581,159,0,1,0,79.892,159,8189,1,0,452,1,8.85005,1959,906,2889,0,10,2773116234
1376,5.01833,155,0,4,0,84.063,162,8185,4,0,536,4,8.97773,1963,910,2893,0,10,2790400592
1212,4.42015,164,0,10,0,90.382,164,8190,10,0,330,10,7.37261,1973,920,2903,0,10,2808509088
1095,3.99365,144,0,4,0,106.389,166,8189,4,0,296,4,7.45286,1977,924,2907,0,10,2802787176
1185,4.32196,159,0,5,0,111.537,168,8189,5,0,362,5,6.23808,1982,929,2912,0,10,2762891460
1032,3.76399,170,0,8,0,88.796,170,8189,8,0,272,8,6.40224,1990,937,2920,0,10,2848457626
1109,4.0437,171,0,4,0,104.99,172,8189,4,0,340,4,6.91661,1994,941,2924,0,10,2774116174
1180,4.3035,152,0,4,0,104.631,174,8189,4,0,357,4,8.52902,1998,945,2928,0,10,2796981946
1087,3.96461,176,0,6,0,98.847,176,8189,6,0,362,6,7.5696,2004,951,2934,0,10,2794179570
1149,4.19068,175,0,4,0,95.262,178,8189,4,0,344,4,7.12819,2008,955,2938,0,10,2813369692
1075,3.92045,179,0,7,0,113.443,179,8190,7,0,326,7,8.60928,2015,962,2945,0,10,2687529560
1243,4.53321,132,0,3,0,123.206,182,8189,3,0,414,3,7.15373,2018,965,2948,0,10,2837188226
1180,4.30349,184,0,5,0,113.071,184,8189,5,0,323,5,7.92346,2023,970,2953,0,10,2833470304
1217,4.43843,185,0,7,0,103.344,185,8189,7,0,252,7,6.59194,2030,977,2960,0,10,2792292216
1211,4.4168,187,0,2,0,85.884,187,8189,2,0,439,2,8.50714,2032,979,2962,0,10,2708151040
1229,4.48278,102,0,4,0,118.573,189,8189,4,0,318,4,8.22624,2036,983,2966,0,10,2896747980
1070,3.90271,187,0,4,0,99.368,191,8189,4,0,320,4,6.67949,2040,987,2970,0,10,2799294904
1139,4.15403,164,0,5,0,120.146,192,8189,5,0,249,5,6.87283,2045,992,2975,0,10,2734241048
1051,3.83323,142,0,5,0,122.066,193,8189,5,0,254,5,7.752,2050,997,2980,0,10,2858417118
1080,3.93906,195,0,4,0,95.882,195,8190,4,0,301,4,7.53677,2054,1001,2984,0,10,2602296434
1215,4.43132,140,0,5,0,158.316,197,8191,5,0,350,5,7.20845,2059,1006,2989,0,10,2975417074
1156,4.21648,198,0,9,0,105.094,198,8189,9,0,284,9,7.19386,2068,1015,2998,0,10,2587729032
1208,4.40594,176,0,6,0,127.608,199,8191,6,0,274,6,8.37216,2074,1021,3004,0,10,3010285404
1154,4.20897,112,0,6,0,119.282,201,8138,6,0,295,6,6.68314,2080,1027,3010,0,10,2774594326
1280,4.66852,151,0,3,0,115.841,203,8189,3,0,463,3,7.1209,2083,1030,3013,0,10,2798544154
1369,4.9932,192,0,3,0,93.807,205,8189,3,0,424,3,9.28051,2086,1033,3016,0,10,2798866994
1031,3.76028,207,0,8,0,101.335,207,8189,8,0,311,8,8.22989,2094,1041,3024,0,10,2666778884
1202,4.38391,138,0,4,0,119.433,208,8190,4,0,369,4,9.5833,2098,1045,3028,0,10,2885249976
1211,4.41652,210,0,10,0,91.808,210,8191,10,0,240,10,6.4752,2108,1055,3038,0,10,2812485791
1256,4.58059,107,0,1,0,156.355,212,8189,1,0,477,1,11.3343,2109,1056,3039,0,10,2800032463
1245,4.54077,211,0,3,0,122.076,214,8189,3,0,376,3,8.86099,2112,1059,3042,0,10,2757821857
1224,4.46413,112,0,8,0,122.743,215,8191,8,0,387,8,6.65395,2120,1067,3050,0,10,2831350865
1127,4.11011,154,0,5,0,112.511,217,8189,5,0,291,5,6.00096,2125,1072,3055,0,10,2757178788
1237,4.51142,158,0,10,0,116.909,218,8189,10,0,169,10,6.89837,2135,1082,3065,0,10,2840534514
1117,4.07378,151,0,6,0,96.125,219,8189,6,0,311,6,5.9207,2141,1088,3071,0,10,2746529136
1292,4.71195,129,0,4,0,133.338,221,8189,4,0,388,4,6.71597,2145,1092,3075,0,10,2838505720
1132,4.12847,202,0,3,0,114.198,222,8189,3,0,315,3,7.88333,2148,1095,3078,0,10,2734669286
1205,4.39463,177,0,4,0,114.55,224,8189,4,0,310,4,6.98957,2152,1099,3082,0,10,2862851628
1214,4.4275,212,0,5,0,164.482,225,8189,5,0,402,5,10.6047,2157,1104,3087,0,10,2757131692
1126,4.10677,225,0,5,0,126.951,227,8191,5,0,312,5,6.91296,2162,1109,3092,0,10,2801330644
1185,4.32204,202,0,6,0,134.689,228,8191,6,0,300,6,7.51123,2168,1115,3098,0,10,2833408886
1179,4.29993,230,0,5,0,145.396,230,8190,5,0,466,5,7.9344,2173,1120,3103,0,10,2759478848
1272,4.63948,161,0,3,0,107.592,232,8189,3,0,335,3,8.71142,2176,1123,3106,0,10,2804559328
1147,4.18335,233,0,5,0,102.993,233,8189,5,0,297,5,10.6996,2181,1128,3111,0,10,2564237462
1127,4.11011,184,0,3,0,106.446,234,8094,3,0,311,3,10.9294,2184,1131,3114,0,10,2933326144
672,2.45076,234,0,15,0,91.196,234,8177,15,0,12,15,9.74381,2199,1146,3129,0,10,1286662874
353,1.2874,87,0,234,0,39.148,87,8189,105,0,85,0,7.24128,2304,1146,3363,0,11,4403434686
1174,4.28162,114,0,1,0,127.092,121,8191,1,0,526,1,9.22579,2305,1147,3364,0,11,2782541762
1065,3.88425,124,0,5,0,86.581,124,8189,5,0,414,5,10.1268,2310,1152,3369,0,11,2591067696
1188,4.33282,126,0,3,0,110.582,127,8189,3,0,423,3,5.27501,2313,1155,3372,0,11,3009525736
1047,3.81845,117,0,6,0,90.612,130,8191,6,0,278,6,7.09171,2319,1161,3378,0,11,2796755964
1093,3.9866,128,0,4,0,75.875,133,8191,4,0,417,4,9.01056,2323,1165,3382,0,11,2803007184
1171,4.27082,135,0,6,0,100.923,136,8189,6,0,393,6,8.25542,2329,1171,3388,0,11,2701365058
994,3.62515,102,0,4,0,112.935,138,8189,4,0,322,4,7.49299,2333,1175,3392,0,11,2759164996
1139,4.15364,88,0,9,0,107,141,8191,9,0,375,9,7.54406,2342,1184,3401,0,11,2924786662
1105,4.02913,143,0,7,0,105.442,143,8191,7,0,391,7,6.43872,2349,1191,3408,0,11,2648925888
1198,4.36926,146,0,4,0,100.464,146,8189,4,0,324,4,16.4853,2353,1195,3412,0,11,2888185572
1056,3.85133,95,0,3,0,91.209,148,8191,3,0,345,3,10.3895,2356,1198,3415,0,11,2839133522
1097,3.99967,150,0,5,0,83.596,150,8128,5,0,301,5,8.53997,2361,1203,3420,0,11,2747032848
1171,4.26962,148,0,5,0,96.853,153,8191,5,0,402,5,248.976,2366,1208,3425,0,11,2850225602
1138,4.15053,150,0,6,0,100.109,155,8189,6,0,346,6,8.32474,2372,1214,3431,0,11,2789395068
1210,4.41328,157,0,4,0,104.7,157,8189,4,0,386,4,7.04064,2376,1218,3435,0,11,2783440536
1024,3.73457,121,0,5,0,113.365,159,8191,5,0,311,5,8.44512,2381,1223,3440,0,11,2740269672
1245,4.54077,149,0,5,0,96.739,162,8189,5,0,448,5,8.52902,2386,1228,3445,0,11,2854981262
1124,4.09936,115,0,4,0,92.937,164,8189,4,0,360,4,8.95584,2390,1232,3449,0,11,2784051102
1100,4.01178,166,0,4,0,87.49,166,8189,4,0,294,4,8.06208,2394,1236,3453,0,11,2716230342
1218,4.44207,169,0,1,0,112.866,169,8189,1,0,532,1,14.9714,2395,1237,3454,0,11,2782162250
1197,4.36546,169,0,6,0,124.511,171,8191,6,0,357,6,6.16512,2401,1243,3460,0,11,2845996328
1091,3.97914,173,0,4,0,82.923,173,8190,4,0,294,4,6.30739,2405,1247,3464,0,11,2585581362
1144,4.17237,175,0,5,0,112.608,175,8120,5,0,288,5,7.05523,2410,1252,3469,0,11,2792154890
1194,4.35479,177,0,4,0,76.433,177,8189,4,0,360,4,7.39814,2414,1256,3473,0,11,2884409752
1272,4.63712,177,0,4,0,114.734,179,8189,4,0,338,4,8.09126,2418,1260,3477,0,11,2912272132
1127,4.11005,104,0,7,0,126.257,180,8189,7,0,288,7,7.20845,2425,1267,3484,0,11,2848290606
1209,4.40923,174,0,9,0,85.809,182,8189,9,0,279,9,8.11315,2434,1276,3493,0,11,2742258106
1206,4.3984,113,0,5,0,81.32,184,8189,5,0,408,5,8.79168,2439,1281,3498,0,11,2818520060
1199,4.37308,184,0,4,0,142.022,186,8191,4,0,302,4,7.95629,2443,1285,3502,0,11,2774857576
1222,4.45684,117,0,4,0,102.991,187,8191,4,0,329,4,9.15648,2447,1289,3506,0,11,2834773004
1194,4.35455,128,0,3,0,101.812,190,8189,3,0,427,3,8.43418,2450,1292,3509,0,11,2800338114
1215,4.43104,137,0,7,0,100.812,191,8189,7,0,299,7,6.27456,2457,1299,3516,0,11,2798037710
1103,4.02291,159,0,8,0,109.134,192,8148,8,0,206,8,6.4679,2465,1307,3524,0,11,2703587748


