SendPacket,SendRate(Mb/s),FlightSize,ReceiveRate(Mb/s),Send Loss,Recv Loss,RTT(ms),CWnd,FlowWindow,Retrans,PktSndPeriod(us),RecvACK,RecvNAK,EstimatedBandwidth(Mb/s),Retrans_Total,NAK_TotalRecv,Total Send Loss,Total Recv Loss
667,6.0102,89,0,3,0,96.658,116,8189,3,0,224,3,11.1627,3,3,3,0
821,7.9187,78,0,3,0,108.326,183,8189,3,0,316,3,13.5747,6,6,6,0
797,7.68741,118,0,7,0,106.855,217,8157,7,0,209,7,14.3852,13,13,13,0
769,7.41713,88,0,5,0,120.315,245,8189,5,0,209,5,14.8869,18,18,18,0
806,7.77459,168,0,10,0,95.977,265,8149,10,0,157,10,12.0214,28,28,28,0
714,6.88686,92,0,268,0,64.575,106,8189,62,0,190,3,12.3591,90,31,296,0
744,7.17619,76,0,5,0,90.295,154,8191,5,0,195,5,15.7938,95,36,301,0
777,7.49442,146,0,5,0,75.95,192,8190,4,0,206,5,15.8227,99,41,306,0
825,7.95744,72,0,7,0,117.909,217,8189,8,0,163,7,12.4266,107,48,313,0
841,8.11156,155,0,0,0,111.919,268,8190,0,0,386,0,15.7648,107,48,313,0
781,7.53299,79,0,8,0,95.405,288,8145,8,0,174,8,13.1985,115,56,321,0
858,8.27539,90,0,3,0,90.591,319,8189,3,0,290,3,15.1088,118,59,324,0
850,8.19827,66,0,3,0,78.776,349,8189,3,0,322,3,16.2472,121,62,327,0
768,7.40807,128,0,3,0,128.43,374,8191,3,0,283,3,14.7711,124,65,330,0
802,7.73563,65,0,5,0,104.304,395,8189,5,0,243,5,11.9635,129,70,335,0
723,6.97335,149,0,7,0,134.291,413,8189,7,0,235,7,10.1786,136,77,342,0
743,7.16643,62,0,8,0,119.391,424,8191,8,0,138,8,13.0923,144,85,350,0
799,7.70639,126,0,5,0,87.494,442,8191,5,0,245,5,14.2694,149,90,355,0
847,8.16958,104,0,2,0,128.497,464,8187,2,0,320,2,16.4016,151,92,357,0
742,7.15687,113,0,8,0,89.689,476,8171,8,0,174,8,17.1541,159,100,365,0
777,7.4944,197,0,5,0,89.362,487,8191,5,0,162,5,17.5208,164,105,370,0
678,6.53938,73,0,231,0,83.095,115,8189,79,0,220,2,13.8545,243,107,601,0
832,8.025,76,0,4,0,121.347,174,8191,4,0,271,4,13.1309,247,111,605,0
794,7.65841,59,0,7,0,83.815,217,8190,7,0,258,7,15.1956,254,118,612,0
812,7.8324,72,0,7,0,84.658,238,8189,7,0,156,7,15.5429,261,125,619,0
801,7.72659,110,0,5,0,74.348,269,8191,5,0,244,5,16.7875,266,130,624,0
776,7.48531,148,0,4,0,114.042,301,8190,4,0,283,4,13.7195,270,134,628,0
779,7.5143,79,0,4,0,93.431,328,8191,4,0,264,4,14.8869,274,138,632,0
885,8.53658,94,0,4,0,88.101,357,8189,4,0,318,4,15.514,278,142,636,0
893,8.61395,91,0,10,0,76.968,376,8189,10,0,218,10,18.1093,288,152,646,0
723,6.97373,86,0,6,0,88.731,393,8144,6,0,199,6,20.01,294,158,652,0
803,7.7454,87,0,5,0,100.252,412,8189,5,0,235,5,13.3528,299,163,657,0
819,7.89963,117,0,7,0,106.737,425,8191,7,0,176,7,14.2597,306,170,664,0
812,7.83165,58,0,8,0,107.909,437,8189,8,0,163,8,13.5554,314,178,672,0
764,7.36924,76,0,4,0,93.718,454,8189,4,0,235,4,13.2853,318,182,676,0
848,8.17984,79,0,3,0,77.401,475,8189,3,0,298,3,19.296,321,185,679,0
828,7.9865,96,0,3,0,89.565,491,8189,3,0,243,3,16.8165,324,188,682,0
757,7.30153,96,0,4,0,97.094,505,8189,4,0,217,4,15.7166,328,192,686,0
857,8.26603,127,0,3,0,119.426,519,8189,3,0,235,3,16.4112,331,195,689,0
857,8.26601,60,0,2,0,79.86,540,8189,2,0,344,2,19.8073,333,197,691,0
865,8.34357,94,0,4,0,67.146,557,8189,4,0,284,4,19.6047,337,201,695,0
746,7.19554,90,0,5,0,122.489,573,8163,5,0,289,5,19.4214,342,206,700,0
826,7.96689,118,0,9,0,73.557,581,8191,9,0,143,9,15.3982,351,215,709,0
784,7.5624,66,0,5,0,140.709,591,8189,5,0,177,5,15.6008,356,220,714,0
856,8.25666,107,0,3,0,81.027,607,8191,3,0,318,3,18.4373,359,223,717,0
833,8.03506,98,0,2,0,105.529,623,8189,2,0,299,2,19.0644,361,225,719,0
867,8.36267,77,0,2,0,140.631,640,8191,2,0,333,2,18.9101,363,227,721,0
750,7.234,78,0,9,0,89.264,650,8191,9,0,199,9,17.1059,372,236,730,0
798,7.69693,97,0,6,0,77.869,659,8114,6,0,189,6,16.0543,378,242,736,0
850,8.19859,74,0,2,0,111.262,674,8189,2,0,315,2,14.2983,380,244,738,0
705,6.80014,62,0,3,0,95.291,686,8191,3,0,254,3,13.6809,383,247,741,0
855,8.24724,115,0,2,0,86.817,701,8189,2,0,333,2,10.2944,385,249,743,0
807,7.78379,96,0,3,0,120.153,714,8189,3,0,285,3,11.2592,388,252,746,0
718,6.92582,94,0,4,0,119.554,722,8189,4,0,181,4,12.388,392,256,750,0
866,8.35302,68,0,0,0,97.019,742,8189,0,0,451,0,13.6037,392,256,750,0
729,7.03165,108,0,4,0,108.142,749,8189,4,0,172,4,14.9062,396,260,754,0
884,8.52604,133,0,7,0,218.701,756,8189,7,0,145,7,15.2921,403,267,761,0
761,7.3393,98,0,5,0,112.846,765,8189,5,0,215,5,14.6264,408,272,766,0
823,7.93846,82,0,3,0,293.4,774,8189,3,0,223,3,19.0066,411,275,769,0
812,7.83241,122,0,3,0,96.942,786,8189,3,0,299,3,14.1729,414,278,772,0
791,7.62999,209,0,3,0,76.28,795,8189,3,0,218,3,11.9249,417,281,775,0
801,7.72602,86,0,4,0,92.77,804,8189,4,0,237,4,11.182,421,285,779,0
775,7.47509,133,0,3,0,105.671,814,8191,3,0,233,3,8.86651,424,288,782,0
822,7.929,92,0,4,0,98.097,826,8191,4,0,314,4,15.2245,428,292,786,0
787,7.59102,76,0,5,0,120.674,833,8189,5,0,193,5,14.2212,433,297,791,0
858,8.27511,59,0,3,0,103.779,845,8191,3,0,294,3,17.1445,436,300,794,0
857,8.26665,96,0,5,0,94.722,856,8189,5,0,306,5,13.0923,441,305,799,0
815,7.86111,85,0,194,0,100.035,105,8189,91,0,289,3,17.7523,532,308,993,0
848,8.1791,98,0,1,0,96.119,186,8189,1,0,372,1,13.98,533,309,994,0
878,8.46855,76,0,2,0,139.86,246,8189,2,0,402,2,17.241,535,311,996,0
772,7.44618,70,0,3,0,94.254,276,8189,3,0,245,3,20.309,538,314,999,0
782,7.54265,81,0,5,0,77.487,304,8189,5,0,256,5,15.7262,543,319,1004,0
834,8.04426,94,0,2,0,180.744,335,8189,2,0,308,2,17.6751,545,321,1006,0
908,8.75767,167,0,1,0,171.367,367,8189,1,0,354,1,16.5656,546,322,1007,0
771,7.4365,85,0,1,0,212.195,396,8189,1,0,342,1,17.3568,547,323,1008,0
902,8.69944,109,0,1,0,96.922,427,8189,1,0,406,1,18.5435,548,324,1009,0
886,8.54633,70,0,4,0,59.034,450,8189,4,0,310,4,15.485,552,328,1013,0
817,7.8804,117,0,4,0,246.255,460,8189,4,0,144,4,18.7171,556,332,1017,0
877,8.45873,264,0,0,0,179.023,485,8187,0,0,368,0,16.3341,556,332,1017,0
796,7.67777,73,0,3,0,128.017,500,8189,3,0,239,3,15.6491,559,335,1020,0
864,8.33326,74,0,3,0,112.853,518,8189,3,0,287,3,14.3852,562,338,1023,0
802,7.73554,3,0,260,0,92.723,3,7999,62,0,219,2,12.417,624,340,1283,0
694,6.69386,124,0,2,0,86.496,124,8191,2,0,253,2,13.2756,626,342,1285,0
848,8.17961,175,0,2,0,140.039,176,8189,2,0,246,2,17.6848,628,344,1287,0
784,7.56204,201,0,4,0,135.731,210,8189,4,0,207,4,15.8903,632,348,1291,0
836,8.06308,146,0,2,0,93.032,246,8189,2,0,252,2,12.7932,634,350,1293,0
788,7.60037,59,0,4,0,83.42,286,8189,4,0,337,4,14.964,638,354,1297,0
770,7.4269,117,0,7,0,95.608,305,8191,7,0,177,7,16.4305,645,361,1304,0
809,7.80305,159,0,3,0,119.659,334,8191,3,0,289,3,17.733,648,364,1307,0
810,7.81311,82,0,3,0,79.839,356,8189,3,0,233,3,17.8777,651,367,1310,0
835,8.05374,78,0,3,0,130.475,379,8189,3,0,270,3,15.0026,654,370,1313,0
824,7.94777,74,0,2,0,114.823,399,8189,2,0,242,2,16.0929,656,372,1315,0
903,8.70964,196,0,1,0,151.924,426,8189,1,0,350,1,16.2086,657,373,1316,0
797,7.68722,358,0,0,0,153.193,450,8189,0,0,325,0,15.7359,657,373,1316,0
857,8.26629,64,0,2,0,178,472,8189,2,0,312,2,13.9124,659,375,1318,0
811,7.82268,74,0,6,0,95.7,481,8189,6,0,135,6,14.0475,665,381,1324,0
887,8.55518,87,0,2,0,94.351,503,8191,2,0,342,2,12.6196,667,383,1326,0
817,7.88091,115,0,3,0,135.064,520,8189,2,0,273,3,16.556,669,386,1329,0
779,7.51383,67,0,180,0,103.684,105,8189,101,0,253,1,16.1604,770,387,1509,0
908,8.75816,119,0,1,0,146.195,182,8191,1,0,347,1,17.6269,771,388,1510,0
787,7.59093,156,0,2,0,85.106,229,8189,2,0,301,2,18.1961,773,390,1512,0
853,8.22748,78,0,4,0,56.895,265,8191,4,0,280,4,13.2756,777,394,1516,0
882,8.5071,202,0,2,0,109.84,298,8191,2,0,290,2,16.3534,779,396,1518,0
851,8.20865,93,0,2,0,80.994,329,8189,2,0,302,2,17.1734,781,398,1520,0
799,7.70704,94,0,2,0,159.407,362,8190,2,0,360,2,15.1184,783,400,1522,0
794,7.6588,82,0,7,0,81.511,375,8191,7,0,149,7,15.1184,790,407,1529,0
775,7.47293,110,0,2,0,100.529,399,8189,2,0,288,2,14.3755,792,409,1531,0
821,7.91884,167,0,6,0,91.372,411,8191,6,0,155,6,12.745,798,415,1537,0
816,7.86791,133,0,4,0,126.276,425,8189,4,0,188,4,13.6423,802,419,1541,0
833,8.03474,155,0,2,0,123.496,446,8189,2,0,274,2,13.7291,804,421,1543,0
789,7.61071,107,0,4,0,132.457,460,8191,4,0,200,4,14.7228,808,425,1547,0
872,8.41142,94,0,4,0,91.752,480,8191,4,0,305,4,13.951,812,429,1551,0
810,7.81308,157,0,1,0,80.505,498,8189,1,0,274,1,13.8063,813,430,1552,0
781,7.53345,122,0,4,0,77.827,515,8185,4,0,262,4,16.5463,817,434,1556,0
792,7.6396,99,0,6,0,111.237,524,8189,6,0,144,6,18.1672,823,440,1562,0
926,8.92045,324,0,4,0,126.882,535,8189,4,0,194,4,14.5299,827,444,1566,0
1000,9.64535,109,0,1,0,193.657,558,8191,1,0,380,1,15.9674,828,445,1567,0
919,8.86445,106,0,2,0,206.709,575,8191,2,0,310,2,15.4368,830,447,1569,0
797,7.68745,119,0,4,0,72.07,589,8191,4,0,255,4,14.8193,834,451,1573,0
909,8.76765,61,0,3,0,92.523,605,8189,3,0,299,3,16.8358,837,454,1576,0
858,8.27579,122,0,3,0,171.697,615,8190,3,0,185,3,19.2285,840,457,1579,0
815,7.86102,109,0,2,0,134.542,631,8191,2,0,315,2,17.5787,842,459,1581,0
894,8.62296,104,0,1,0,109.325,651,8189,1,0,397,1,16.7296,843,460,1582,0
857,8.26566,106,0,3,0,91.92,665,8189,3,0,287,3,16.0639,846,463,1585,0
794,7.65843,135,0,5,0,114.309,676,8112,5,0,245,5,15.7166,851,468,1590,0
828,7.98636,69,0,5,0,69.101,687,8191,5,0,233,5,13.8738,856,473,1595,0
877,8.45846,86,0,4,0,68.463,698,8189,4,0,238,4,14.2597,860,477,1599,0
1018,9.81962,309,0,0,0,313.438,716,8189,0,0,398,0,17.6462,860,477,1599,0
777,7.49485,68,0,3,0,80.206,730,8191,3,0,307,3,16.6235,863,480,1602,0
1011,9.75202,256,0,2,0,144.575,744,8191,2,0,318,2,15.1763,865,482,1604,0
821,7.91939,96,0,2,0,85.063,760,8191,2,0,387,2,16.9419,867,484,1606,0
858,8.27613,112,0,5,0,110.049,770,8189,5,0,234,5,11.9056,872,489,1611,0
846,8.15978,117,0,4,0,100.173,781,8191,4,0,261,4,18.5338,876,493,1615,0
820,7.90915,65,0,162,0,82.452,20,8190,76,0,216,5,16.2183,952,498,1777,0
665,6.41418,106,0,0,0,107.621,132,8189,27,0,271,0,15.871,979,498,1777,0
891,8.59402,173,0,2,0,183.265,203,8189,2,0,368,2,16.1411,981,500,1779,0
815,7.86092,125,0,5,0,122.812,237,8191,5,0,234,5,15.0702,986,505,1784,0
811,7.82238,196,0,7,0,118.188,258,8191,7,0,164,7,12.3398,993,512,1791,0
826,7.96752,75,0,3,0,131.031,292,8191,3,0,297,3,14.9544,996,515,1794,0
861,8.30492,311,0,0,0,303.516,325,8191,0,0,315,0,13.0344,996,515,1794,0
807,7.7839,98,0,3,0,187.091,351,8189,3,0,276,3,18.5917,999,518,1797,0
789,7.61017,91,0,4,0,74.015,373,8189,4,0,254,4,13.4493,1003,522,1801,0
841,8.11213,120,0,4,0,125.606,392,8191,4,0,222,4,14.308,1007,526,1805,0
864,8.33424,118,0,1,0,146.635,421,8189,1,0,371,1,16.8744,1008,527,1806,0
825,7.9577,273,0,4,0,103.238,437,8189,4,0,213,4,17.7234,1012,531,1810,0
765,7.37915,67,0,2,0,269.343,453,8191,2,0,216,2,19.1223,1014,533,1812,0
1059,10.2147,265,0,1,0,303.381,478,8189,1,0,372,1,16.9322,1015,534,1813,0
810,7.81198,125,0,2,0,129.206,503,8189,1,0,388,2,12.9283,1016,536,1815,0
911,8.78669,73,0,1,0,70.661,527,8189,2,0,375,1,21.0905,1018,537,1816,0
948,9.14405,151,0,2,0,121.939,545,8189,2,0,315,2,19.3635,1020,539,1818,0
843,8.12959,66,0,1,0,340.503,562,8189,1,0,293,1,17.0287,1021,540,1819,0
791,7.62943,73,0,1,0,163.912,580,8189,1,0,310,1,12.3205,1022,541,1820,0
846,8.15991,92,0,4,0,75.801,593,8191,4,0,248,4,17.0673,1026,545,1824,0
829,7.996,122,0,1,0,145.018,611,8189,1,0,335,1,18.2058,1027,546,1825,0
887,8.55566,109,0,3,0,145.765,622,8189,3,0,216,3,21.6984,1030,549,1828,0
805,7.76444,157,0,1,0,171.283,639,8189,1,0,324,1,12.3784,1031,550,1829,0
887,8.5549,112,0,2,0,100.532,657,8189,2,0,366,2,15.1377,1033,552,1831,0
795,7.6682,93,0,3,0,91.854,668,8189,3,0,241,3,12.7064,1036,555,1834,0
899,8.67177,88,0,1,0,111.47,686,8189,1,0,364,1,17.8392,1037,556,1835,0
818,7.89063,72,0,3,0,163.343,700,8189,3,0,306,3,15.4947,1040,559,1838,0
878,8.46893,79,0,2,0,221.705,715,8189,2,0,338,2,18.7171,1042,561,1840,0
816,7.87057,114,0,6,0,111.113,725,8189,6,0,234,6,20.5985,1048,567,1846,0
852,8.21765,103,0,3,0,100.614,737,8191,3,0,270,3,15.2631,1051,570,1849,0
850,8.19851,74,0,1,0,87.75,754,8189,1,0,395,1,13.6712,1052,571,1850,0
792,7.63912,73,0,3,0,121.071,764,8189,3,0,237,3,17.3471,1055,574,1853,0
903,8.70966,109,0,3,0,85.352,777,8189,3,0,304,3,18.5242,1058,577,1856,0
820,7.90946,96,0,4,0,78.167,786,8191,4,0,239,4,17.1638,1062,581,1860,0
811,7.82178,91,0,3,0,146.84,796,8189,3,0,244,3,15.6105,1065,584,1863,0
788,7.60026,107,0,5,0,83.628,807,8120,5,0,256,5,17.4918,1070,589,1868,0
922,8.89324,163,0,2,0,111.049,820,8189,2,0,339,2,20.1836,1072,591,1870,0
798,7.69688,109,0,2,0,161.875,831,8187,2,0,274,2,14.2597,1074,593,1872,0
801,7.72563,65,0,3,0,81.551,840,8191,3,0,260,3,15.9192,1077,596,1875,0
875,8.43983,206,0,2,0,196.449,852,8189,2,0,310,2,16.2086,1079,598,1877,0
783,7.55271,107,0,3,0,118.552,861,8189,3,0,245,3,15.9867,1082,601,1880,0
761,7.34026,77,0,3,0,78.144,872,8189,3,0,296,3,21.023,1085,604,1883,0
791,7.62971,91,0,2,0,96.349,884,8191,2,0,313,2,21.4089,1087,606,1885,0
750,7.23433,102,0,3,0,109.377,892,8189,3,0,226,3,16.2569,1090,609,1888,0
917,8.84566,106,0,2,0,98.908,903,8191,2,0,326,2,14.3369,1092,611,1890,0
801,7.72628,87,0,3,0,76.147,914,8189,3,0,287,3,12.581,1095,614,1893,0
818,7.8899,76,0,3,0,81.617,925,8189,3,0,321,3,15.0509,1098,617,1896,0
910,8.77708,167,0,3,0,102.361,934,8189,3,0,266,3,17.4532,1101,620,1899,0
699,6.74206,115,0,7,0,118.689,939,8131,7,0,149,7,16.9226,1108,627,1906,0
894,8.62233,155,0,3,0,105.981,946,8189,3,0,223,3,15.0123,1111,630,1909,0
841,8.11209,160,0,2,0,124.7,958,8190,2,0,337,2,18.5145,1113,632,1911,0
858,8.2758,71,0,3,0,113.005,967,8191,3,0,289,3,16.3051,1116,635,1914,0
806,7.77451,244,0,7,0,130.432,973,8190,7,0,173,7,15.678,1123,642,1921,0
902,8.69983,423,0,2,0,227.491,982,8191,2,0,267,2,16.2279,1125,644,1923,0
902,8.69889,99,0,5,0,261.72,988,8189,5,0,195,5,14.9062,1130,649,1928,0
859,8.28594,117,0,3,0,94.949,997,8189,3,0,267,3,17.8681,1133,652,1931,0
846,8.16065,98,0,3,0,66.774,1006,8189,3,0,284,3,15.2342,1136,655,1934,0
803,7.74507,125,0,3,0,137.118,1014,8189,3,0,265,3,17.2506,1139,658,1937,0
825,7.95738,79,0,7,0,105.888,1019,8189,7,0,161,7,13.8352,1146,665,1944,0
866,8.3527,162,0,3,0,272.66,1027,8189,3,0,255,3,13.0827,1149,668,1947,0
1510,14.5657,720,0,0,0,292.995,1042,8189,0,0,479,0,22.914,1149,668,1947,0
706,6.81001,622,0,1,0,551.404,1047,8191,1,0,170,1,24.7085,1150,669,1948,0
428,4.12794,1047,0,3,0,551.404,1047,8191,3,0,0,3,24.7085,1153,672,1951,0
448,4.32112,78,0,1048,0,85.013,83,8189,68,0,121,1,17.0963,1221,673,2999,0
825,7.95757,150,0,2,0,152.055,156,8190,2,0,272,2,17.7041,1223,675,3001,0
807,7.78359,91,0,3,0,80.646,206,8189,3,0,284,3,18.2444,1226,678,3004,0
787,7.59087,92,0,6,0,88.445,236,8189,6,0,211,6,20.0775,1232,684,3010,0
864,8.33376,191,0,3,0,134.538,268,8189,3,0,249,3,19.0741,1235,687,3013,0
792,7.63911,141,0,5,0,155.727,291,8189,5,0,199,5,14.5492,1240,692,3018,0
834,8.04505,95,0,2,0,113.441,322,8189,2,0,297,2,17.2699,1242,694,3020,0
926,8.93216,232,0,0,0,199.213,359,8189,0,0,398,0,16.363,1242,694,3020,0
754,7.27304,65,0,2,0,212.729,378,8189,2,0,223,2,13.9028,1244,696,3022,0
785,7.57176,69,0,197,0,70.064,105,8189,100,0,259,3,18.4952,1344,699,3219,0
901,8.69043,170,0,3,0,140.203,175,8189,3,0,305,3,13.0055,1347,702,3222,0
873,8.42055,92,0,2,0,73.374,230,8191,2,0,353,2,14.1054,1349,704,3224,0
731,7.0509,70,0,5,0,89.145,261,8191,5,0,239,5,14.6553,1354,709,3229,0
884,8.52677,82,0,1,0,245.604,296,8191,1,0,306,1,16.8936,1355,710,3230,0
820,7.90911,70,0,3,0,298.442,320,8189,3,0,225,3,16.1122,1358,713,3233,0
776,7.48471,149,0,6,0,145.081,342,8189,6,0,227,6,13.3142,1364,719,3239,0
850,8.19855,171,0,3,0,139.48,368,8186,3,0,293,3,16.9226,1367,722,3242,0
919,8.864,227,0,1,0,197.781,399,8190,1,0,372,1,17.8006,1368,723,3243,0
596,5.74877,75,0,158,0,83.856,80,8191,48,0,175,3,13.102,1416,726,3401,0
818,7.8898,148,0,3,0,105.564,158,8191,3,0,291,3,16.4595,1419,729,3404,0
857,8.26651,95,0,5,0,92.744,194,8108,5,0,201,5,12.3494,1424,734,3409,0
853,8.22769,64,0,3,0,185.024,235,8189,3,0,275,3,11.8381,1427,737,3412,0
824,7.94789,132,0,6,0,80.628,260,8189,6,0,194,6,17.2217,1433,743,3418,0
802,7.73599,91,0,1,0,99.881,292,8189,1,0,278,1,15.871,1434,744,3419,0
816,7.87055,71,0,5,0,95.886,317,8189,5,0,231,5,12.8222,1439,749,3424,0
798,7.69695,87,0,1,0,101.19,352,8190,1,0,370,1,13.7677,1440,750,3425,0
805,7.76438,69,0,12,0,79.713,366,8189,12,0,161,12,14.6553,1452,762,3437,0
860,8.29497,127,0,2,0,116.837,391,8189,2,0,288,2,15.8999,1454,764,3439,0
802,7.7362,87,0,4,0,101.895,408,8189,4,0,220,4,13.8835,1458,768,3443,0
813,7.84171,118,0,4,0,113.358,426,8190,4,0,225,4,17.1831,1462,772,3447,0
872,8.41073,90,0,5,0,212.86,444,8189,5,0,258,5,18.9101,1467,777,3452,0
814,7.85126,199,0,3,0,156.544,465,8191,3,0,286,3,11.8092,1470,780,3455,0
882,8.50732,134,0,3,0,96.326,481,8189,3,0,249,3,17.2506,1473,783,3458,0
852,8.21678,382,0,2,0,237.643,498,8190,2,0,252,2,17.9935,1475,785,3460,0
812,7.83254,78,0,0,0,141.373,523,8189,0,0,395,0,19.2767,1475,785,3460,0
799,7.70674,87,0,7,0,112.835,534,8191,7,0,182,7,16.4691,1482,792,3467,0
859,8.2852,84,0,4,0,171.239,543,8187,4,0,157,4,17.5304,1486,796,3471,0
807,7.78425,65,0,2,0,75.315,562,8191,2,0,323,2,15.7841,1488,798,3473,0
854,8.23762,285,0,4,0,91.443,574,8189,4,0,222,4,18.0032,1492,802,3477,0
730,7.04108,201,0,3,0,109.755,586,8191,3,0,211,3,15.3886,1495,805,3480,0
842,8.12137,94,0,6,0,124.424,598,8189,6,0,226,6,18.8329,1501,811,3486,0
808,7.7934,90,0,11,0,98.158,608,8191,11,0,190,11,17.3568,1512,822,3497,0
799,7.70636,116,0,3,0,81.592,621,8191,3,0,249,3,12.5135,1515,825,3500,0
868,8.3719,76,0,2,0,140.968,638,8189,2,0,341,2,15.2245,1517,827,3502,0
895,8.63245,150,0,2,0,113.326,655,8191,2,0,334,2,13.0344,1519,829,3504,0
831,8.01555,107,0,3,0,174.183,668,8190,3,0,281,3,13.2756,1522,832,3507,0
798,7.69666,90,0,5,0,69.528,677,8189,5,0,186,5,15.8903,1527,837,3512,0
852,8.21783,103,0,4,0,106.781,688,8191,4,0,236,4,16.6428,1531,841,3516,0
781,7.53296,143,0,1,0,183.674,703,8189,1,0,327,1,14.8965,1532,842,3517,0
747,7.20531,158,0,14,0,111.748,705,8164,14,0,45,14,13.3335,1546,856,3531,0
859,8.28561,95,0,3,0,109.968,717,8189,3,0,262,3,14.2019,1549,859,3534,0
778,7.50428,83,0,3,0,140.647,730,8189,3,0,282,3,14.4141,1552,862,3537,0
740,7.13814,58,0,7,0,85.115,739,8189,7,0,205,7,15.1377,1559,869,3544,0
762,7.34976,69,0,5,0,83.786,747,8189,5,0,194,5,10.7286,1564,874,3549,0
842,8.12194,136,0,3,0,131,760,8189,3,0,303,3,14.0571,1567,877,3552,0
813,7.84094,72,0,2,0,157.74,771,8189,2,0,280,2,20.4634,1569,879,3554,0
915,8.82592,73,0,1,0,98.117,788,8191,1,0,404,1,16.4981,1570,880,3555,0
792,7.63912,94,0,1,0,101.9,800,8189,1,0,303,1,13.7966,1571,881,3556,0
849,8.18928,139,0,3,0,141.457,812,8189,3,0,291,3,14.3466,1574,884,3559,0
774,7.46572,83,0,9,0,93.354,820,8189,9,0,209,9,14.2115,1583,893,3568,0
864,8.33204,89,0,3,0,123.577,830,8189,3,0,248,3,13.8063,1586,896,3571,0
830,8.00563,67,0,5,0,155.681,840,8189,5,0,263,5,9.8892,1591,901,3576,0
799,7.70664,72,0,4,0,123.535,848,8154,4,0,229,4,11.7899,1595,905,3580,0
774,7.4624,62,0,2,0,89.268,859,8189,2,0,277,2,12.8608,1597,907,3582,0
837,8.07345,100,0,6,0,152.846,866,8191,6,0,204,6,13.1792,1603,913,3588,0
783,7.55336,331,0,2,0,219.867,877,8187,2,0,279,2,14.1247,1605,915,3590,0
766,7.38875,91,0,5,0,100.996,883,8104,5,0,183,5,14.5685,1610,920,3595,0
948,9.14428,245,0,4,0,274.617,893,8189,4,0,280,4,17.4436,1614,924,3599,0
801,7.72653,72,0,4,0,95.409,902,8189,4,0,238,4,18.2154,1618,928,3603,0
625,6.0284,82,0,178,0,73.422,82,8190,76,0,170,7,12.6678,1694,935,3781,0
834,8.04422,90,0,6,0,113.439,142,8189,6,0,211,6,15.3307,1700,941,3787,0
851,8.20812,81,0,1,0,93.275,205,8189,1,0,342,1,12.6775,1701,942,3788,0
734,7.07959,103,0,7,0,119.843,242,8159,7,0,258,7,12.4363,1708,949,3795,0
881,8.49772,91,0,5,0,71.899,269,8189,5,0,220,5,16.1122,1713,954,3800,0
779,7.51387,67,0,9,0,108.346,288,8142,9,0,160,9,19.5565,1722,963,3809,0
633,6.106,73,0,293,0,77.063,76,8189,70,0,104,5,17.0673,1792,968,4102,0
750,7.2345,123,0,2,0,101.398,151,8191,2,0,266,2,16.9322,1794,970,4104,0
847,8.16954,75,0,6,0,137.873,194,8191,6,0,236,6,15.2535,1800,976,4110,0
825,7.95738,114,0,4,0,124.273,235,8191,3,0,272,4,14.6939,1803,980,4114,0
813,7.84154,122,0,2,0,97.039,268,8189,3,0,257,2,14.5588,1806,982,4116,0
865,8.343,133,0,3,0,216.683,298,8189,3,0,268,3,17.9839,1809,985,4119,0
859,8.28602,104,0,1,0,95.079,337,8189,1,0,385,1,11.9346,1810,986,4120,0
783,7.55279,191,0,3,0,149.293,361,8187,2,0,264,3,15.9771,1812,989,4123,0
926,8.93214,238,0,4,0,128.201,381,8189,5,0,237,4,14.0764,1817,993,4127,0
791,7.62965,79,0,6,0,131.406,396,8114,6,0,177,6,16.8165,1823,999,4133,0
873,8.42059,70,0,3,0,95.106,423,8189,3,0,351,3,13.4976,1826,1002,4136,0
726,7.00239,8,0,169,0,102.087,8,8191,85,0,191,4,15.35,1911,1006,4305,0
726,7.00215,83,0,4,0,90.978,114,8189,4,0,213,4,9.75413,1915,1010,4309,0
831,8.01528,144,0,0,0,191.587,195,8191,0,0,389,0,15.7841,1915,1010,4309,0
809,7.80373,84,0,1,0,95.175,249,8191,1,0,378,1,18.0321,1916,1011,4310,0
746,7.19535,99,0,4,0,115.238,278,8189,4,0,242,4,16.0157,1920,1015,4314,0
795,7.66793,169,0,4,0,165.882,300,8189,4,0,195,4,16.392,1924,1019,4318,0
838,8.08271,126,0,5,0,140.829,325,8191,5,0,249,5,15.6008,1929,1024,4323,0
836,8.06351,82,0,3,0,138.689,353,8189,3,0,297,3,17.6462,1932,1027,4326,0
814,7.85128,70,0,2,0,117.776,379,8189,2,0,293,2,13.9028,1934,1029,4328,0
874,8.43035,227,0,4,0,147.16,393,8189,4,0,166,4,15.5719,1938,1033,4332,0
833,8.03514,89,0,7,0,76.794,406,8189,7,0,172,7,12.4363,1945,1040,4339,0
769,7.4179,99,0,4,0,103.385,425,8189,4,0,246,4,11.2399,1949,1044,4343,0
784,7.56255,201,0,2,0,259.478,445,8191,2,0,262,2,17.1059,1951,1046,4345,0
763,7.35961,105,0,1,0,153.389,468,8189,1,0,332,1,12.3012,1952,1047,4346,0
852,8.21853,114,0,5,0,117.812,487,8191,5,0,284,5,18.0611,1957,1052,4351,0
803,7.74591,91,0,3,0,124.843,503,8189,3,0,242,3,19.8266,1960,1055,4354,0
801,7.72512,106,0,2,0,135.507,521,8189,2,0,294,2,16.7103,1962,1057,4356,0
719,6.93507,91,0,4,0,131.298,535,8189,4,0,236,4,16.527,1966,1061,4360,0
761,7.34003,302,0,2,0,137.046,546,8189,2,0,182,2,16.1122,1968,1063,4362,0
776,7.48395,109,0,8,0,161.919,555,8133,8,0,157,8,16.9322,1976,1071,4370,0
730,7.04117,118,0,2,0,126.735,570,8189,2,0,260,2,19.4407,1978,1073,4372,0
815,7.86093,131,0,3,0,98.944,584,8189,3,0,247,3,14.964,1981,1076,4375,0
845,8.14978,72,0,5,0,99.64,598,8189,5,0,273,5,14.2983,1986,1081,4380,0
791,7.62939,218,0,4,0,113.974,608,8190,4,0,180,4,13.6616,1990,1085,4384,0
778,7.50425,89,0,3,0,149.185,622,8189,3,0,281,3,19.2478,1993,1088,4387,0
831,8.01528,86,0,1,0,98.904,638,8189,1,0,299,1,13.9414,1994,1089,4388,0
865,8.34358,96,0,3,0,65.233,655,8189,2,0,352,3,13.3818,1996,1092,4391,0
834,8.04459,149,0,8,0,110.697,665,8189,9,0,196,8,17.212,2005,1100,4399,0
892,8.60402,376,0,1,0,176.566,674,8189,1,0,200,1,16.0253,2006,1101,4400,0
879,8.47831,104,0,5,0,255.433,688,8191,5,0,292,5,16.0736,2011,1106,4405,0
810,7.81268,106,0,6,0,78.771,702,8158,6,0,300,6,15.2342,2017,1112,4411,0
799,7.70689,123,0,6,0,97.256,710,8189,6,0,195,6,16.4691,2023,1118,4417,0
862,8.31429,110,0,4,0,162.553,722,8189,4,0,266,4,16.1122,2027,1122,4421,0
800,7.7163,323,0,2,0,113.379,730,8189,2,0,171,2,17.0384,2029,1124,4423,0
787,7.59092,158,0,7,0,126.807,738,8190,7,0,190,7,17.1348,2036,1131,4430,0
787,7.59056,135,0,4,0,109.124,747,8189,4,0,217,4,17.5304,2040,1135,4434,0
846,8.15987,193,0,2,0,112.682,758,8189,2,0,244,2,20.309,2042,1137,4436,0
757,7.30199,80,0,7,0,115.443,767,8189,7,0,210,7,19.3828,2049,1144,4443,0
791,7.62916,96,0,3,0,100.318,777,8189,3,0,249,3,16.2955,2052,1147,4446,0
897,8.65194,70,0,8,0,116.205,788,8190,8,0,273,8,17.1059,2060,1155,4454,0
848,8.17965,70,0,2,0,125.875,800,8191,2,0,304,2,19.9714,2062,1157,4456,0
814,7.8519,146,0,4,0,160.048,811,8189,4,0,260,4,16.9033,2066,1161,4460,0
806,7.77462,119,0,3,0,82.056,821,8189,3,0,258,3,20.5116,2069,1164,4463,0
877,8.45894,313,0,1,0,171.227,832,8189,1,0,286,1,18.1575,2070,1165,4464,0
867,8.36308,108,0,3,0,102.953,841,8189,3,0,229,3,14.0861,2073,1168,4467,0
807,7.78378,74,0,6,0,116.055,849,8189,6,0,221,6,12.6968,2079,1174,4473,0
811,7.82238,116,0,4,0,111.882,860,8189,4,0,281,4,14.6843,2083,1178,4477,0
975,9.40402,291,0,1,0,221.633,870,8189,1,0,293,1,13.266,2084,1179,4478,0
858,8.27568,324,0,2,0,153.562,880,8190,2,0,274,2,14.8965,2086,1181,4480,0
868,8.37206,77,0,3,0,117.758,889,8189,3,0,250,3,17.2892,2089,1184,4483,0
774,7.46547,102,0,4,0,153.607,897,8189,4,0,209,4,13.1792,2093,1188,4487,0
784,7.56154,122,0,0,0,196.373,909,8189,0,0,348,0,14.5009,2093,1188,4487,0
846,8.15996,141,0,1,0,234.362,922,8190,1,0,358,1,17.2313,2094,1189,4488,0
821,7.91862,66,0,8,0,112.467,928,8189,8,0,192,8,14.2887,2102,1197,4496,0
775,7.4751,259,0,6,0,94.346,935,8166,6,0,194,6,13.1792,2108,1203,4502,0
652,6.28811,82,0,292,0,98.993,112,8191,67,0,209,2,12.8415,2175,1205,4794,0
876,8.44995,151,0,3,0,170.534,185,8189,3,0,339,3,19.6144,2178,1208,4797,0
801,7.72654,216,0,5,0,93.198,217,8191,5,0,202,5,15.7648,2183,1213,4802,0
736,7.09939,96,0,2,0,156.694,253,8189,2,0,264,2,14.8869,2185,1215,4804,0
831,8.01546,75,0,3,0,129.385,283,8189,3,0,257,3,10.169,2188,1218,4807,0
731,7.05058,63,0,4,0,119.284,302,8189,4,0,169,4,11.0663,2192,1222,4811,0
888,8.56505,183,0,2,0,219.548,327,8189,2,0,245,2,14.4624,2194,1224,4813,0
817,7.88027,105,0,7,0,92.272,343,8105,7,0,173,7,14.5492,2201,1231,4820,0
794,7.65841,166,0,3,0,180.228,364,8189,3,0,227,3,17.7137,2204,1234,4823,0
838,8.08282,82,0,2,0,71.876,390,8189,2,0,310,2,14.9448,2206,1236,4825,0
820,7.90914,149,0,2,0,121.592,417,8190,2,0,340,2,13.6037,2208,1238,4827,0
776,7.48474,79,0,4,0,157.999,441,8189,4,0,322,4,16.2858,2212,1242,4831,0
822,7.92851,85,0,8,0,71.873,451,8189,8,0,134,8,13.8642,2220,1250,4839,0
802,7.73549,101,0,7,0,226.053,461,8189,7,0,147,7,12.2144,2227,1257,4846,0
872,8.41093,83,0,3,0,99.876,478,8190,3,0,259,3,17.1638,2230,1260,4849,0
743,7.16568,99,0,3,0,145.526,496,8189,3,0,272,3,10.7575,2233,1263,4852,0
754,7.27259,83,0,2,0,108.53,515,8187,2,0,294,2,15.9096,2235,1265,4854,0
818,7.89044,64,0,243,0,58.207,66,8191,93,0,241,4,17.1734,2328,1269,5097,0
819,7.89959,93,0,2,0,97.989,155,8191,2,0,310,2,14.115,2330,1271,5099,0
891,8.59399,105,0,2,0,175.505,211,8191,2,0,318,2,14.4431,2332,1273,5101,0
776,7.48504,200,0,4,0,238.296,245,8191,4,0,245,4,16.1508,2336,1277,5105,0
883,8.51723,261,0,1,0,106.901,276,8191,1,0,254,1,10.0629,2337,1278,5106,0
766,7.38846,78,0,5,0,84.602,296,8191,5,0,179,5,19.0355,2342,1283,5111,0
796,7.67792,198,0,4,0,130.315,317,8189,4,0,196,4,16.6139,2346,1287,5115,0
666,6.42384,117,0,228,0,91.825,117,8191,76,0,228,2,14.2983,2422,1289,5343,0
773,7.45579,76,0,3,0,88.547,166,8189,3,0,218,3,13.4783,2425,1292,5346,0
885,8.536,71,0,4,0,101.74,210,8189,4,0,258,4,16.2762,2429,1296,5350,0
853,8.22747,170,0,7,0,80.154,238,8191,7,0,196,7,15.2921,2436,1303,5357,0
787,7.59089,72,0,2,0,167.133,270,8191,2,0,256,2,18.1093,2438,1305,5359,0
832,8.02485,91,0,5,0,78.999,296,8189,5,0,232,5,14.993,2443,1310,5364,0
825,7.95762,70,0,2,0,91.998,330,8189,2,0,329,2,14.6939,2445,1312,5366,0
808,7.79375,80,0,3,0,121.243,354,8189,3,0,261,3,16.0157,2448,1315,5369,0
725,6.99316,224,0,2,0,130.231,371,8189,2,0,194,2,16.5367,2450,1317,5371,0
838,8.08325,386,0,6,0,135.837,386,8189,6,0,177,6,15.9964,2456,1323,5377,0
768,7.40759,122,0,6,0,107.841,402,8191,6,0,191,6,14.7421,2462,1329,5383,0
731,7.05076,84,0,10,0,121.988,411,8191,10,0,112,10,16.4884,2472,1339,5393,0
804,7.75548,110,0,8,0,169.214,425,8189,8,0,186,8,13.5747,2480,1347,5401,0
838,8.08291,132,0,2,0,114.341,447,8191,2,0,303,2,15.4561,2482,1349,5403,0
856,8.25608,140,0,11,0,86.538,457,8190,11,0,138,11,13.9703,2493,1360,5414,0
501,4.83229,25,0,462,0,59.382,25,8189,64,0,24,5,14.7325,2557,1365,5876,0
782,7.54264,88,0,4,0,106.513,133,8144,4,0,268,4,11.6644,2561,1369,5880,0
853,8.22751,102,0,158,0,97.543,106,8189,112,0,299,1,14.9448,2673,1370,6038,0
782,7.54298,113,0,3,0,103.85,166,8189,3,0,255,3,14.8676,2676,1373,6041,0
405,3.90648,15,0,180,0,77.744,15,8189,91,0,70,4,14.472,2767,1377,6221,0
801,7.72626,133,0,1,0,149.887,139,8189,1,0,306,1,14.665,2768,1378,6222,0
823,7.93789,118,0,2,0,167.507,194,8191,2,0,284,2,15.8324,2770,1380,6224,0
779,7.51387,87,0,5,0,140.783,218,8189,5,0,154,5,15.8227,2775,1385,6229,0
802,7.73621,96,0,3,0,81.91,255,8191,3,0,277,3,15.5622,2778,1388,6232,0
832,8.02531,88,0,3,0,89.718,297,8191,3,0,364,3,16.4788,2781,1391,6235,0
731,7.05084,103,0,2,0,60.683,328,8189,2,0,300,2,13.1309,2783,1393,6237,0
885,8.53621,78,0,3,0,117.483,360,8189,3,0,345,3,21.4572,2786,1396,6240,0
706,6.80961,79,0,309,0,80.042,92,8189,70,0,168,1,17.8102,2856,1397,6549,0
766,7.38853,101,0,5,0,103.765,149,8191,5,0,218,5,17.0963,2861,1402,6554,0
743,7.16646,105,0,4,0,125.501,196,8191,4,0,254,4,17.897,2865,1406,6558,0
783,7.55232,59,0,13,0,105.231,222,8189,13,0,165,13,16.363,2878,1419,6571,0
723,6.97357,74,0,15,0,88.808,232,8189,15,0,73,15,16.8936,2893,1434,6586,0
782,7.54225,90,0,10,0,142.565,252,8191,10,0,149,10,16.6814,2903,1444,6596,0
791,7.62942,108,0,3,0,119.717,286,8189,3,0,293,3,15.4368,2906,1447,6599,0
794,7.65864,152,0,0,0,74.48,326,8190,0,0,382,0,15.4272,2906,1447,6599,0
829,7.99603,81,0,3,0,82.409,348,8189,3,0,234,3,13.7484,2909,1450,6602,0
841,8.11177,102,0,4,0,129.678,375,8189,4,0,296,4,15.7069,2913,1454,6606,0
769,7.41747,79,0,3,0,221.59,390,8189,3,0,182,3,13.1695,2916,1457,6609,0
809,7.8035,191,0,1,0,208.333,415,8191,1,0,316,1,13.102,2917,1458,6610,0
820,7.90964,47,0,5,0,74.487,439,8189,5,0,316,5,16.2762,2922,1463,6615,0
770,7.42713,78,0,6,0,78.726,455,8190,6,0,224,6,13.7966,2928,1469,6621,0
736,7.09895,102,0,7,0,121.852,463,8106,7,0,114,7,11.4908,2935,1476,6628,0
824,7.94781,139,0,2,0,144.244,482,8189,2,0,288,2,14.9351,2937,1478,6630,0
819,7.89953,63,0,3,0,156.922,502,8191,3,0,314,3,17.9742,2940,1481,6633,0
790,7.61784,67,0,3,0,211.903,516,8189,3,0,211,3,19.7109,2943,1484,6636,0
753,7.26295,91,0,4,0,102.532,531,8190,4,0,249,4,14.6264,2947,1488,6640,0
808,7.79394,159,0,3,0,109.918,541,8189,3,0,172,3,13.5747,2950,1491,6643,0
871,8.40174,81,0,5,0,225.555,551,8189,5,0,166,5,16.363,2955,1496,6648,0
922,8.89193,300,0,1,0,157.199,567,8189,1,0,283,1,16.5463,2956,1497,6649,0
818,7.89027,77,0,1,0,96.979,584,8189,1,0,306,1,15.2149,2957,1498,6650,0
822,7.92844,147,0,4,0,126.24,599,8187,4,0,286,4,15.4464,2961,1502,6654,0
806,7.77438,188,0,2,0,134.901,613,8189,2,0,253,2,15.186,2963,1504,6656,0
767,7.39869,136,0,3,0,109.748,626,8191,3,0,247,3,15.5719,2966,1507,6659,0
818,7.89041,88,0,2,0,136.623,639,8189,2,0,274,2,21.544,2968,1509,6661,0
744,7.17659,75,0,6,0,139.407,650,8189,6,0,216,6,15.9192,2974,1515,6667,0
823,7.93841,161,0,5,0,86.542,661,8191,5,0,231,5,15.5912,2979,1520,6672,0
805,7.76436,77,0,4,0,146.102,674,8189,4,0,269,4,13.6423,2983,1524,6676,0
847,8.16976,159,0,7,0,106.307,682,8191,7,0,155,7,16.1797,2990,1531,6683,0
862,8.31425,66,0,2,0,133.499,697,8191,2,0,332,2,17.7909,2992,1533,6685,0
772,7.44622,78,0,2,0,80.212,709,8189,2,0,272,2,12.9959,2994,1535,6687,0
771,7.43657,64,0,5,0,106.969,718,8189,5,0,197,5,14.115,2999,1540,6692,0
793,7.64874,166,0,4,0,157.646,726,8189,4,0,166,4,15.2631,3003,1544,6696,0
801,7.72585,90,0,4,0,97.919,735,8189,4,0,218,4,16.1508,3007,1548,6700,0
743,7.16641,99,0,5,0,71.763,741,8190,5,0,139,5,13.2274,3012,1553,6705,0
841,8.11142,284,0,1,0,258.92,753,8189,1,0,282,1,15.1474,3013,1554,6706,0
804,7.75477,78,0,5,0,91.213,763,8189,5,0,229,5,15.842,3018,1559,6711,0
849,8.18895,148,0,4,0,89.262,772,8189,4,0,217,4,15.8227,3022,1563,6715,0
788,7.60123,81,0,4,0,92.358,781,8189,4,0,211,4,13.7966,3026,1567,6719,0
760,7.33043,97,0,5,0,117.781,789,8189,5,0,205,5,13.459,3031,1572,6724,0
789,7.61016,166,0,4,0,195.113,799,8189,3,0,245,4,17.8488,3034,1576,6728,0
860,8.29505,102,0,2,0,165.633,812,8189,3,0,342,2,15.0026,3037,1578,6730,0
968,9.33663,193,0,1,0,223.684,828,8189,1,0,393,1,18.5338,3038,1579,6731,0
811,7.82237,125,0,7,0,90.132,834,8190,7,0,175,7,17.0963,3045,1586,6738,0
919,8.86426,125,0,3,0,139.094,845,8189,3,0,285,3,17.8392,3048,1589,6741,0
814,7.85137,92,0,4,0,130.66,856,8114,4,0,287,4,14.2212,3052,1593,6745,0
809,7.80318,163,0,2,0,165.195,866,8189,2,0,279,2,14.0282,3054,1595,6747,0
770,7.42691,71,0,6,0,118.867,874,8189,6,0,213,6,17.6076,3060,1601,6753,0
803,7.74579,65,0,3,0,140.005,884,8189,3,0,256,3,11.047,3063,1604,6756,0
851,8.20903,61,0,3,0,77.428,893,8189,3,0,274,3,17.5111,3066,1607,6759,0
909,8.7681,161,0,2,0,111.039,904,8189,2,0,302,2,15.2535,3068,1609,6761,0
786,7.58121,123,0,5,0,448.821,912,8189,5,0,234,5,13.8352,3073,1614,6766,0
806,7.77403,128,0,2,0,108.888,923,8191,2,0,295,2,15.3982,3075,1616,6768,0
807,7.78379,106,0,4,0,108.226,930,8191,4,0,224,4,16.8261,3079,1620,6772,0
813,7.84157,90,0,2,0,92.481,942,8189,2,0,325,2,15.9674,3081,1622,6774,0
798,7.69738,77,0,4,0,92.626,952,8190,4,0,319,4,16.2183,3085,1626,6778,0
796,7.67755,99,0,2,0,103.773,961,8189,2,0,272,2,18.1575,3087,1628,6780,0
856,8.25633,123,0,7,0,136.864,967,8189,7,0,180,7,18.4759,3094,1635,6787,0
891,8.59403,92,0,4,0,77.821,973,8189,4,0,183,4,16.392,3098,1639,6791,0
848,8.1792,87,0,3,0,117.846,982,8189,3,0,271,3,14.144,3101,1642,6794,0
832,8.02515,157,0,3,0,250.03,989,8190,3,0,218,3,15.842,3104,1645,6797,0
788,7.60064,88,0,5,0,121.399,995,8189,5,0,182,5,14.144,3109,1650,6802,0
773,7.45579,76,0,5,0,92.685,1002,8190,5,0,225,5,16.3244,3114,1655,6807,0
728,7.02175,72,0,4,0,150.349,1007,8191,4,0,146,4,14.665,3118,1659,6811,0
820,7.90953,91,0,3,0,100.033,1017,8191,3,0,328,3,17.9549,3121,1662,6814,0
910,8.77742,156,0,1,0,124.42,1028,8189,1,0,327,1,18.3408,3122,1663,6815,0
767,7.39797,83,0,3,0,102.927,1035,8189,3,0,221,3,14.0089,3125,1666,6818,0
806,7.7741,74,0,6,0,127.574,1040,8189,6,0,177,6,13.6423,3131,1672,6824,0
879,8.47836,177,0,4,0,117.076,1048,8190,4,0,270,4,15.0316,3135,1676,6828,0
759,7.32107,280,0,12,0,119.542,1053,8145,12,0,144,12,13.6712,3147,1688,6840,0
625,6.02862,68,0,595,0,59.794,71,8189,69,0,94,5,15.2631,3216,1693,7435,0
725,6.99302,88,0,80,0,80.807,104,8189,71,0,242,4,15.8903,3287,1697,7515,0
862,8.31426,176,0,1,0,122.899,182,8189,1,0,348,1,13.2564,3288,1698,7516,0
757,7.30172,106,0,7,0,134.522,210,8189,7,0,170,7,10.9215,3295,1705,7523,0
735,7.08936,74,0,3,0,142.516,246,8189,3,0,258,3,13.98,3298,1708,7526,0
728,7.02179,129,0,9,0,162.546,260,8189,9,0,112,9,14.5974,3307,1717,7535,0
504,4.86129,67,0,262,0,59.96,68,8189,60,0,88,2,14.5395,3367,1719,7797,0
734,7.07988,130,0,3,0,119.543,131,8189,3,0,195,3,16.3727,3370,1722,7800,0
851,8.20802,148,0,1,0,157.596,203,8189,1,0,375,1,18.0128,3371,1723,7801,0
903,8.70965,151,0,5,0,146.127,244,8189,5,0,291,5,19.8556,3376,1728,7806,0
837,8.07315,97,0,3,0,86.887,279,8189,3,0,281,3,13.7195,3379,1731,7809,0
797,7.68733,111,0,3,0,83.326,309,8189,3,0,282,3,12.8125,3382,1734,7812,0
872,8.41075,117,0,3,0,116.225,339,8189,3,0,303,3,14.5974,3385,1737,7815,0
762,7.34985,79,0,2,0,99.881,368,8189,2,0,323,2,17.376,3387,1739,7817,0
748,7.21476,82,0,2,0,82.628,387,8189,2,0,216,2,15.9771,3389,1741,7819,0
807,7.78419,170,0,2,0,123.245,412,8189,2,0,324,2,14.4334,3391,1743,7821,0
758,7.3115,93,0,1,0,140.333,437,8189,1,0,332,1,12.7354,3392,1744,7822,0
838,8.08279,62,0,7,0,102.712,450,8189,7,0,181,7,16.4691,3399,1751,7829,0
741,7.14719,119,0,9,0,116.231,460,8191,9,0,137,9,18.3794,3408,1760,7838,0
820,7.9094,109,0,2,0,134.437,480,8189,2,0,286,2,13.2274,3410,1762,7840,0
759,7.32084,124,0,6,0,128.38,490,8189,6,0,162,6,17.0094,3416,1768,7846,0
821,7.9188,88,0,4,0,97.58,507,8191,4,0,257,4,17.2506,3420,1772,7850,0
779,7.51371,101,0,205,0,83.893,101,8191,104,0,237,2,13.1309,3524,1774,8055,0
881,8.49755,107,0,3,0,83.53,179,8189,3,0,343,3,19.1127,3527,1777,8058,0
746,7.19542,122,0,8,0,101.129,212,8189,8,0,203,8,16.2955,3535,1785,8066,0
850,8.19868,62,0,3,0,104.182,251,8189,3,0,280,3,17.2506,3538,1788,8069,0
805,7.76423,155,0,4,0,103.04,279,8190,4,0,230,4,17.4146,3542,1792,8073,0
783,7.5523,73,0,4,0,77.129,307,8191,4,0,258,4,13.7002,3546,1796,8077,0
852,8.21807,131,0,1,0,122.204,339,8189,1,0,325,1,13.8159,3547,1797,8078,0
778,7.50455,89,0,8,0,98.612,358,8190,8,0,203,8,11.9635,3555,1805,8086,0
784,7.56253,181,0,2,0,143.953,379,8189,2,0,245,2,15.35,3557,1807,8088,0
903,8.70979,145,0,2,0,149.952,410,8189,2,0,384,2,17.6848,3559,1809,8090,0
745,7.18571,95,0,3,0,70.217,428,8189,3,0,233,3,13.9028,3562,1812,8093,0
784,7.56252,89,0,4,0,83.446,445,8191,4,0,235,4,15.7166,3566,1816,8097,0
825,7.95755,172,0,1,0,133.425,467,8189,1,0,312,1,19.0741,3567,1817,8098,0
931,8.9798,105,0,3,0,78.846,487,8189,3,0,294,3,14.9544,3570,1820,8101,0
786,7.58133,76,0,4,0,92.323,503,8189,4,0,247,4,18.447,3574,1824,8105,0
786,7.58131,99,0,1,0,226.929,521,8189,1,0,296,1,15.6973,3575,1825,8106,0
773,7.45579,87,0,4,0,122.705,536,8191,4,0,246,4,15.4947,3579,1829,8110,0
812,7.83198,156,0,5,0,127.384,549,8190,5,0,217,5,12.3687,3584,1834,8115,0
757,7.30155,86,0,6,0,87.224,562,8189,6,0,236,6,16.8744,3590,1840,8121,0
858,8.27572,191,0,3,0,85.965,578,8190,3,0,274,3,17.8199,3593,1843,8124,0
862,8.3143,87,0,4,0,133.897,592,8189,4,0,257,4,14.5299,3597,1847,8128,0
788,7.60009,99,0,3,0,94.33,608,8189,3,0,313,3,12.8704,3600,1850,8131,0
898,8.66136,118,0,5,0,86.319,623,8189,5,0,286,5,17.897,3605,1855,8136,0
814,7.85123,246,0,2,0,257.918,635,8189,2,0,230,2,15.5236,3607,1857,8138,0
881,8.49781,113,0,6,0,84.777,648,8189,6,0,254,6,18.5531,3613,1863,8144,0
801,7.72493,190,0,4,0,136.316,659,8189,4,0,239,4,16.0253,3617,1867,8148,0
832,8.02507,347,0,2,0,116.817,669,8189,2,0,194,2,15.7648,3619,1869,8150,0
907,8.74829,155,0,4,0,105.997,684,8187,4,0,317,4,16.2955,3623,1873,8154,0
793,7.64162,117,0,5,0,87.92,700,8190,5,0,346,5,15.2052,3628,1878,8159,0
795,7.66802,183,0,2,0,216.286,712,8189,2,0,272,2,14.3176,3630,1880,8161,0
785,7.57163,86,0,3,0,90.039,726,8191,3,0,312,3,13.623,3633,1883,8164,0
714,6.88683,151,0,3,0,107.212,735,8189,3,0,210,3,13.9317,3636,1886,8167,0
868,8.37122,178,0,2,0,88.809,749,8189,2,0,315,2,14.3176,3638,1888,8169,0
856,8.25692,97,0,2,0,111.876,762,8189,2,0,319,2,17.4243,3640,1890,8171,0
882,8.50753,135,0,3,0,155.092,773,8189,3,0,249,3,15.2824,3643,1893,8174,0
760,7.33,166,0,5,0,112.508,784,8189,5,0,273,5,15.4175,3648,1898,8179,0
742,7.15652,99,0,4,0,84.225,795,8189,4,0,286,4,15.3017,3652,1902,8183,0
740,7.13738,86,0,4,0,106.297,803,8191,4,0,184,4,12.5906,3656,1906,8187,0
890,8.58483,131,0,2,0,101.378,816,8189,2,0,330,2,14.3369,3658,1908,8189,0
840,8.10182,142,0,6,0,88.05,824,8189,6,0,203,6,14.993,3664,1914,8195,0
831,8.0156,71,0,4,0,71.569,833,8189,4,0,252,4,14.0089,3668,1918,8199,0
728,7.02174,229,0,3,0,145.393,840,8189,3,0,179,3,15.2342,3671,1921,8202,0
832,8.02491,158,0,3,0,194.715,853,8189,3,0,335,3,14.8193,3674,1924,8205,0
937,9.03767,99,0,4,0,80.107,865,8189,4,0,312,3,15.157,3678,1927,8209,0
869,8.38172,89,0,2,0,130.965,878,8189,2,0,360,2,15.2342,3680,1929,8211,0
829,7.99574,143,0,6,0,103.077,884,8189,6,0,183,6,16.6524,3686,1935,8217,0
782,7.54284,158,0,1,0,212.467,895,8189,1,0,307,1,15.678,3687,1936,8218,0
772,7.44433,144,0,7,0,107.672,901,8189,7,0,168,7,12.2047,3694,1943,8225,0
871,8.40172,162,0,3,0,159.241,908,8189,3,0,191,3,13.9896,3697,1946,8228,0
881,8.49761,217,0,2,0,157.818,919,8190,2,0,323,2,15.3307,3699,1948,8230,0
839,8.09246,300,0,2,0,121.931,928,8190,2,0,243,2,18.582,3701,1950,8232,0
769,7.41696,118,0,1,0,94.974,936,8189,1,0,236,1,16.691,3702,1951,8233,0
801,7.7259,75,0,3,0,89.835,947,8191,3,0,314,3,14.308,3705,1954,8236,0
805,7.76365,207,0,5,0,161.967,955,8191,5,0,256,5,17.6751,3710,1959,8241,0
744,7.17612,86,0,2,0,172.046,962,8189,2,0,204,2,16.1893,3712,1961,8243,0
760,7.33045,149,0,6,0,75.668,969,8189,6,0,221,6,16.9033,3718,1967,8249,0
895,8.6326,131,0,6,0,139.498,976,8189,6,0,195,6,14.4431,3724,1973,8255,0
980,9.45302,127,0,1,0,122.724,990,8189,1,0,428,1,19.8652,3725,1974,8256,0
922,8.89371,509,0,1,0,285.383,996,8189,1,0,200,1,19.9617,3726,1975,8257,0
859,8.28545,8,0,998,0,373.969,8,8189,54,0,77,0,19.4986,3780,1975,9255,0
931,8.98006,120,0,2,0,118.65,140,8191,2,0,316,2,21.9685,3782,1977,9257,0
1043,10.0599,202,0,0,0,204.001,225,8189,0,0,485,0,20.5502,3782,1977,9257,0
860,8.29529,90,0,5,0,93.383,259,8190,5,0,254,5,13.6616,3787,1982,9262,0
1000,9.64504,233,0,2,0,179.127,289,8189,2,0,259,2,18.4277,3789,1984,9264,0
958,9.24055,102,0,1,0,118.492,330,8187,1,0,394,1,20.6274,3790,1985,9265,0
869,8.38172,84,0,2,0,126.812,361,8189,2,0,337,2,18.4373,3792,1987,9267,0
876,8.44532,182,0,3,0,138.644,384,8190,3,0,277,3,19.1609,3795,1990,9270,0
917,8.84539,214,0,3,0,160.669,408,8190,3,0,291,3,17.4532,3798,1993,9273,0
812,7.83248,208,0,3,0,164.437,423,8191,3,0,194,3,19.6047,3801,1996,9276,0
896,8.64238,97,0,1,0,116.6,450,8189,1,0,375,1,18.9583,3802,1997,9277,0
870,8.39156,47,0,154,0,114.67,47,8189,113,0,307,2,17.3664,3915,1999,9431,0
791,7.63016,85,0,2,0,147.985,149,8191,2,0,313,2,15.6587,3917,2001,9433,0
822,7.92859,124,0,2,0,145.971,199,8189,2,0,272,2,17.4725,3919,2003,9435,0
825,7.95736,67,0,3,0,92.57,240,8189,3,0,282,3,12.6775,3922,2006,9438,0
745,7.18569,171,0,2,0,110.622,265,8189,2,0,199,2,13.6037,3924,2008,9440,0
797,7.6877,81,0,6,0,112.072,288,8189,6,0,200,6,16.8068,3930,2014,9446,0
787,7.59129,109,0,2,0,116.364,317,8189,2,0,275,2,14.9255,3932,2016,9448,0
826,7.96724,79,0,2,0,104.625,343,8189,2,0,268,2,15.2921,3934,2018,9450,0
756,7.29163,90,0,4,0,132.064,367,8191,4,0,262,4,16.4981,3938,2022,9454,0
760,7.33108,61,0,3,0,75.4,389,8191,3,0,259,3,17.4339,3941,2025,9457,0
774,7.46566,76,0,5,0,84.547,407,8191,5,0,231,5,14.2983,3946,2030,9462,0
790,7.61964,158,0,2,0,168.546,426,8189,2,0,241,2,15.5333,3948,2032,9464,0
800,7.71693,91,0,4,0,88.97,444,8189,4,0,252,4,21.0133,3952,2036,9468,0
808,7.79421,118,0,2,0,145.542,465,8191,2,0,296,2,14.8386,3954,2038,9470,0
830,8.00551,160,0,3,0,123.554,479,8191,3,0,212,3,12.6389,3957,2041,9473,0
901,8.69041,298,0,0,0,439.582,499,8187,0,0,296,0,13.7388,3957,2041,9473,0
835,8.05387,70,0,4,0,99.41,515,8189,4,0,264,4,15.4754,3961,2045,9477,0
810,7.8131,69,0,3,0,102.209,534,8191,3,0,298,3,19.9424,3964,2048,9480,0
805,7.76483,125,0,3,0,84.285,547,8189,3,0,231,3,17.2024,3967,2051,9483,0
758,7.31119,85,0,5,0,177.014,557,8191,5,0,176,5,17.9549,3972,2056,9488,0
855,8.2469,178,0,4,0,92.093,577,8191,4,0,348,4,18.2154,3976,2060,9492,0
643,6.20242,86,0,317,0,79.269,86,8189,70,0,133,4,15.7359,4046,2064,9809,0
774,7.46606,107,0,5,0,75.461,148,8191,5,0,228,5,11.2689,4051,2069,9814,0
892,8.60417,126,0,2,0,164.229,208,8189,2,0,333,2,15.1474,4053,2071,9816,0
869,8.38182,89,0,3,0,86.366,243,8189,3,0,250,3,13.9124,4056,2074,9819,0
785,7.57164,61,0,189,0,95.158,106,8191,103,0,212,3,14.7614,4159,2077,10008,0
715,6.89646,104,0,3,0,119.341,152,8191,3,0,186,3,16.9419,4162,2080,10011,0
805,7.76485,108,0,4,0,119.059,197,8189,4,0,245,4,16.9419,4166,2084,10015,0
813,7.84182,163,0,1,0,101.605,239,8189,1,0,286,1,17.8199,4167,2085,10016,0
819,7.89953,130,0,7,0,109.847,260,8189,7,0,168,7,16.6332,4174,2092,10023,0
831,8.01528,112,0,4,0,77.252,291,8189,4,0,264,4,15.0026,4178,2096,10027,0
784,7.56213,71,0,3,0,120.792,322,8189,3,0,296,3,13.073,4181,2099,10030,0
799,7.70716,83,0,174,0,81.662,10,8190,55,0,189,6,15.7069,4236,2105,10204,0
758,7.31018,106,0,2,0,103.323,125,8191,49,0,251,2,16.363,4285,2107,10206,0
859,8.28543,111,0,3,0,96.293,180,8189,3,0,265,3,22.2772,4288,2110,10209,0
803,7.74505,215,0,1,0,196.975,228,8189,1,0,301,1,19.4986,4289,2111,10210,0
775,7.47571,123,0,3,0,103.069,260,8189,3,0,248,3,18.0804,4292,2114,10213,0
874,8.43057,130,0,6,0,101.52,283,8187,6,0,191,6,14.8097,4298,2120,10219,0
868,8.37286,107,0,2,0,149.956,321,8190,2,0,367,2,22.1132,4300,2122,10221,0
1017,9.80969,63,0,1,0,88.997,360,8191,1,0,411,1,19.489,4301,2123,10222,0
913,8.80622,149,0,2,0,218.694,378,8189,2,0,214,2,18.5724,4303,2125,10224,0
800,7.71622,145,0,4,0,76.604,398,8191,4,0,233,4,19.4118,4307,2129,10228,0
845,8.15026,247,0,2,0,169.008,419,8189,2,0,273,2,12.909,4309,2131,10230,0
866,8.35286,95,0,4,0,101.029,436,8189,4,0,228,4,15.35,4313,2135,10234,0
811,7.82236,99,0,2,0,133.81,459,8189,2,0,322,2,11.2496,4315,2137,10236,0
845,8.15027,68,0,4,0,79.356,478,8191,4,0,276,4,14.3948,4319,2141,10240,0
813,7.84215,67,0,2,0,126.365,495,8189,2,0,260,2,20.7625,4321,2143,10242,0
823,7.93812,101,0,4,0,102.711,512,8189,4,0,262,4,18.6592,4325,2147,10246,0


