SendPacket,SendRate(Mb/s),FlightSize,ReceiveRate(Mb/s),Send Loss,Recv Loss,RTT(ms),CWnd,FlowWindow,Retrans,PktSndPeriod(us),RecvACK,RecvNAK,EstimatedBandwidth(Mb/s),Retrans_Total,NAK_TotalRecv,Total Send Loss,Total Recv Loss
1348,4.65405,132,0,2,0,68.447,177,8189,2,0,503,2,11.6845,2,2,2,0
1703,6.21056,199,0,1,0,68.181,276,8189,1,0,707,1,12.239,3,3,3,0
1471,5.36487,121,0,3,0,79.027,321,8191,3,0,420,3,9.00326,6,6,6,0
1664,6.06869,153,0,2,0,69.654,385,8189,2,0,710,2,9.54317,8,8,8,0
1792,6.53554,243,0,1,0,133.336,443,8189,1,0,749,1,12.8592,9,9,9,0
1688,6.15625,234,0,2,0,75.34,488,8191,2,0,653,2,12.6732,11,11,11,0
1557,5.6784,520,0,1,0,203.681,520,8191,1,0,508,1,14.1141,12,12,12,0
904,3.29704,128,0,521,0,52.829,131,8191,107,0,285,1,10.0575,119,13,533,0
1535,5.59827,236,0,1,0,156.891,241,8187,1,0,636,1,13.3043,120,14,534,0
1693,6.1744,277,0,2,0,118.765,308,8191,2,0,574,2,62.5413,122,16,536,0
1682,6.13438,151,0,1,0,109.962,380,8189,1,0,779,1,14.9641,123,17,537,0
1579,5.75878,198,0,1,0,129.316,435,8189,1,0,695,1,12.2938,124,18,538,0
1490,5.43449,192,0,3,0,104.572,469,8191,3,0,485,3,9.89702,127,21,541,0
1569,5.72238,150,0,3,0,126.451,502,8191,3,0,502,3,14.7963,130,24,544,0
1619,5.90508,194,0,2,0,79.532,536,8191,2,0,561,2,11.1446,132,26,546,0
1504,5.48518,142,0,3,0,125.742,564,8191,3,0,479,3,96.858,135,29,549,0
1761,6.42282,180,0,1,0,89.405,607,8183,1,0,789,1,14.2381,136,30,550,0
1641,5.98473,269,0,2,0,95.029,639,8185,2,0,615,2,23.1356,138,32,552,0
1742,6.35302,113,0,3,0,79.839,666,8191,3,0,549,3,24.5985,141,35,555,0
1622,5.91535,163,0,2,0,91.506,694,8191,2,0,593,2,11.6663,143,37,557,0
1706,6.22233,161,0,1,0,76.388,731,8189,1,0,824,1,11.6225,144,38,558,0
1492,5.44143,221,0,1,0,109.974,757,8189,1,0,611,1,13.5523,145,39,559,0
1649,6.01388,241,0,2,0,145.914,779,8189,2,0,523,2,365.997,147,41,561,0
1648,6.0102,438,0,1,0,117.546,800,8187,1,0,524,1,32.7408,148,42,562,0
1784,6.50619,264,0,2,0,140.948,829,8189,2,0,734,2,30.0814,150,44,564,0
1630,5.94487,165,0,1,0,208.918,856,8189,1,0,708,1,18.2436,151,45,565,0
1660,6.05407,183,0,0,0,142.64,886,8187,0,0,823,0,15.1064,151,45,565,0
1449,5.28467,137,0,2,0,85.03,909,8189,2,0,661,2,11.3745,153,47,567,0
1626,5.93041,156,0,1,0,78.834,935,8189,1,0,723,1,10.364,154,48,568,0
1672,6.09771,171,0,0,0,69.283,963,8189,0,0,836,0,18.9477,154,48,568,0
1750,6.38246,253,0,1,0,160.553,982,8189,1,0,598,1,11.1848,155,49,569,0
1695,6.1817,168,0,1,0,96.228,1007,8187,1,0,769,1,25.671,156,50,570,0
1625,5.92633,223,0,1,0,53.417,1030,8187,1,0,724,1,352.732,157,51,571,0
1555,5.67107,277,0,2,0,98.06,1045,8191,2,0,499,2,12.053,159,53,573,0
1611,5.87583,218,0,3,0,69.882,1061,8191,3,0,510,3,9.00326,162,56,576,0
1576,5.74825,239,0,1,0,78.226,1083,8191,1,0,740,1,8.04019,163,57,577,0
1570,5.72589,168,0,1,0,68.434,1102,8189,1,0,640,1,10.9075,164,58,578,0
1627,5.93369,119,0,5,0,96.26,1117,8191,5,0,537,5,12.447,169,63,583,0
1564,5.70445,233,0,0,0,149.589,1138,8189,0,0,730,0,13.2532,169,63,583,0
1591,5.80237,148,0,1,0,69.224,1158,8189,1,0,717,1,10.2363,170,64,584,0
1703,6.21111,342,0,0,0,278.539,1176,8189,0,0,675,0,12.3229,170,64,584,0
1550,5.6533,319,0,1,0,189.097,1197,8189,1,0,766,1,11.5058,171,65,585,0
1529,5.5768,208,0,1,0,80.374,1213,8189,1,0,596,1,10.9549,172,66,586,0
1655,6.03591,115,0,2,0,87.973,1231,8189,2,0,696,2,10.2144,174,68,588,0
1562,5.69699,394,0,1,0,276.148,1244,8189,1,0,520,1,9.16013,175,69,589,0
1604,5.85016,211,0,2,0,94.146,1259,8189,2,0,561,2,9.01056,177,71,591,0
1665,6.07256,168,0,0,0,112.271,1280,8189,0,0,860,0,16.6239,177,71,591,0
1678,6.11986,200,0,3,0,108.073,1296,8191,3,0,632,3,29.3482,180,74,594,0
1528,5.57317,93,0,3,0,79.826,1311,8187,3,0,595,3,8.96678,183,77,597,0
1502,5.47808,107,0,1,0,54.86,1327,8191,1,0,685,1,11.6772,184,78,598,0
1520,5.54352,145,0,1,0,97.444,1344,8191,1,0,683,1,10.3494,185,79,599,0
1718,6.26557,125,0,1,0,91.566,1361,8191,1,0,733,1,23.5114,186,80,600,0
1712,6.24363,157,0,3,0,71.527,1376,8189,3,0,630,3,12.0493,189,83,603,0
1616,5.89377,252,0,1,0,142.17,1393,8190,1,0,764,1,12.1369,190,84,604,0
1682,6.13432,184,0,1,0,110.678,1410,8191,1,0,722,1,9.51034,191,85,605,0
1644,5.99621,118,0,3,0,95.947,1424,8189,3,0,618,3,13.2787,194,88,608,0
1606,5.85701,284,0,1,0,146.909,1437,8189,1,0,607,1,9.81312,195,89,609,0
1673,6.10199,144,0,1,0,116.139,1454,8189,1,0,732,1,13.0598,196,90,610,0
1770,6.45582,285,0,1,0,131.497,1470,8189,1,0,751,1,10.623,197,91,611,0
1610,5.87174,156,0,1,0,91.739,1486,8187,1,0,731,1,11.3015,198,92,612,0
1754,6.39703,145,0,2,0,83.593,1501,8189,2,0,695,2,10.1524,200,94,614,0
1623,5.91935,113,0,2,0,56.762,1516,8189,2,0,721,2,8.16058,202,96,616,0
1477,5.38716,120,0,3,0,49.163,1527,8189,3,0,515,3,10.3968,205,99,619,0
1755,6.40093,282,0,2,0,177.189,1542,8189,2,0,722,2,13.4137,207,101,621,0
1700,6.20037,472,0,0,0,202.22,1557,8191,0,0,752,0,11.6517,207,101,621,0
1621,5.91228,158,0,1,0,75.373,1573,8185,1,0,764,1,19.535,208,102,622,0
1678,6.12019,135,0,2,0,177.313,1585,8189,2,0,603,2,10.4406,210,104,624,0
1673,6.10145,171,0,1,0,81.183,1600,8191,1,0,731,1,12.0019,211,105,625,0
1582,5.76958,165,0,1,0,125.837,1613,8191,1,0,648,1,10.2363,212,106,626,0
1689,6.15995,127,0,4,0,69.358,1624,8189,4,0,562,4,10.353,216,110,630,0
1529,5.57669,149,0,2,0,94.779,1635,8187,2,0,581,2,9.52128,218,112,632,0
1484,5.41233,304,0,2,0,112.881,1646,8190,2,0,536,2,46.5813,220,114,634,0
1537,5.6057,105,0,0,0,53.254,1661,8191,0,0,762,0,11.9472,220,114,634,0
1551,5.65672,246,0,2,0,127.25,1674,8191,2,0,709,2,12.2281,222,116,636,0
1724,6.28798,297,0,0,0,193.872,1688,8191,0,0,719,0,11.8888,222,116,636,0
1608,5.86443,130,0,1,0,84.211,1701,8189,1,0,675,1,11.006,223,117,637,0
1614,5.88644,135,0,2,0,92.532,1714,8189,2,0,704,2,18.3604,225,119,639,0
1589,5.79556,315,0,2,0,166.229,1725,8189,2,0,587,2,10.415,227,121,641,0
1754,6.39751,112,0,2,0,96.89,1737,8189,2,0,644,2,10.747,229,123,643,0
1498,5.46356,173,0,0,0,105.726,1750,8189,0,0,725,0,8.94854,229,123,643,0
1637,5.97027,156,0,2,0,137.72,1761,8189,2,0,610,2,13.3152,231,125,645,0
1569,5.72271,242,0,2,0,115.018,1770,8189,2,0,495,2,25.0873,233,127,647,0
1479,5.39428,150,0,2,0,78.688,1779,8189,2,0,517,2,9.59059,235,129,649,0
1757,6.4084,261,0,3,0,74.634,1791,8189,3,0,636,3,11.7064,238,132,652,0
1586,5.78425,176,0,1,0,109.814,1803,8189,1,0,703,1,11.214,239,133,653,0
1654,6.03247,157,0,2,0,84.437,1815,8187,2,0,682,2,13.5523,241,135,655,0
1387,5.05846,109,0,1,0,75.344,1827,8189,1,0,689,1,9.12365,242,136,656,0
1576,5.74392,111,0,1,0,52.569,1840,8189,1,0,739,1,14.5373,243,137,657,0
1643,5.98967,149,0,1,0,74.481,1853,8189,1,0,740,1,10.1852,244,138,658,0
1654,6.03212,156,0,2,0,108.955,1863,8189,2,0,570,2,10.8929,246,140,660,0
1763,6.43018,206,0,0,0,103.121,1878,8189,0,0,859,0,11.5313,246,140,660,0
1542,5.62379,275,0,0,0,153.012,1890,8189,0,0,740,0,11.8633,246,140,660,0
1672,6.09814,620,0,2,0,134.985,1899,8187,2,0,524,2,13.3116,248,142,662,0
1654,6.03263,119,0,1260,0,75.954,119,8189,115,0,297,0,9.71462,363,142,1922,0
1635,5.96341,239,0,1,0,126.755,240,8191,1,0,676,1,12.0275,364,143,1923,0
1525,5.56216,102,0,1,0,72.854,321,8189,1,0,713,1,12.0858,365,144,1924,0
1584,5.77711,254,0,1,0,134.314,378,8191,1,0,625,1,9.53222,366,145,1925,0
1689,6.15978,264,0,2,0,157.787,423,8189,2,0,566,2,11.3562,368,147,1927,0
1718,6.26584,300,0,0,0,177.505,483,8187,0,0,845,0,12.3886,368,147,1927,0
1477,5.38673,143,0,1,0,77.901,525,8189,1,0,673,1,8.34662,369,148,1928,0
1588,5.7914,212,0,2,0,113.8,565,8190,2,0,676,2,12.0092,371,150,1930,0
1800,6.56458,270,0,1,0,144.111,608,8189,1,0,778,1,13.9609,372,151,1931,0
1567,5.71502,146,0,2,0,115.292,637,8187,2,0,569,2,8.08032,374,153,1933,0
1697,6.18898,494,0,0,0,142.313,670,8189,0,0,679,0,8.65306,374,153,1933,0
1666,6.07637,124,0,0,0,89.032,713,8189,0,0,925,0,9.63802,374,153,1933,0
1627,5.93414,163,0,1,0,217.066,743,8189,1,0,694,1,11.1957,375,154,1934,0
1655,6.03585,234,0,3,0,82.714,767,8191,3,0,570,3,14.1433,378,157,1937,0
1739,6.34236,257,0,2,0,85.673,793,8191,2,0,625,2,10.7105,380,159,1939,0
1665,6.07257,138,0,2,0,194.24,813,8189,2,0,497,2,84.2177,382,161,1941,0
1575,5.74442,355,0,2,0,136.751,837,8191,2,0,632,2,14.1068,384,163,1943,0
1643,5.99251,141,0,1,0,78.404,864,8189,1,0,700,1,11.7721,385,164,1944,0
1788,6.52167,190,0,2,0,69.168,886,8191,2,0,607,2,19.6044,387,166,1946,0
1593,5.80972,221,0,0,0,125.101,914,8187,0,0,786,0,13.0963,387,166,1946,0
1631,5.94803,215,0,2,0,122.692,938,8189,2,0,699,2,11.1045,389,168,1948,0
1595,5.81695,188,0,0,0,176.522,965,8189,0,0,817,0,31.993,389,168,1948,0
1715,6.25459,265,0,1,0,127.913,989,8189,1,0,735,1,9.26957,390,169,1949,0
1659,6.05077,195,0,1,0,94.203,1013,8189,1,0,736,1,10.291,391,170,1950,0
1662,6.06142,174,0,1,0,66.154,1036,8191,1,0,737,1,14.8072,392,171,1951,0
1624,5.9232,150,0,2,0,55.772,1055,8187,2,0,633,2,11.7794,394,173,1953,0
1574,5.74048,188,0,3,0,81.719,1071,8189,3,0,537,3,18.8675,397,176,1956,0
1765,6.43693,277,0,0,0,233.065,1093,8191,0,0,738,0,344.652,397,176,1956,0
1526,5.56548,178,0,1,0,75.515,1115,8191,1,0,734,1,8.56915,398,177,1957,0
1507,5.49648,389,0,0,0,99.989,1133,8191,0,0,652,0,11.6918,398,177,1957,0
1241,4.5261,45,0,1136,0,35.1,45,8191,109,0,154,0,128.154,507,177,3093,0
1563,5.70025,159,0,1,0,91.164,213,8189,1,0,677,1,11.9545,508,178,3094,0
1850,6.74743,300,0,0,0,162.845,317,8189,0,0,861,0,17.4849,508,178,3094,0
1616,5.89385,304,0,0,0,158.957,390,8189,0,0,811,0,16.8392,508,178,3094,0
1593,5.80997,249,0,0,0,122.335,451,8189,0,0,809,0,8.13869,508,178,3094,0
1515,5.52549,126,0,1,0,99.865,500,8189,1,0,721,1,9.52858,509,179,3095,0
1663,6.06556,327,0,1,0,223.846,541,8189,1,0,671,1,17.6016,510,180,3096,0
1654,6.03245,282,0,0,0,164.906,586,8189,0,0,797,0,11.783,510,180,3096,0
1731,6.3132,232,0,1,0,169.676,626,8191,1,0,748,1,15.7885,511,181,3097,0
1729,6.30629,183,0,3,0,98.36,651,8191,3,0,505,3,7.3872,514,184,3100,0
1658,6.0468,150,0,3,0,94.361,677,8189,3,0,546,3,11.4876,517,187,3103,0
1657,6.04317,245,0,0,0,113.5,714,8189,0,0,788,0,10.1341,517,187,3103,0
1612,5.87908,133,0,1,0,71.904,748,8189,1,0,783,1,9.9408,518,188,3104,0
1917,6.9919,263,0,1,0,126.043,768,8189,1,0,482,1,9.73651,519,189,3105,0
1752,6.38969,241,0,1,0,140.668,798,8189,1,0,723,1,13.1948,520,190,3106,0
1562,5.69712,290,0,0,0,244.133,825,8189,0,0,704,0,12.3558,520,190,3106,0
1521,5.54713,358,0,1,0,209.577,845,8175,1,0,516,1,16.8684,521,191,3107,0
1716,6.25868,158,0,3,0,85.306,868,8189,3,0,609,3,14.6978,524,194,3110,0
1700,6.20001,205,0,1,0,108.3,893,8189,1,0,686,1,12.6148,525,195,3111,0
1715,6.25462,225,0,2,0,109.277,917,8191,2,0,672,2,12.3448,527,197,3113,0
1541,5.61998,222,0,0,0,114.247,943,8189,0,0,778,0,9.91526,527,197,3113,0
1512,5.51451,296,0,1,0,114.471,965,8189,1,0,642,1,8.52173,528,198,3114,0
1676,6.11275,110,0,3,0,66.659,986,8189,3,0,630,3,10.2691,531,201,3117,0
1608,5.86488,151,0,1,0,76.207,1008,8191,1,0,702,1,13.8004,532,202,3118,0
1494,5.44872,198,0,3,0,87.673,1024,8189,3,0,508,3,10.4989,535,205,3121,0
1655,6.03641,373,0,0,0,170.239,1047,8187,0,0,745,0,12.6877,535,205,3121,0
1607,5.86085,309,0,0,0,191.722,1071,8189,0,0,783,0,13.545,535,205,3121,0
1643,5.99204,140,0,1,0,78.963,1095,8191,1,0,819,1,12.4689,536,206,3122,0
1715,6.25457,121,0,0,0,73.359,1120,8189,0,0,873,0,10.8783,536,206,3122,0
1606,5.85704,202,0,0,0,114.64,1142,8189,0,0,768,0,11.1483,536,206,3122,0
1554,5.6678,208,0,0,0,76.618,1164,8189,0,0,781,0,14.1068,536,206,3122,0
1593,5.81021,284,0,0,0,163.937,1184,8189,0,0,765,0,9.02515,536,206,3122,0
1635,5.96308,153,0,1,0,86.84,1203,8189,1,0,704,1,10.8163,537,207,3123,0
1451,5.29207,131,0,1,0,152.501,1220,8187,1,0,620,1,13.8733,538,208,3124,0
1530,5.57984,169,0,2,0,73.417,1236,8189,2,0,630,2,17.6746,540,210,3126,0
1666,6.07587,421,0,1,0,210.257,1252,8189,1,0,637,1,10.9294,541,211,3127,0
1597,5.82423,270,0,2,0,132.158,1267,8189,2,0,572,2,13.9208,543,213,3129,0
1551,5.65644,124,0,3,0,135.423,1282,8189,3,0,583,3,16.996,546,216,3132,0
1677,6.11644,308,0,0,0,174.239,1300,8187,0,0,728,0,88.2925,546,216,3132,0
1732,6.31713,178,0,0,0,91.463,1322,8187,0,0,916,0,12.2865,546,216,3132,0
1621,5.91203,128,0,2,0,78.322,1337,8189,2,0,640,2,8.01466,548,218,3134,0
1779,6.48851,369,0,1,0,154.626,1353,8189,1,0,677,1,11.4803,549,219,3135,0
1688,6.15631,145,0,1,0,124.859,1372,8189,1,0,792,1,10.7032,550,220,3136,0
1766,6.44042,126,0,1,0,40.189,1391,8189,1,0,799,1,12.447,551,221,3137,0
1760,6.41884,199,0,1,0,95.632,1408,8181,1,0,755,1,21.2605,552,222,3138,0
1693,6.17472,230,0,0,0,169.897,1427,8189,0,0,835,0,10.2144,552,222,3138,0
1818,6.63,442,0,0,0,179.981,1444,8189,0,0,766,0,13.1109,552,222,3138,0
1683,6.1379,202,0,2,0,98.191,1458,8189,2,0,629,2,10.1706,554,224,3140,0
1668,6.08373,172,0,1,0,175.943,1473,8191,1,0,726,1,14.6796,555,225,3141,0
1767,6.44491,297,0,0,0,186.357,1490,8189,0,0,750,0,16.3066,555,225,3141,0
1620,5.90829,172,0,1,0,119.579,1503,8189,1,0,628,1,16.8684,556,226,3142,0
1698,6.19276,258,0,0,0,138.62,1520,8189,0,0,811,0,12.7826,556,226,3142,0
1727,6.29852,177,0,0,0,108.663,1538,8189,0,0,855,0,13.2568,556,226,3142,0
1569,5.72196,506,0,2,0,180.42,1549,8188,2,0,538,2,50.886,558,228,3144,0
1632,5.9523,253,0,0,0,199.657,1564,8189,0,0,721,0,13.3736,558,228,3144,0
1660,6.05455,308,0,1,0,137.137,1579,8187,1,0,719,1,16.416,559,229,3145,0
1721,6.27678,178,0,0,0,130.967,1597,8189,0,0,930,0,12.1624,559,229,3145,0
1527,5.56927,164,0,1,0,90.067,1612,8189,1,0,715,1,10.5646,560,230,3146,0
1842,6.71816,342,0,1,0,129.372,1626,8189,1,0,741,1,11.5277,561,231,3147,0
1677,6.11606,143,0,1,0,84.604,1641,8187,1,0,742,1,10.2035,562,232,3148,0
1574,5.74068,225,0,1,0,91.269,1654,8189,1,0,665,1,9.97728,563,233,3149,0
1690,6.1641,178,0,1,0,99.547,1668,8189,1,0,749,1,14.4132,564,234,3150,0
1672,6.098,188,0,1,0,49.288,1683,8189,1,0,772,1,11.6845,565,235,3151,0
1405,5.12443,182,0,2,0,119.768,1693,8189,2,0,540,2,13.545,567,237,3153,0
1525,5.56158,324,0,0,0,173.662,1706,8189,0,0,695,0,8.72237,567,237,3153,0
1776,6.47728,333,0,3,0,102.597,1719,8190,3,0,688,3,21.5743,570,240,3156,0
1692,6.17077,298,0,0,0,264.698,1731,8191,0,0,624,0,12.6732,570,240,3156,0
1606,5.85733,931,0,0,0,240.662,1740,8186,0,0,494,0,12.6403,570,240,3156,0
1072,3.90988,141,0,987,0,93.714,141,8189,237,0,325,0,9.77299,807,240,4143,0
1614,5.88648,167,0,1,0,105.889,257,8187,1,0,726,1,176.833,808,241,4144,0
1656,6.0398,193,0,0,0,94.015,344,8189,0,0,819,0,12.25,808,241,4144,0
1655,6.03576,337,0,1,0,223.182,398,8189,1,0,629,1,15.0115,809,242,4145,0
1609,5.86817,327,0,0,0,178.167,458,8189,0,0,796,0,10.5026,809,242,4145,0
1562,5.69664,298,0,0,0,150.937,511,8189,0,0,802,0,10.2035,809,242,4145,0
1573,5.7371,270,0,0,0,145.587,558,8189,0,0,794,0,10.0758,809,242,4145,0
1589,5.79526,115,0,0,0,89.599,606,8189,0,0,878,0,10.7361,809,242,4145,0
1554,5.66761,162,0,2,0,140.812,637,8189,2,0,600,2,14.2163,811,244,4147,0
1646,6.00302,155,0,3,0,88.865,660,8190,3,0,466,3,10.3275,814,247,4150,0
1558,5.68195,245,0,1,0,132.341,691,8185,1,0,644,1,10.6412,815,248,4151,0
1863,6.79433,474,0,3,0,181.167,717,8190,3,0,566,3,63.1359,818,251,4154,0
1697,6.18895,133,0,1,0,83.233,750,8189,1,0,757,1,11.8487,819,252,4155,0
1624,5.92274,206,0,0,0,116.533,782,8189,0,0,779,0,15.8323,819,252,4155,0
1736,6.33112,170,0,1,0,123.416,813,8189,1,0,779,1,17.0726,820,253,4156,0
1444,5.26666,145,0,2,0,140.152,836,8187,2,0,581,2,10.2144,822,255,4158,0
1452,5.29552,119,0,5,0,121.572,851,8189,5,0,395,5,15.7594,827,260,4163,0
1601,5.8391,222,0,1,0,127.739,876,8189,1,0,667,1,19.4986,828,261,4164,0
1773,6.46671,337,0,0,0,185.78,905,8189,0,0,831,0,18.1707,828,261,4164,0
1584,5.77714,178,0,2,0,147.981,924,8189,2,0,539,2,10.1013,830,263,4166,0
1727,6.29894,187,0,0,0,108.025,954,8189,0,0,864,0,15.2085,830,263,4166,0
1608,5.86438,179,0,1,0,83.073,979,8189,1,0,751,1,15.7302,831,264,4167,0
1716,6.25858,157,0,1,0,228.662,999,8189,1,0,642,1,15.774,832,265,4168,0
1712,6.24376,275,0,0,0,131.434,1025,8189,0,0,800,0,10.9513,832,265,4168,0
1760,6.41909,99,0,3,0,58.811,1041,8189,3,0,546,3,9.09082,835,268,4171,0
1601,5.83912,155,0,2,0,140.08,1060,8189,2,0,598,2,8.80627,837,270,4173,0
1463,5.33566,143,0,1,0,94.475,1078,8191,1,0,597,1,17.2623,838,271,4174,0
1705,6.21805,371,0,1,0,89.95,1095,8189,1,0,608,1,8.19706,839,272,4175,0
1697,6.18851,134,0,1,0,56.225,1118,8189,1,0,780,1,8.87558,840,273,4176,0
1606,5.85734,119,0,1,0,118.452,1135,8191,1,0,602,1,17.0033,841,274,4177,0
1630,5.94465,300,0,1,0,143.514,1155,8190,1,0,728,1,15.5295,842,275,4178,0
1692,6.17061,116,0,0,0,40.876,1178,8189,0,0,835,0,13.8806,842,275,4178,0
1566,5.71116,167,0,0,0,107.277,1199,8189,0,0,763,0,10.9549,842,275,4178,0
1666,6.07587,281,0,1,0,167.057,1217,8189,1,0,699,1,12.4543,843,276,4179,0
1746,6.36784,174,0,1,0,75.53,1238,8187,1,0,775,1,11.5313,844,277,4180,0
1738,6.3391,228,0,1,0,116.777,1257,8189,1,0,770,1,52.7136,845,278,4181,0
1701,6.2036,157,0,1,0,73.604,1276,8187,1,0,728,1,214.754,846,279,4182,0
1715,6.25533,123,0,2,0,143.048,1290,7898,2,0,591,2,16.3978,848,281,4184,0
1703,6.2113,418,0,0,0,313.284,1306,8189,0,0,614,0,19.4767,848,281,4184,0
1534,5.59473,262,0,2,0,70.029,1318,8189,2,0,507,2,11.6408,850,283,4186,0
1518,5.53617,149,0,1,0,78.089,1333,8189,1,0,621,1,13.4356,851,284,4187,0
1645,5.99984,201,0,0,0,123.104,1352,8189,0,0,802,0,9.61248,851,284,4187,0
1749,6.37876,345,0,0,0,219.73,1370,8189,0,0,763,0,10.6376,851,284,4187,0
1859,6.78032,387,0,0,0,169.966,1389,8189,0,0,838,0,12.3047,851,284,4187,0
1743,6.35732,383,0,0,0,81.052,1408,8189,0,0,823,0,10.5135,851,284,4187,0
1584,5.77728,291,0,0,0,216.619,1426,8189,0,0,792,0,13.5888,851,284,4187,0
1664,6.06899,225,0,2,0,124.737,1441,8189,2,0,689,2,13.5122,853,286,4189,0
1624,5.92276,132,0,1,0,117.949,1458,8189,1,0,736,1,12.1405,854,287,4190,0
1773,6.46629,182,0,0,0,75.543,1477,8189,0,0,867,0,17.0179,854,287,4190,0
1595,5.81723,112,0,1,0,139.139,1492,8189,1,0,715,1,8.38675,855,288,4191,0
1717,6.26216,148,0,1,0,155.151,1509,8189,1,0,802,1,12.0056,856,289,4192,0
1748,6.37547,148,0,1,0,60.008,1524,8191,1,0,715,1,10.7652,857,290,4193,0
1515,5.52581,95,0,1,0,83.658,1537,8189,1,0,604,1,12.1478,858,291,4194,0
1942,7.08281,203,0,0,0,134.813,1556,8189,0,0,920,0,18.2509,858,291,4194,0
1681,6.13103,147,0,0,0,87.643,1574,8189,0,0,873,0,23.2414,858,291,4194,0
1759,6.41565,198,0,1,0,102.607,1588,8189,1,0,732,1,13.1766,859,292,4195,0
1611,5.87581,270,0,1,0,84.496,1602,8189,1,0,674,1,10.8017,860,293,4196,0
1600,5.83552,325,0,1,0,94.78,1615,8189,1,0,654,1,12.0493,861,294,4197,0
1644,5.99581,146,0,3,0,74.818,1627,8189,3,0,602,3,9.04704,864,297,4200,0
1662,6.06184,280,0,2,0,110.049,1637,8187,2,0,524,2,9.01056,866,299,4202,0
1630,5.9447,487,0,0,0,242.241,1650,8187,0,0,665,0,12.7461,866,299,4202,0
1655,6.03617,135,0,0,0,104.971,1667,8189,0,0,852,0,12.9249,866,299,4202,0
1672,6.09763,544,0,0,0,148.813,1679,8189,0,0,636,0,9.94445,866,299,4202,0
1612,5.87903,154,0,0,0,104.659,1695,8189,0,0,883,0,19.878,866,299,4202,0
1792,6.53595,352,0,1,0,127.849,1709,8189,1,0,696,1,11.3635,867,300,4203,0
1727,6.29861,287,0,0,0,144.105,1722,8189,0,0,748,0,11.2833,867,300,4203,0
1665,6.07264,322,0,1,0,166.07,1735,8189,1,0,680,1,80.9783,868,301,4204,0
1845,6.72895,1738,0,1738,0,217.688,2,8191,0,0,169,0,70.4867,868,301,5942,0
1253,4.56996,121,0,2,0,58.746,157,8189,122,0,400,2,58.5942,990,303,5944,0
1671,6.09439,260,0,1,0,73.008,265,8189,1,0,714,1,23.577,991,304,5945,0
1733,6.31998,330,0,0,0,178.586,352,8189,0,0,836,0,70.5523,991,304,5945,0
1595,5.81725,116,0,1,0,114.191,412,8189,1,0,720,1,20.4397,992,305,5946,0
1576,5.748,151,0,0,0,75.394,468,8189,0,0,776,0,10.1414,992,305,5946,0
1644,5.996,168,0,3,0,110.298,505,8189,3,0,556,3,9.72192,995,308,5949,0
1739,6.34267,122,0,1,0,109.984,550,8189,1,0,741,1,10.4369,996,309,5950,0
1628,5.93724,315,0,0,0,162.435,590,8189,0,0,722,0,13.8077,996,309,5950,0
1718,6.26615,357,0,2,0,129.832,619,8191,2,0,549,2,11.1994,998,311,5952,0
1858,6.77666,284,0,0,0,205.447,664,8189,0,0,891,0,12.3923,998,311,5952,0
1677,6.11617,351,0,1,0,128.493,697,8189,1,0,709,1,9.53952,999,312,5953,0
1572,5.73323,181,0,0,0,94.363,735,8191,0,0,859,0,14.3111,999,312,5953,0
1623,5.91816,141,0,1,0,159.008,764,8187,1,0,673,1,149.32,1000,313,5954,0
1861,6.78769,706,0,0,0,247.498,788,8189,0,0,570,0,11.6335,1000,313,5954,0
1681,6.13076,603,0,0,0,379.172,806,8189,0,0,450,0,10.8419,1000,313,5954,0
1000,3.647,814,0,0,0,351.221,814,8191,0,0,204,0,12.126,1000,313,5954,0
1360,4.96014,179,0,815,0,82.6,179,8189,158,0,517,1,12.4908,1158,314,6769,0
1611,5.87579,235,0,0,0,177.891,277,8189,0,0,699,0,11.214,1158,314,6769,0
1740,6.34623,155,0,2,0,81.928,348,8189,2,0,699,2,13.1437,1160,316,6771,0
1456,5.30991,127,0,6,0,65.061,396,8189,6,0,548,6,68.2431,1166,322,6777,0
1741,6.34974,391,0,0,0,201.377,447,8189,0,0,682,0,35.7358,1166,322,6777,0
1661,6.05752,314,0,0,0,216.779,495,8189,0,0,704,0,60.8742,1166,322,6777,0
1628,5.93754,191,0,1,0,210.574,537,8189,1,0,684,1,12.5783,1167,323,6778,0
1673,6.10202,27,0,390,0,178.647,93,8189,308,0,695,1,16.1278,1475,324,7168,0
1588,5.79169,167,0,1,0,124.602,222,8185,26,0,637,1,14.592,1501,325,7169,0
1658,6.04584,115,0,1,0,159.619,311,8189,1,0,744,1,30.4134,1502,326,7170,0
1721,6.27703,268,0,2,0,106.593,374,8189,2,0,678,2,10.5172,1504,328,7172,0
1734,6.32398,280,0,0,0,161.065,438,8189,0,0,803,0,11.586,1504,328,7172,0
1750,6.38223,145,0,3,0,72.02,482,8189,3,0,632,3,7.72646,1507,331,7175,0
1619,5.9037,217,0,1,0,85.848,525,8189,1,0,679,1,10.7288,1508,332,7176,0
1681,6.13107,136,0,1,0,79.306,566,8189,1,0,713,1,9.5833,1509,333,7177,0
1650,6.01803,251,0,0,0,140.337,609,8189,0,0,773,0,11.1665,1509,333,7177,0
1574,5.74064,452,0,1,0,212.705,643,8189,1,0,679,1,11.8122,1510,334,7178,0
1589,5.79504,174,0,1,0,152.694,678,8188,1,0,713,1,17.8533,1511,335,7179,0
1818,6.62941,615,0,0,0,188.471,708,8189,0,0,653,0,24.3066,1511,335,7179,0
1575,5.74462,155,0,1,0,49.261,739,8189,1,0,700,1,23.898,1512,336,7180,0
1721,6.27697,144,0,0,0,91.964,776,8189,0,0,871,0,16.4963,1512,336,7180,0
1703,6.21162,186,0,1,0,94.928,806,8189,1,0,763,1,15.048,1513,337,7181,0
1549,5.64785,230,0,2,0,101.318,832,8189,2,0,641,2,9.7657,1515,339,7183,0
1706,6.22191,316,0,1,0,121.23,856,8189,1,0,640,1,11.0388,1516,340,7184,0
1714,6.25099,256,0,1,0,165.953,882,8189,1,0,699,1,11.9034,1517,341,7185,0
1540,5.6163,211,0,1,0,76.489,910,8188,1,0,798,1,11.3343,1518,342,7186,0
1847,6.73621,252,0,3,0,118.662,935,8189,3,0,717,3,12.4616,1521,345,7189,0
1511,5.51072,144,0,1,0,103.612,960,8189,1,0,754,1,13.5195,1522,346,7190,0
1765,6.43698,189,0,3,0,91.727,976,8189,3,0,490,3,11.67,1525,349,7193,0
1597,5.82441,124,0,2,0,37.718,999,8189,2,0,700,2,138.967,1527,351,7195,0
1796,6.55051,143,0,1,0,75.136,1023,8191,1,0,755,1,13.2021,1528,352,7196,0
1817,6.62732,315,0,0,0,124.135,1049,8189,0,0,827,0,9.03974,1528,352,7196,0
1745,6.364,145,0,1,0,210.106,1065,8189,1,0,533,1,12.5564,1529,353,7197,0
1668,6.08376,140,0,2,0,101.351,1084,8189,2,0,664,2,8.89747,1531,355,7199,0
1758,6.41166,121,0,2,0,101.48,1105,8189,2,0,709,2,16.1388,1533,357,7201,0
1466,5.34704,269,0,2,0,112.769,1122,8191,2,0,592,2,10.2363,1535,359,7203,0
1527,5.56952,128,0,2,0,157.536,1138,8187,2,0,575,2,8.68224,1537,361,7205,0
1658,6.04711,195,0,2,0,82.84,1157,8189,2,0,662,2,9.61248,1539,363,7207,0
1679,6.12361,247,0,0,0,145.594,1179,8189,0,0,816,0,12.5929,1539,363,7207,0
1723,6.28415,755,0,1,0,135.223,1192,8191,1,0,485,1,10.1852,1540,364,7208,0
1658,6.04699,373,0,0,0,224.018,1210,8189,0,0,669,0,12.7133,1540,364,7208,0
1740,6.34576,127,0,2,0,48.35,1225,8189,2,0,569,2,11.0717,1542,366,7210,0
1649,6.01411,297,0,1,0,231.008,1242,8189,1,0,667,1,13.7967,1543,367,7211,0
1710,6.23694,115,0,1,0,54.176,1262,8189,1,0,780,1,17.8861,1544,368,7212,0
1676,6.11284,253,0,1,0,118.884,1281,8187,1,0,723,1,10.2472,1545,369,7213,0
1687,6.1534,214,0,1,0,89.468,1297,8189,1,0,680,1,13.2276,1546,370,7214,0
1758,6.41191,285,0,0,0,153.427,1318,8189,0,0,849,0,9.98458,1546,370,7214,0
1746,6.36787,142,0,1,0,62.284,1340,8189,1,0,907,1,10.8346,1547,371,7215,0
1668,6.08323,210,0,142,0,97.702,210,8189,142,0,709,1,11.462,1689,372,7357,0
1686,6.14922,214,0,0,0,105.507,314,8189,0,0,848,0,11.7356,1689,372,7357,0
1706,6.22178,291,0,0,0,143.177,388,8189,0,0,818,0,10.8637,1689,372,7357,0
1804,6.5796,116,0,2,0,82.882,450,8189,2,0,811,2,10.3749,1691,374,7359,0
1476,5.38328,144,0,2,0,80.697,491,8189,2,0,596,2,12.6257,1693,376,7361,0
1812,6.60853,161,0,1,0,107.512,542,8190,1,0,824,1,16.4634,1694,377,7362,0
1760,6.41924,221,0,0,0,119.982,590,8189,0,0,855,0,15.5295,1694,377,7362,0
1684,6.14199,111,0,0,0,93.545,637,8189,0,0,902,0,14.9641,1694,377,7362,0
1727,6.29892,367,0,0,0,152.709,673,8189,0,0,739,0,21.2751,1694,377,7362,0
1720,6.27323,359,0,0,0,299.202,703,8189,0,0,639,0,14.2965,1694,377,7362,0
1614,5.88504,201,0,2,0,98.301,734,8191,2,0,701,2,17.069,1696,379,7364,0
1738,6.33888,146,0,1,0,77.174,765,8189,1,0,720,1,13.6472,1697,380,7365,0
1810,6.60114,123,0,1,0,76.888,800,8189,1,0,858,1,17.0289,1698,381,7366,0
1715,6.25503,234,0,2,0,65.511,826,8189,2,0,674,2,19.0061,1700,383,7368,0
1739,6.34201,97,0,1,0,68.522,858,8187,1,0,843,1,18.0467,1701,384,7369,0
1582,5.76954,320,0,2,0,107.348,880,8189,2,0,577,2,11.8086,1703,386,7371,0
1656,6.03942,176,0,1,0,132.762,902,8191,1,0,634,1,10.8273,1704,387,7372,0
1815,6.61918,179,0,2,0,86.918,928,8185,2,0,731,2,9.44102,1706,389,7374,0
1529,5.57664,254,0,0,0,196.888,953,8189,0,0,732,0,13.0452,1706,389,7374,0
1707,6.22592,242,0,0,0,177.259,981,8189,0,0,852,0,16.0147,1706,389,7374,0
1620,5.90845,238,0,1,0,121.009,1001,8191,1,0,634,1,10.9148,1707,390,7375,0
1643,5.99229,198,0,1,0,96.315,1024,8189,1,0,719,1,15.121,1708,391,7376,0
1703,6.21131,359,0,2,0,142.427,1046,8189,2,0,714,2,9.42278,1710,393,7378,0
1798,6.55779,151,0,1,0,91.546,1066,8189,1,0,640,1,10.4916,1711,394,7379,0
1619,5.90433,130,0,0,0,138.68,1090,8189,0,0,828,0,13.3553,1711,394,7379,0
1576,5.74784,157,0,2,0,100.512,1108,8191,2,0,631,2,10.7215,1713,396,7381,0
1650,6.01786,264,0,0,0,156.63,1131,8187,0,0,776,0,14.8692,1713,396,7381,0
1670,6.09096,161,0,1,0,95.831,1151,8187,1,0,726,1,11.7247,1714,397,7382,0
1612,5.87915,146,0,2,0,86.678,1166,8189,2,0,534,2,9.98093,1716,399,7384,0
1797,6.55386,176,0,1,0,83.266,1189,8189,1,0,838,1,9.58694,1717,400,7385,0
1816,6.62356,519,0,0,0,359.495,1204,8189,0,0,579,0,18.1014,1717,400,7385,0
1638,5.97434,182,0,1,0,130.375,1224,8191,1,0,753,1,10.5537,1718,401,7386,0
1751,6.3859,229,0,1,0,119.119,1243,8189,1,0,733,1,14.2272,1719,402,7387,0
1707,6.22585,270,0,1,0,181.03,1259,8189,1,0,626,1,10.6047,1720,403,7388,0
1749,6.37869,164,0,3,0,105.051,1278,8191,3,0,748,3,8.63482,1723,406,7391,0
1561,5.69344,121,0,2,0,78.304,1293,8189,2,0,609,2,9.88608,1725,408,7393,0
1550,5.65307,159,0,2,0,81.28,1308,8191,2,0,622,2,10.291,1727,410,7395,0
1699,6.19664,193,0,0,0,117.928,1328,8189,0,0,836,0,12.4543,1727,410,7395,0
1698,6.19246,293,0,2,0,70.317,1344,8177,2,0,641,2,15.7885,1729,412,7397,0
1700,6.20035,144,0,1,0,73.577,1362,8189,1,0,772,1,11.8378,1730,413,7398,0
1622,5.91575,246,0,0,0,114.263,1380,8190,0,0,769,0,10.6157,1730,413,7398,0
1642,5.9887,232,0,2,0,124.637,1394,8189,2,0,602,2,10.8637,1732,415,7400,0
1680,6.12724,146,0,1,0,108.604,1412,8189,1,0,792,1,10.5537,1733,416,7401,0
1611,5.87576,170,0,2,0,67.383,1427,8189,2,0,671,2,10.6923,1735,418,7403,0
1644,5.99608,283,0,2,0,159.493,1442,8187,2,0,679,2,9.1127,1737,420,7405,0
1683,6.1388,261,0,1,0,176.845,1457,8189,1,0,650,1,99.6196,1738,421,7406,0
1658,6.04466,196,0,1,0,98.421,1474,8189,1,0,785,1,24.7882,1739,422,7407,0
1812,6.60862,224,0,0,0,120.373,1493,8189,0,0,897,0,21.815,1739,422,7407,0
1653,6.02847,161,0,2,0,91.975,1507,8189,2,0,677,2,12.8774,1741,424,7409,0
1618,5.89933,148,0,1,0,47.11,1523,8189,1,0,737,1,22.5592,1742,425,7410,0
1549,5.64974,221,0,0,0,89.515,1539,8189,0,0,745,0,21.815,1742,425,7410,0
1572,5.7337,192,0,1,0,137.015,1553,8189,1,0,685,1,11.2541,1743,426,7411,0
1661,6.05519,238,0,2,0,85.145,1565,8189,2,0,580,2,11.8815,1745,428,7413,0
1722,6.28056,186,0,0,0,117.805,1583,8189,0,0,891,0,18.1707,1745,428,7413,0
1731,6.3133,227,0,0,0,158.628,1600,8189,0,0,849,0,16.7005,1745,428,7413,0
1661,6.05851,183,0,2,0,89.204,1614,8189,2,0,701,2,21.826,1747,430,7415,0
1551,5.65708,150,0,1,0,96.545,1628,8189,1,0,716,1,16.3613,1748,431,7416,0
2049,7.47346,389,0,0,0,150.938,1646,8189,0,0,908,0,26.0868,1748,431,7416,0
1371,5.00024,180,0,4,0,87.716,1654,8189,4,0,445,4,12.312,1752,435,7420,0
1631,5.94854,125,0,1,0,66.472,1669,8187,1,0,749,1,8.99232,1753,436,7421,0
1805,6.58326,113,0,2,0,92.605,1683,8189,2,0,758,2,11.5058,1755,438,7423,0
1621,5.91179,275,0,1,0,146.252,1697,8189,1,0,734,1,18.1014,1756,439,7424,0
1620,5.90853,263,0,0,0,160.482,1711,8189,0,0,736,0,15.9527,1756,439,7424,0
1667,6.07964,231,0,0,0,102.305,1727,8189,0,0,853,0,16.2628,1756,439,7424,0
1636,5.96649,196,0,2,0,152.534,1738,8191,2,0,593,2,10.871,1758,441,7426,0
1743,6.35727,191,0,1,0,82.014,1751,8189,1,0,741,1,9.4848,1759,442,7427,0
1782,6.49929,261,0,0,0,125.46,1767,8189,0,0,859,0,13.9755,1759,442,7427,0
1660,6.05411,350,0,0,0,155.029,1780,8189,0,0,724,0,14.1688,1759,442,7427,0
1736,6.33174,169,0,2,0,53.777,1792,8189,2,0,680,2,11.5933,1761,444,7429,0
1705,6.21813,172,0,2,0,95.114,1804,8140,2,0,665,2,130.733,1763,446,7431,0
1682,6.13475,322,0,0,0,187.072,1818,8189,0,0,766,0,12.2682,1763,446,7431,0
1690,6.16405,305,0,0,0,234.551,1832,8191,0,0,810,0,15.1027,1763,446,7431,0
1487,5.42305,156,0,1,0,118.68,1844,8189,1,0,706,1,7.68269,1764,447,7432,0
1773,6.4665,234,0,1,0,79.079,1857,8189,1,0,734,1,9.90432,1765,448,7433,0
1636,5.96685,142,0,1,0,68.148,1870,8189,1,0,747,1,11.3854,1766,449,7434,0
1614,5.88677,147,0,2,0,61.119,1881,8187,2,0,661,2,10.3567,1768,451,7436,0
1704,6.21473,393,0,0,0,130.772,1893,8189,0,0,734,0,13.0781,1768,451,7436,0
1669,6.08684,316,0,0,0,157.136,1908,8189,0,0,848,0,11.0388,1768,451,7436,0
1611,5.87576,175,0,3,0,74.057,1916,8189,3,0,514,3,23.2451,1771,454,7439,0
1603,5.84628,257,0,0,0,150.289,1929,8189,0,0,759,0,17.981,1771,454,7439,0
1642,5.98844,227,0,2,0,154.327,1938,8189,2,0,550,2,8.70048,1773,456,7441,0
1540,5.61704,338,0,0,0,59.683,1950,8189,0,0,720,0,8.61293,1773,456,7441,0
1679,6.12339,145,0,2,0,76.847,1960,8189,2,0,636,2,14.5263,1775,458,7443,0
1621,5.9118,140,0,2,0,85.707,1971,8189,2,0,668,2,20.0312,1777,460,7445,0
1692,6.17063,131,0,0,0,51.463,1985,8187,0,0,853,0,12.0603,1777,460,7445,0
1782,6.49946,551,0,0,0,191.603,1996,8189,0,0,686,0,37.3738,1777,460,7445,0
1816,6.62319,853,0,0,0,200.581,2006,8191,0,0,622,0,11.4219,1777,460,7445,0
1236,4.5079,102,0,1576,0,34.627,102,8189,67,0,177,1,11.5532,1844,461,9021,0
1685,6.14525,113,0,1,0,57.191,241,8189,1,0,747,1,9.33158,1845,462,9022,0
1871,6.82387,322,0,0,0,166.238,334,8189,0,0,836,0,12.2828,1845,462,9022,0
1740,6.34584,190,0,1,0,99.432,402,8189,1,0,784,1,10.5135,1846,463,9023,0
1767,6.44441,281,0,1,0,75.581,451,8189,1,0,650,1,8.74061,1847,464,9024,0
1639,5.9777,151,0,0,0,64.197,507,8189,0,0,842,0,12.1442,1847,464,9024,0
1669,6.08739,264,0,0,0,156.62,554,8189,0,0,784,0,8.9449,1847,464,9024,0
1665,6.07226,133,0,1,0,171.209,595,8189,1,0,738,1,10.9294,1848,465,9025,0
1611,5.87529,200,0,3,0,82.402,626,8191,3,0,591,3,10.9476,1851,468,9028,0
1796,6.55049,140,0,2,0,88.389,660,8189,2,0,673,2,13.0015,1853,470,9030,0
1691,6.16716,121,0,1,0,49.602,696,8189,1,0,768,1,13.3845,1854,471,9031,0
1507,5.49593,509,0,0,0,165.535,721,8189,0,0,549,0,12.3594,1854,471,9031,0
1727,6.29804,284,0,3,0,125.276,748,8189,3,0,626,3,27.039,1857,474,9034,0
1844,6.72511,371,0,1,0,142.367,777,8189,1,0,688,1,9.03245,1858,475,9035,0
1609,5.86809,276,0,1,0,111.147,803,8185,1,0,653,1,9.41549,1859,476,9036,0
1724,6.28739,511,0,0,0,147.623,833,8189,0,0,751,0,11.2468,1859,476,9036,0
1751,6.3859,319,0,0,0,131.283,863,8189,0,0,815,0,11.7429,1859,476,9036,0
1622,5.91593,401,0,0,0,221.857,890,8183,0,0,741,0,17.3025,1859,476,9036,0
1727,6.29884,229,0,1,0,132.109,919,8187,1,0,823,1,20.2282,1860,477,9037,0
1796,6.55032,300,0,0,0,131.887,949,8189,0,0,866,0,11.4657,1860,477,9037,0
2192,7.99476,580,0,0,0,144.752,981,8189,0,0,959,0,11.8487,1860,477,9037,0
3292,12.0058,823,0,0,0,252.21,1023,8189,0,0,1325,0,87.2419,1860,477,9037,0
1957,7.13727,127,0,1,0,149.128,1052,8189,1,0,922,1,12.509,1861,478,9038,0
1607,5.86074,170,0,0,0,138.475,1075,8189,0,0,789,0,11.3927,1861,478,9038,0
1675,6.10873,239,0,3,0,125.929,1093,8189,3,0,583,3,10.9695,1864,481,9041,0
1737,6.33522,266,0,1,0,93.346,1111,8189,1,0,641,1,18.1415,1865,482,9042,0
1716,6.25833,402,0,1,0,160.506,1133,8190,1,0,760,1,11.5277,1866,483,9043,0
1796,6.54982,386,0,0,0,275.961,1151,8189,0,0,649,0,11.0753,1866,483,9043,0
1549,5.64912,249,0,1,0,132.006,1171,8189,1,0,713,1,10.4004,1867,484,9044,0
1663,6.06524,212,0,4,0,80.375,1184,8189,4,0,478,4,10.3421,1871,488,9048,0
1750,6.38212,272,0,1,0,155.578,1202,8189,1,0,688,1,102.837,1872,489,9049,0
1717,6.26194,263,0,1,0,147.376,1221,8189,1,0,723,1,8.58739,1873,490,9050,0
1638,5.97413,148,0,1,0,92.805,1242,8189,1,0,798,1,12.8081,1874,491,9051,0
1785,6.50983,160,0,1,0,204.478,1257,8187,1,0,608,1,9.96269,1875,492,9052,0
1706,6.22206,181,0,1,0,120.873,1275,8189,1,0,675,1,10.4698,1876,493,9053,0
1706,6.22208,164,0,1,0,86.048,1292,8189,1,0,694,1,10.3567,1877,494,9054,0
1730,6.30982,323,0,0,0,163.609,1311,8187,0,0,791,0,18.7726,1877,494,9054,0
1779,6.48851,190,0,2,0,93.296,1326,8191,2,0,621,2,22.8474,1879,496,9056,0
1849,6.74345,188,0,1,0,79.635,1346,8189,1,0,810,1,14.0339,1880,497,9057,0
1975,7.20278,287,0,0,0,110.882,1368,8189,0,0,943,0,23.774,1880,497,9057,0
1821,6.64116,214,0,0,0,124.41,1390,8187,0,0,949,0,25.474,1880,497,9057,0
1838,6.70321,193,0,1,0,114.23,1408,8189,1,0,782,1,89.8466,1881,498,9058,0
1864,6.79851,289,0,0,0,129.548,1428,8189,0,0,872,0,13.162,1881,498,9058,0
1776,6.47691,351,0,0,0,157.169,1447,8189,0,0,863,0,10.1852,1881,498,9058,0
1568,5.71897,247,0,0,0,182.921,1462,8189,0,0,686,0,12.4105,1881,498,9058,0
1521,5.54708,263,0,0,0,197.192,1478,8189,0,0,745,0,12.385,1881,498,9058,0
1923,7.01373,186,0,1,0,64.289,1497,8189,1,0,894,1,17.2295,1882,499,9059,0
1796,6.55046,188,0,1,0,68.847,1514,8189,1,0,798,1,9.28416,1883,500,9060,0
1685,6.14558,255,0,2,0,130.861,1528,8189,2,0,644,2,11.1191,1885,502,9062,0
1684,6.14184,401,0,0,0,229.723,1541,8189,0,0,642,0,9.40819,1885,502,9062,0
1853,6.75843,304,0,2,0,134.233,1557,8189,2,0,761,2,11.4803,1887,504,9064,0
1848,6.73793,208,0,0,0,130.423,1575,8189,0,0,884,0,12.5965,1887,504,9064,0
1722,6.28072,130,0,2,0,110.377,1590,8189,2,0,733,2,10.6376,1889,506,9066,0
1697,6.18927,175,0,2,0,100.288,1603,8189,2,0,649,2,11.7539,1891,508,9068,0
1647,6.00663,184,0,1,0,132.033,1617,8189,1,0,737,1,12.9723,1892,509,9069,0
1684,6.14168,139,0,1,0,147.03,1632,8189,1,0,760,1,9.98093,1893,510,9070,0
1744,6.36048,320,0,0,0,195.678,1648,8189,0,0,786,0,10.8236,1893,510,9070,0
1818,6.63071,339,0,0,0,149.726,1665,8189,0,0,901,0,9.67085,1893,510,9070,0
1781,6.49568,324,0,1,0,158.813,1678,8189,1,0,691,1,34.6633,1894,511,9071,0
1657,6.04357,115,0,1,0,39.491,1693,8189,1,0,771,1,13.0525,1895,512,9072,0
1931,7.04263,463,0,1,0,120.931,1706,8189,1,0,717,1,11.9873,1896,513,9073,0
1684,6.14153,236,0,1,0,125.053,1720,8191,1,0,721,1,9.92986,1897,514,9074,0
1753,6.39358,292,0,1,0,118.199,1733,8189,1,0,683,1,12.8519,1898,515,9075,0
1752,6.39008,223,0,0,0,135.347,1749,8189,0,0,885,0,10.4771,1898,515,9075,0
1694,6.17834,224,0,0,0,147.775,1764,8189,0,0,852,0,10.6047,1898,515,9075,0
1631,5.94828,194,0,2,0,96.385,1775,8191,2,0,612,2,12.9905,1900,517,9077,0
1628,5.93763,210,0,1,0,110.161,1788,8189,1,0,675,1,24.0367,1901,518,9078,0
1867,6.80919,339,0,0,0,197.588,1803,8189,0,0,869,0,10.5281,1901,518,9078,0
1603,5.84657,142,0,3,0,111.575,1814,8189,3,0,621,3,9.3097,1904,521,9081,0
1653,6.02894,312,0,0,0,209.29,1826,8189,0,0,685,0,10.3457,1904,521,9081,0
1820,6.6382,468,0,0,0,165.591,1841,8189,0,0,835,0,10.1524,1904,521,9081,0
1788,6.521,333,0,0,0,187.887,1855,8189,0,0,836,0,11.1738,1904,521,9081,0
1533,5.59081,6,0,1148,0,202.17,6,8189,122,0,286,1,11.7356,2026,522,10229,0
1397,5.09475,164,0,0,0,86.231,198,8189,0,0,624,0,38.7162,2026,522,10229,0
1715,6.25376,211,0,1,0,79.256,298,8189,1,0,777,1,12.6111,2027,523,10230,0
1752,6.39011,115,0,1,0,116.267,376,8189,1,0,818,1,10.5135,2028,524,10231,0
1810,6.60168,264,0,0,0,107.321,441,8189,0,0,833,0,11.4766,2028,524,10231,0
1709,6.23278,155,0,2,0,82.94,487,8189,2,0,668,2,18.8857,2030,526,10233,0
1714,6.25127,319,0,1,0,255.517,527,8189,1,0,638,1,9.95539,2031,527,10234,0
1768,6.44798,269,0,1,0,129.538,575,8189,1,0,834,1,13.2568,2032,528,10235,0
1727,6.29855,99,0,0,0,59.734,626,8189,0,0,955,0,8.15328,2032,528,10235,0
1695,6.18237,122,0,1,0,63.7,665,8189,1,0,783,1,10.364,2033,529,10236,0
1641,5.98485,372,0,0,0,220.564,698,8189,0,0,702,0,11.2796,2033,529,10236,0
1782,6.49951,166,0,2,0,75.5,734,8190,2,0,805,2,15.4201,2035,531,10238,0
1949,7.10798,339,0,2,0,152.938,764,8189,2,0,697,2,8.29555,2037,533,10240,0
1654,6.03233,149,0,1,0,187.632,793,8181,1,0,713,1,20.9176,2038,534,10241,0
1934,7.0538,191,0,1,0,49.382,825,8189,1,0,815,1,10.2436,2039,535,10242,0
1734,6.32454,259,0,0,0,133.641,857,8189,0,0,839,0,10.8273,2039,535,10242,0
1942,7.08256,463,0,0,0,346.373,881,8189,0,0,637,0,11.0243,2039,535,10242,0
999,3.64343,21,0,886,0,122.385,21,8189,121,0,178,0,211.847,2160,535,11128,0
1725,6.29122,204,0,0,0,95.997,223,8189,0,0,775,0,9.0361,2160,535,11128,0
1689,6.15977,121,0,0,0,87.776,327,8189,0,0,891,0,10.2217,2160,535,11128,0
1726,6.29355,143,0,1,0,83.267,395,8189,1,0,768,1,13.9609,2161,536,11129,0
1678,6.11974,218,0,1,0,43.81,449,8189,1,0,720,1,10.7142,2162,537,11130,0
1677,6.11672,140,0,2,0,74.592,501,8189,2,0,766,2,13.9135,2164,539,11132,0
1681,6.13095,479,0,1,0,157.494,536,8189,1,0,573,1,9.17837,2165,540,11133,0
1590,5.79881,305,0,1,0,141.602,573,8189,1,0,644,1,10.8893,2166,541,11134,0
882,3.21682,589,0,0,0,264.355,589,8191,0,0,289,0,13.2422,2166,541,11134,0
1301,4.74493,141,0,589,0,80.216,176,8189,166,0,502,0,11.0826,2332,541,11723,0
1720,6.27332,212,0,0,0,108.814,290,8189,0,0,830,0,10.7105,2332,541,11723,0
1721,6.27704,365,0,0,0,186.769,366,8189,0,0,783,0,9.13824,2332,541,11723,0
1773,6.46673,319,0,0,0,101.467,436,8189,0,0,873,0,10.9513,2332,541,11723,0
1670,6.09078,241,0,1,0,108.385,477,8189,1,0,584,1,10.0502,2333,542,11724,0
1593,5.80997,471,0,0,0,152.52,521,8189,0,0,686,0,10.7944,2333,542,11724,0
1791,6.53209,434,0,0,0,272.46,564,8189,0,0,728,0,17.3754,2333,542,11724,0
1583,5.77377,171,0,2,0,80.155,596,8189,2,0,585,2,11.6335,2335,544,11726,0
1677,6.1166,232,0,0,0,147.328,638,8189,0,0,812,0,12.8483,2335,544,11726,0
1695,6.18178,263,0,0,0,131.974,679,8189,0,0,838,0,10.3494,2335,544,11726,0
1656,6.0398,173,0,1,0,92.646,713,8189,1,0,742,1,26.3313,2336,545,11727,0
1596,5.82068,146,0,1,0,90.884,743,8189,1,0,685,1,21.4977,2337,546,11728,0
1865,6.79816,276,0,0,0,114.237,780,8191,0,0,871,0,59.218,2337,546,11728,0
1747,6.37189,118,0,1,0,66.226,811,8177,1,0,795,1,10.8054,2338,547,11729,0
1626,5.93008,171,0,1,0,76.079,840,8189,1,0,732,1,11.3453,2339,548,11730,0
1800,6.56488,279,0,0,0,98.311,872,8189,0,0,850,0,11.1556,2339,548,11730,0
1722,6.28005,150,0,0,0,80.982,905,8187,0,0,933,0,8.15693,2339,548,11730,0
1735,6.32793,330,0,0,0,149.457,932,8189,0,0,783,0,13.8369,2339,548,11730,0
1759,6.41561,142,0,0,0,60.805,965,8189,0,0,972,0,10.9112,2339,548,11730,0
1783,6.50286,375,0,0,0,150.257,991,8189,0,0,779,0,11.732,2339,548,11730,0
1732,6.3158,293,0,0,0,145.742,1019,8189,0,0,873,0,14.592,2339,548,11730,0
1653,6.02876,229,0,0,0,152.367,1041,8189,0,0,721,0,11.7356,2339,548,11730,0
1574,5.74052,217,0,0,0,170.164,1062,8189,0,0,697,0,14.4497,2339,548,11730,0
1714,6.25127,267,0,1,0,237.234,1083,8187,1,0,704,1,21.235,2340,549,11731,0
1823,6.64775,402,0,1,0,167.66,1103,8185,1,0,688,1,15.7812,2341,550,11732,0
1528,5.57259,96,0,1107,0,43.069,100,8191,101,0,304,0,368.948,2442,550,12839,0
1755,6.40046,174,0,1,0,76.644,246,8189,1,0,792,1,13.7238,2443,551,12840,0
1768,6.44787,294,0,1,0,162.499,337,8190,1,0,827,1,8.89382,2444,552,12841,0
1833,6.68523,103,0,1,0,203.864,397,8189,1,0,684,1,11.6043,2445,553,12842,0
1584,5.77675,314,0,1,0,160.435,444,8189,1,0,622,1,7.67904,2446,554,12843,0
1849,6.74382,330,0,0,0,208.332,504,8183,0,0,898,0,12.1807,2446,554,12843,0
1820,6.63803,287,0,0,0,171.185,560,8189,0,0,934,0,18.2765,2446,554,12843,0
1749,6.37893,294,0,0,0,143.385,606,8189,0,0,829,0,13.359,2446,554,12843,0
1797,6.55431,193,0,0,0,56.161,654,8189,0,0,953,0,13.6618,2446,554,12843,0
1768,6.44859,204,0,1,0,131.963,691,8189,1,0,777,1,12.644,2447,555,12844,0
1823,6.64788,175,0,1,0,87.369,721,8187,1,0,662,1,8.55821,2448,556,12845,0
1770,6.45553,351,0,0,0,192.972,751,8189,0,0,682,0,9.4009,2448,556,12845,0
1657,6.04347,211,0,1,0,92.084,780,8189,1,0,705,1,10.6376,2449,557,12846,0
1795,6.54677,333,0,0,0,204.884,811,8189,0,0,773,0,12.5199,2449,557,12846,0
1745,6.36467,121,0,0,0,44.275,843,8187,0,0,829,0,8.82086,2449,557,12846,0
1568,5.71884,148,0,1,0,85.5,870,8189,1,0,704,1,8.51443,2450,558,12847,0
1655,6.03588,183,0,1,0,55.794,896,8189,1,0,732,1,11.2468,2451,559,12848,0
1688,6.15638,166,0,1,0,92.732,924,8189,1,0,781,1,13.6107,2452,560,12849,0
1670,6.09056,347,0,0,0,223.018,948,8189,0,0,725,0,12.0566,2452,560,12849,0
1817,6.62658,300,0,0,0,168.247,979,8189,0,0,920,0,18.9878,2452,560,12849,0
1966,7.17078,415,0,0,0,240.425,1001,8189,0,0,695,0,56.088,2452,560,12849,0
1816,6.62301,278,0,1,0,125.328,1024,8189,1,0,709,1,19.9619,2453,561,12850,0
1728,6.30196,146,0,1,0,124.328,1048,8187,1,0,791,1,13.8952,2454,562,12851,0
1783,6.50317,188,0,1,0,64.743,1072,8189,1,0,802,1,11.1155,2455,563,12852,0
1772,6.46265,378,0,0,0,330.717,1091,8189,0,0,626,0,11.4657,2455,563,12852,0
1909,6.96272,247,0,0,0,136.158,1119,8189,0,0,986,0,12.2135,2455,563,12852,0
1660,6.05397,156,0,3,0,85.137,1138,8189,3,0,670,3,8.90842,2458,566,12855,0
1844,6.72574,150,0,0,0,122.507,1162,8189,0,0,865,0,10.5792,2458,566,12855,0
1853,6.75841,134,0,0,0,70.284,1188,8189,0,0,939,0,8.84275,2458,566,12855,0
1780,6.49222,159,0,2,0,90.981,1208,8189,2,0,746,2,13.9901,2460,568,12857,0
1816,6.62303,228,0,1,0,124.107,1229,8189,1,0,785,1,10.9768,2461,569,12858,0
1808,6.59435,502,0,0,0,117.138,1248,8189,0,0,771,0,12.6403,2461,569,12858,0
1669,6.08705,173,0,0,0,143.707,1272,8191,0,0,913,0,13.0452,2461,569,12858,0
1510,5.50707,210,0,0,0,126.688,1290,8191,0,0,739,0,9.34253,2461,569,12858,0
1677,6.11505,216,0,0,0,54.382,1311,8189,0,0,840,0,204.905,2461,569,12858,0
1940,7.07579,177,0,1,0,62.539,1329,8189,1,0,754,1,24.6751,2462,570,12859,0
1631,5.94834,178,0,0,0,102.581,1349,8189,0,0,821,0,8.72602,2462,570,12859,0
1938,7.06828,286,0,0,0,139.754,1370,8189,0,0,921,0,18.9003,2462,570,12859,0
1812,6.60835,194,0,1,0,135.92,1388,8189,1,0,761,1,9.36442,2463,571,12860,0
1880,6.85634,400,0,0,0,102.241,1407,8189,0,0,840,0,16.9486,2463,571,12860,0
2196,8.00951,406,0,0,0,390.327,1420,8189,0,0,581,0,17.5542,2463,571,12860,0
1708,6.22927,515,0,1,0,122.167,1434,8189,1,0,590,1,13.5997,2464,572,12861,0
1728,6.30238,197,0,1,0,90.671,1446,8189,1,0,570,1,9.72557,2465,573,12862,0
1624,5.92321,127,0,2,0,79.208,1462,8189,2,0,713,2,8.95584,2467,575,12864,0
1676,6.11286,208,0,1,0,90.488,1478,8188,1,0,742,1,11.1082,2468,576,12865,0
1786,6.51436,302,0,1,0,95.625,1492,8185,1,0,655,1,8.89747,2469,577,12866,0
1736,6.33152,263,0,0,0,147.818,1510,8187,0,0,859,0,11.9727,2469,577,12866,0
1846,6.73273,253,0,0,0,133.956,1530,8189,0,0,931,0,10.5756,2469,577,12866,0
1798,6.55773,319,0,0,0,179.577,1548,8189,0,0,873,0,11.3416,2469,577,12866,0
1736,6.33169,133,0,3,0,59.508,1560,8189,3,0,596,3,12.0931,2472,580,12869,0
1480,5.39757,117,0,0,0,70.13,1576,8189,0,0,756,0,8.97773,2472,580,12869,0
1871,6.82358,301,0,0,0,132.051,1593,8189,0,0,846,0,9.78394,2472,580,12869,0
1816,6.62297,265,0,0,0,210.572,1610,8189,0,0,847,0,11.6517,2472,580,12869,0
1741,6.34949,619,0,0,0,275.532,1621,8189,0,0,578,0,10.094,2472,580,12869,0
1924,7.01727,331,0,0,0,289.384,1634,8189,0,0,638,0,10.1378,2472,580,12869,0
1673,6.10169,3,0,1408,0,210.638,3,6783,119,0,185,0,88.2342,2591,580,14277,0
1102,4.019,115,0,1,0,95.818,165,8189,1,0,438,1,13.0671,2592,581,14278,0
1508,5.49852,106,0,3,0,134.864,242,8189,3,0,489,3,15.5733,2595,584,14281,0
1609,5.86802,140,0,1,0,54.397,322,8189,1,0,707,1,15.0261,2596,585,14282,0
1748,6.37082,211,0,0,0,115.758,397,8189,0,0,841,0,10.6376,2596,585,14282,0
1877,6.84548,268,0,1,0,79.647,458,8189,1,0,820,1,11.9326,2597,586,14283,0
1746,6.36808,307,0,0,0,232.311,506,8187,0,0,729,0,10.9805,2597,586,14283,0
1754,6.3972,312,0,0,0,166.663,559,8189,0,0,879,0,12.7279,2597,586,14283,0
1584,5.77694,418,0,0,0,212.738,596,8187,0,0,675,0,10.3603,2597,586,14283,0
1778,6.48465,333,0,0,0,175.788,636,8189,0,0,762,0,17.9555,2597,586,14283,0
1674,6.10541,104,0,0,0,48.113,682,8189,0,0,955,0,8.66035,2597,586,14283,0
1798,6.55776,154,0,2,0,92.041,713,8189,2,0,664,2,9.95904,2599,588,14285,0


