SendPacket,SendRate(Mb/s),FlightSize,ReceiveRate(Mb/s),Send Loss,Recv Loss,RTT(ms),CWnd,FlowWindow,Retrans,PktSndPeriod(us),RecvACK,RecvNAK,EstimatedBandwidth(Mb/s),Retrans_Total,NAK_TotalRecv,Total Send Loss,Total Recv Loss
1506,5.11332,108,0,5,0,66.076,8445,8152,5,89.0097,48,5,247.276,5,5,5,0
1657,6.04269,130,0,5,0,64.523,10144,8191,5,147.199,54,5,311.514,10,10,10,0
1553,5.66379,145,0,3,0,73.557,5792,8177,3,188.622,48,3,41.5398,13,13,13,0
1879,6.85313,186,0,3,0,59.56,4726,8159,3,251,59,3,270.558,16,16,16,0
1672,6.09786,141,0,6,0,67.262,6275,8187,6,438.841,51,6,14.4461,22,22,22,0
1703,6.21059,106,0,3,0,69.64,6613,8143,3,446.643,58,3,93.345,25,25,25,0
1621,5.91213,256,0,6,0,65.839,1286,8191,6,412,50,6,70.7603,31,31,31,0
1600,5.83526,109,0,3,0,76.711,8260,8146,3,440.791,62,3,101.52,34,34,34,0
1718,6.26542,147,0,2,0,63.326,4498,8142,2,523.242,59,2,12.2135,36,36,36,0
1709,6.23269,139,0,2,0,66.052,6306,8179,2,600.164,66,2,85.8447,38,38,38,0
1627,5.93378,144,0,6,0,64.84,5239,8153,6,652.42,45,6,297.392,44,44,44,0
1659,6.05055,120,0,5,0,68.065,6108,8177,5,568.797,46,5,448.434,49,49,49,0
1706,6.22175,147,0,5,0,69.065,5903,8171,5,469.917,48,5,370.403,54,54,54,0
1684,6.14132,136,0,5,0,67.76,1502,8177,5,575.998,50,5,38.9351,59,59,59,0
1740,6.34579,173,0,4,0,65.757,6373,8191,4,800.241,55,4,13.2422,63,63,63,0
1742,6.3531,156,0,5,0,63.139,5857,8165,5,706,52,5,32.0732,68,68,68,0
1616,5.89354,111,0,6,0,70.012,1398,8024,6,1370.34,42,6,9.22214,74,74,74,0
1677,6.11614,279,0,10,0,65.841,1615,8169,10,479,44,10,642.847,84,84,84,0
1788,6.52086,135,0,1,0,60.572,2634,8171,1,340.497,68,1,9.40454,85,85,85,0
1691,6.167,130,0,3,0,56.618,7171,8182,3,481.02,59,3,8.19706,88,88,88,0
1596,5.82058,128,0,5,0,69.176,10752,8191,5,844,54,5,9.52493,93,93,93,0
1710,6.23677,139,0,5,0,63.439,6779,8176,5,321,55,5,386.783,98,98,98,0
1540,5.61646,188,0,4,0,74.075,5707,8186,4,407,51,4,200.695,102,102,102,0
1663,6.06488,131,0,6,0,63.717,7195,8156,6,584.889,44,6,146.383,108,108,108,0
1775,6.47342,201,0,4,0,66.403,6668,8191,4,380,60,4,36.1553,112,112,112,0
1605,5.85347,196,0,4,0,64.013,5305,8171,4,502,53,4,453.235,116,116,116,0
1776,6.47711,276,0,6,0,63.049,3726,8150,6,712,49,6,94.9246,122,122,122,0
1701,6.20403,126,0,5,0,63.05,5507,8045,5,514,50,5,456.08,127,127,127,0
1679,6.12355,139,0,3,0,72.835,12687,8191,3,601.139,57,3,9.17837,130,130,130,0
1658,6.04661,381,0,6,0,69.189,3691,8161,6,1030,44,6,9.50669,136,136,136,0
1695,6.18163,169,0,4,0,65.709,5825,8164,4,796.013,52,4,55.5736,140,140,140,0
1574,5.7404,214,0,4,0,69.386,7925,8165,4,374,53,4,691.792,144,144,144,0
1420,5.17877,281,0,13,0,72.041,8995,8191,13,876,39,13,500.465,157,157,157,0
1663,6.06499,146,0,6,0,64.487,5253,8191,6,840.301,56,6,83.4553,163,163,163,0
1862,6.79065,160,0,2,0,69.668,5593,8191,2,225.297,63,2,352.703,165,165,165,0
1593,5.80921,122,0,5,0,64.394,5678,8182,5,319.366,52,5,14.9896,170,170,170,0
1641,5.98502,238,0,6,0,64.249,10331,8186,6,488,45,6,285.186,176,176,176,0
1673,6.10143,124,0,5,0,64.646,4971,8191,5,682.088,54,5,11.6079,181,181,181,0
1729,6.30566,126,0,2,0,67.801,4624,8153,2,344.184,59,2,128.596,183,183,183,0
1720,6.27295,110,0,4,0,65.082,6475,8174,4,521.705,58,4,9.53952,187,187,187,0
1788,6.52034,130,0,4,0,78.384,8905,8173,4,343.998,51,4,504.956,191,191,191,0
1632,5.95135,123,0,4,0,68.686,7041,8191,4,320,61,4,10.1633,195,195,195,0
1670,6.09043,127,0,5,0,82.183,9009,8184,5,379.802,47,5,31.8179,200,200,200,0
1661,6.05769,123,0,3,0,63.864,2216,8174,3,277.341,59,3,208.184,203,203,203,0
1689,6.15981,129,0,5,0,66.204,2315,8191,5,382.677,52,5,21.4138,208,208,208,0
1642,5.98839,293,0,7,0,64.099,1547,8191,7,94,42,7,94.1877,215,215,215,0
1545,5.63485,163,0,5,0,71.465,7925,8190,5,171,46,5,8.36486,220,220,220,0
1659,6.05033,176,0,4,0,70.261,5229,8191,4,272.75,39,4,263.152,224,224,224,0
1735,6.32819,131,0,3,0,67.224,10285,8167,3,271.214,55,3,374.361,227,227,227,0
1723,6.28396,250,0,4,0,77.7,5587,8177,4,354.304,47,4,396.308,231,231,231,0
1668,6.08358,130,0,4,0,68.602,6078,8170,4,339.311,52,4,321.557,235,235,235,0
1605,5.85382,112,0,3,0,66.623,5055,8161,3,314.764,57,3,89.7736,238,238,238,0
1567,5.71481,235,0,4,0,77.303,8200,8191,4,427,45,4,142.352,242,242,242,0
1766,6.44034,120,0,3,0,60.972,4452,8175,3,567.222,63,3,8.48525,245,245,245,0
1672,6.09789,133,0,4,0,66.284,5970,8180,4,460.663,50,4,104.34,249,249,249,0
1575,5.74406,235,0,4,0,78.205,8758,8190,4,611.29,48,4,110.483,253,253,253,0
1658,6.04675,151,0,7,0,66.004,6161,8023,7,788.132,50,7,47.9274,260,260,260,0
1716,6.25827,113,0,5,0,70.448,9070,8191,5,324.828,52,5,109.969,265,265,265,0
1680,6.12697,136,0,5,0,65.579,7125,8160,5,487,53,5,125.995,270,270,270,0
1616,5.89382,133,0,3,0,74.014,7757,8185,3,279.313,52,3,247.396,273,273,273,0
1681,6.13064,125,0,3,0,72.374,5252,8166,3,342.624,55,3,9.66355,276,276,276,0
1748,6.37514,150,0,4,0,65.494,3522,8169,4,468,55,4,273.604,280,280,280,0
1654,6.03211,168,0,5,0,66.293,5203,8173,5,688,44,5,117.112,285,285,285,0
1680,6.12689,195,0,3,0,59.736,6684,8177,3,462.304,51,3,461.315,288,288,288,0
1850,6.74656,109,0,4,0,57.823,5823,8174,4,206.71,56,4,89.832,292,292,292,0
1768,6.44817,108,0,3,0,65.304,4638,8146,3,265.498,58,3,446.946,295,295,295,0
1660,6.05435,148,0,4,0,67.092,5714,8191,4,333,57,4,293.693,299,299,299,0
1665,6.07265,132,0,3,0,70.445,5286,8191,3,441.414,56,3,9.42278,302,302,302,0
1740,6.34577,131,0,3,0,63.989,4262,8191,3,284.523,56,3,408.113,305,305,305,0
1517,5.53248,134,0,5,0,80.774,11687,8159,5,355.187,49,5,323.154,310,310,310,0
1616,5.89352,128,0,4,0,74.621,3214,8177,4,340.254,59,4,36.2246,314,314,314,0
1883,6.86672,239,0,2,0,52.901,3663,8190,2,140,68,2,320.407,316,316,316,0
1661,6.05763,216,0,7,0,70.129,8842,8189,7,266,42,7,211.81,323,323,323,0
1785,6.51016,143,0,5,0,66.866,7176,8186,5,371.122,54,5,288.765,328,328,328,0
1617,5.89716,203,0,7,0,63.498,5321,8068,7,671,41,7,88.9492,335,335,335,0
1691,6.16704,124,0,3,0,68.642,4388,8051,3,495,55,3,437.315,338,338,338,0
1651,6.02118,343,0,6,0,72.823,2853,8161,6,819,41,6,38.7855,344,344,344,0
1656,6.03933,164,0,5,0,71.627,3721,8158,5,604,50,5,519.643,349,349,349,0
1647,6.00655,135,0,4,0,67.205,5029,8191,4,300,56,4,85.002,353,353,353,0
1531,5.58309,200,0,4,0,87.29,11389,8173,4,382,46,4,382.774,357,357,357,0
1669,6.08721,130,0,3,0,67.329,8413,8191,3,394.675,48,3,421.45,360,360,360,0
1750,6.38241,189,0,4,0,70.283,10234,8162,4,266,60,4,501.917,364,364,364,0
1736,6.33151,150,0,4,0,66.471,3330,8185,4,219,57,4,70.3553,368,368,368,0
1701,6.20341,280,0,7,0,65.527,2342,8188,7,443,46,7,10.758,375,375,375,0
1773,6.46618,138,0,4,0,61.334,8129,8186,4,267.933,56,4,510.344,379,379,379,0
1739,6.34211,142,0,3,0,61.291,3674,8191,3,180.025,58,3,363.472,382,382,382,0
1600,5.83517,103,0,5,0,69.144,6547,8167,5,275.374,47,5,136.453,387,387,387,0
1702,6.20713,106,0,5,0,61.427,6657,8191,5,434.267,51,5,385.656,392,392,392,0
1645,5.99923,109,0,4,0,66.902,6406,8191,4,399.369,61,4,69.8519,396,396,396,0
1626,5.92993,191,0,7,0,65.088,8625,8157,7,871,50,7,8.40134,403,403,403,0
1537,5.60529,144,0,7,0,71.476,4139,8184,7,1642,49,7,9.06163,410,410,410,0
1629,5.94098,137,0,4,0,65.851,7434,8191,4,2279.31,47,4,46.4208,414,414,414,0
1778,6.48429,141,0,2,0,58.113,6452,8154,2,331.934,61,2,419.79,416,416,416,0
1693,6.17405,187,0,2,0,57.09,6047,8181,2,185.799,62,2,54.585,418,418,418,0
1686,6.14898,165,0,6,0,67.504,2211,8191,6,319.156,48,6,19.0499,424,424,424,0
1625,5.92658,115,0,2,0,61.903,5766,8161,2,219.168,61,2,449.346,426,426,426,0
1666,6.07598,125,0,5,0,62.955,5615,8191,5,294.965,53,5,10.7762,431,431,431,0
1754,6.39692,203,0,3,0,65.657,2703,8160,3,279.53,57,3,53.7788,434,434,434,0
1678,6.11971,189,0,6,0,65.612,4589,8182,6,557,49,6,8.53632,440,440,440,0
1655,6.03574,125,0,3,0,79.057,7129,8182,3,375.716,54,3,388.052,443,443,443,0
1620,5.90808,144,0,6,0,65.113,7233,8166,6,659.735,43,6,13.5012,449,449,449,0
1676,6.11219,201,0,689,0,63.462,6961,8185,135,863,29,6,59.0064,584,455,1138,0
1678,6.11962,211,0,4,0,63.504,4289,8164,4,731,56,4,361.214,588,459,1142,0
1601,5.83883,174,0,5,0,66.78,4046,8191,5,496,46,5,480.803,593,464,1147,0
1766,6.44056,117,0,3,0,62.265,10461,8153,3,465.552,55,3,359.164,596,467,1150,0
1796,6.54994,309,0,5,0,60.09,1939,8191,5,284,51,5,400.054,601,472,1155,0
1484,5.41214,292,0,5,0,67.744,8434,8190,5,398,48,5,465.022,606,477,1160,0
1657,6.037,165,0,4,0,64.121,7131,8191,3,329,51,4,358.365,609,481,1164,0
1686,6.14884,108,0,1,0,67.285,5829,8189,2,325.562,64,1,8.21165,611,482,1165,0
1767,6.44436,261,0,3,0,66.816,7714,8186,3,283,60,3,318.408,614,485,1168,0
1586,5.78417,243,0,7,0,67.704,2084,8178,7,477,48,7,8.92301,621,492,1175,0
1800,6.56458,107,0,2,0,57.095,5986,8191,2,506.046,74,2,697.881,623,494,1177,0
1816,6.6228,119,0,2,0,67.309,8113,8161,2,220.669,66,2,467.874,625,496,1179,0
1501,5.47412,117,0,5,0,64.29,4447,8165,5,314.704,49,5,53.476,630,501,1184,0
1763,6.42962,179,0,4,0,68.956,5053,8181,4,408.901,57,4,240.089,634,505,1188,0
1727,6.29848,116,0,2,0,63.934,4824,8186,2,291.715,60,2,53.5271,636,507,1190,0
1681,6.13081,161,0,4,0,72.781,7813,8145,4,428.234,44,4,240.958,640,511,1194,0
1539,5.6127,188,0,3,0,75.007,7936,8191,3,215,53,3,416.751,643,514,1197,0
1655,6.03565,130,0,4,0,75.041,5468,8191,4,322.979,54,4,10.4479,647,518,1201,0
1556,5.67499,122,0,4,0,92.974,2696,8191,4,449.24,49,4,20.4616,651,522,1205,0
1751,6.38587,139,0,4,0,72.913,3874,8139,4,417.37,51,4,39.1503,655,526,1209,0
1700,6.20008,136,0,4,0,64.832,4175,8191,4,315,57,4,347.994,659,530,1213,0
1604,5.84998,132,0,3,0,59.965,5082,8173,3,395.638,54,3,12.6732,662,533,1216,0
1585,5.78051,161,0,4,0,84.842,3294,8191,4,405.869,46,4,348.355,666,537,1220,0
1655,6.03562,115,0,2,0,66.181,4919,8067,2,219.544,63,2,392.948,668,539,1222,0
1635,5.96282,174,0,8,0,60.879,5728,8191,8,486,41,8,11.4182,676,547,1230,0
1677,6.11603,122,0,3,0,67.12,6932,8165,3,271.504,57,3,450.116,679,550,1233,0
1646,6.00294,162,0,4,0,74.645,5226,8052,4,389.969,58,4,7.82861,683,554,1237,0
1721,6.27644,177,0,3,0,59.802,4338,8191,2,287,60,3,34.0869,685,557,1240,0
1749,6.37856,129,0,5,0,75.155,3902,8191,6,407.945,49,5,175.192,691,562,1245,0
1721,6.27634,165,0,5,0,59.309,6159,8191,4,613,57,5,387.005,695,567,1250,0
1727,6.29855,143,0,3,0,68.94,9383,8189,4,444.615,58,3,17.1675,699,570,1253,0
2039,7.43626,179,0,4,0,71.517,10836,8191,4,368.446,57,4,455.891,703,574,1257,0
1570,5.72579,142,0,4,0,76.906,10752,8160,4,400,54,4,447.876,707,578,1261,0
1735,6.32788,119,0,2,0,68.11,2138,8176,2,226.23,59,2,41.2406,709,580,1263,0
1712,6.24347,158,0,5,0,66.594,748,8170,5,351,54,5,9.29875,714,585,1268,0
1612,5.87904,174,0,4,0,77.042,4302,8179,4,554,56,4,11.7612,718,589,1272,0
1770,6.45525,130,0,1,0,62.788,6728,8191,1,206.734,63,1,548.732,719,590,1273,0
1628,5.93733,191,0,3,0,71.774,16746,8191,3,195.969,49,3,9.81677,722,593,1276,0
1477,5.38663,114,0,3,0,68.269,5919,8159,3,253.458,52,3,21.764,725,596,1279,0
1586,5.78414,149,0,8,0,67.412,8219,8191,8,470.27,37,8,414.953,733,604,1287,0
1565,5.70754,263,0,5,0,67.7,5545,8176,5,314,54,5,291.461,738,609,1292,0
1751,6.38573,131,0,1,0,65.923,626,8191,1,262.763,69,1,12.2026,739,610,1293,0
1778,6.48434,138,0,1,0,67.35,6574,8158,1,294.831,62,1,32.5912,740,611,1294,0
1709,6.2327,159,0,5,0,62.005,7309,8167,4,404,53,5,15.9199,744,616,1299,0
1625,5.92676,112,0,4,0,73.633,6234,8151,5,490.278,50,4,38.9278,749,620,1303,0
1783,6.50262,136,0,3,0,77.68,7573,8191,3,210.166,59,3,22.4753,752,623,1306,0
1756,6.40413,128,0,3,0,61.648,8173,8177,3,252.093,61,3,507.101,755,626,1309,0
1619,5.9036,114,0,3,0,69.499,8061,8165,3,307.755,57,3,10.6704,758,629,1312,0
1708,6.2295,147,0,2,0,64.512,9981,8191,2,179.311,62,2,475.48,760,631,1314,0
1693,6.17435,120,0,3,0,62.566,8717,8155,3,204.414,55,3,13.0817,763,634,1317,0
1559,5.68569,146,0,4,0,86.136,11206,8156,4,290.507,41,4,340.884,767,638,1321,0
1628,5.93728,125,0,4,0,70.368,9822,8172,4,356.22,49,4,416.671,771,642,1325,0
1566,5.7112,135,0,3,0,82.694,11375,8177,3,375.755,54,3,310.306,774,645,1328,0
1638,5.97358,190,0,5,0,72.001,9006,8191,5,398,42,5,514.386,779,650,1333,0
1789,6.52443,151,0,1,0,62.158,8295,8161,1,238.086,57,1,26.9332,780,651,1334,0
1593,5.80963,185,0,5,0,63.262,6215,8165,5,349,46,5,348.621,785,656,1339,0
1639,5.9774,182,0,5,0,74.505,7356,8191,5,441,41,5,407.182,790,661,1344,0
1365,4.97814,124,0,7,0,85.999,2980,8160,7,693.858,37,7,314.414,797,668,1351,0
1609,5.868,148,0,3,0,73.917,5488,8191,3,343.779,56,3,12.1953,800,671,1354,0
1400,5.10577,110,0,8,0,88.997,9992,8176,8,880.029,33,8,13.3116,808,679,1362,0
1418,5.17157,172,0,11,0,73.171,10016,8156,11,1950,34,11,6.60653,819,690,1373,0
1730,6.30938,134,0,4,0,63.167,1756,8186,4,1047,60,4,19.3782,823,694,1377,0
1510,5.50679,252,0,5,0,73.964,8184,8184,5,1634,46,5,315.348,828,699,1382,0
1577,5.75168,157,0,8,0,73.149,4327,8167,8,1660,48,8,14.5227,836,707,1390,0
1644,5.99591,120,0,5,0,69.748,7450,8141,5,914.905,48,5,452.348,841,712,1395,0
1641,5.98511,146,0,4,0,68.063,3939,8191,4,451.792,52,4,583.972,845,716,1399,0
1517,5.5327,132,0,6,0,73.736,8360,8191,6,672.167,45,6,255.553,851,722,1405,0
1594,5.81335,131,0,6,0,67.881,4827,8166,6,766.877,45,6,11.13,857,728,1411,0
1730,6.30927,142,0,4,0,92.858,7241,8191,4,246.457,51,4,462.486,861,732,1415,0
1610,5.87159,135,0,5,0,66.002,5471,8166,5,338.871,53,5,14.4242,866,737,1420,0
1655,6.03574,125,0,3,0,64.944,6558,8191,3,209.412,57,3,169.698,869,740,1423,0
1801,6.56827,147,0,3,0,65.548,2589,8161,3,250.109,63,3,95.8986,872,743,1426,0
1709,6.23271,133,0,2,0,70.355,3524,8178,2,311.417,59,2,25.8607,874,745,1428,0
1637,5.97009,213,0,3,0,75.456,4199,8191,3,306.89,51,3,410.042,877,748,1431,0
1586,5.78404,146,0,4,0,71.558,5542,8189,4,449,56,4,22.6103,881,752,1435,0
1583,5.77313,172,0,3,0,67.354,7296,8191,3,210.66,50,3,472.759,884,755,1438,0
1661,6.05778,110,0,4,0,69.918,5115,8176,4,275.575,55,4,141.061,888,759,1442,0
1643,5.99211,120,0,3,0,69.881,8312,8178,3,258.359,53,3,439.055,891,762,1445,0
1797,6.5541,113,0,2,0,61.09,7993,8165,2,211.198,63,2,487.975,893,764,1447,0
1511,5.51099,142,0,5,0,70.574,5253,8191,5,332,47,5,25.0216,898,769,1452,0
1717,6.26198,133,0,5,0,69.099,5407,8191,5,577.729,49,5,122.945,903,774,1457,0
1773,6.46609,145,0,2,0,63.186,8714,8191,2,193.974,58,2,566.272,905,776,1459,0
1698,6.19261,114,0,4,0,65.949,5274,8156,4,225.716,55,4,368.018,909,780,1463,0
1753,6.39315,149,0,1,0,69.817,2854,8175,1,208.253,68,1,559.45,910,781,1464,0
1625,5.92638,132,0,3,0,76.247,4217,8191,3,246.447,60,3,52.2795,913,784,1467,0
1591,5.80234,125,0,5,0,76.184,6296,8151,5,443.803,44,5,8.27731,918,789,1472,0
1532,5.58717,193,0,4,0,67.759,8792,8191,4,541,50,4,288.115,922,793,1476,0
1735,6.32745,154,0,8,0,61.977,4149,8158,8,874,48,8,37.1549,930,801,1484,0
1548,5.64546,121,0,7,0,65.412,5957,8190,7,683.684,38,7,456.047,937,808,1491,0
1373,5.00726,131,0,6,0,83.593,3435,8191,6,682.432,44,6,276.208,943,814,1497,0
1588,5.79156,146,0,7,0,71.534,6358,8191,7,1203,44,7,13.6435,950,821,1504,0
1641,5.98145,104,0,5,0,75.388,3195,8048,5,515,47,5,229.127,955,826,1509,0
1667,6.07957,144,0,3,0,73.063,6716,8191,3,679.992,55,3,11.6262,958,829,1512,0
1580,5.76226,144,0,6,0,70.263,5251,8191,6,1139.42,48,6,12.6184,964,835,1518,0
1630,5.9446,232,0,7,0,80.857,10707,8149,7,1868,40,7,250.023,971,842,1525,0
1835,6.6924,150,0,3,0,65.338,7299,8148,3,259.304,60,3,125.207,974,845,1528,0
1598,5.82798,145,0,3,0,74.854,5277,8153,3,338.922,60,3,90.4959,977,848,1531,0
1796,6.54999,195,0,3,0,62.931,3532,8191,3,400,64,3,358.504,980,851,1534,0
1562,5.69657,1262,0,5,0,61.693,8616,8172,5,612,10,5,437.691,985,856,1539,0
1625,5.92632,180,0,1436,0,71.342,2076,8162,176,744,34,4,49.4268,1161,860,2975,0
1601,5.83879,116,0,4,0,65.451,3628,8152,4,596.196,49,4,419.086,1165,864,2979,0
1518,5.53606,190,0,6,0,66.906,9083,8173,6,1024,42,6,10.2399,1171,870,2985,0
1609,5.86811,114,0,4,0,64.381,6742,8191,4,797.286,50,4,189.309,1175,874,2989,0
1614,5.88629,121,0,5,0,63.163,5108,8160,5,647,51,5,10.8528,1180,879,2994,0
1750,6.38203,130,0,3,0,78.572,1741,8161,3,622.734,53,3,107.795,1183,882,2997,0
1760,6.41862,199,0,2,0,62.533,4512,8161,2,613.75,58,2,10.229,1185,884,2999,0
1533,5.59098,178,0,3,0,70.519,6269,8191,3,820.834,50,3,9.10906,1188,887,3002,0
1851,6.75061,182,0,3,0,80.448,3021,8191,3,229.796,60,3,164.933,1191,890,3005,0
1804,6.5792,150,0,2,0,58.536,6366,8191,2,181.901,60,2,32.7408,1193,892,3007,0
1508,5.49964,147,0,4,0,75.114,953,8181,4,292.965,49,4,8.12045,1197,896,3011,0
1563,5.70064,135,0,3,0,75.572,8581,8191,3,418.719,61,3,7.3033,1200,899,3014,0
1552,5.66012,214,0,4,0,66.44,5075,8191,4,507,52,4,402.236,1204,903,3018,0
1726,6.29475,129,0,2,0,57.614,5984,8191,2,270.869,65,2,10.8601,1206,905,3020,0
1805,6.58262,132,0,1,0,65.993,5315,8165,1,169.124,73,1,305.936,1207,906,3021,0
1654,6.03224,141,0,4,0,67.078,9115,8155,4,231.383,54,4,187.577,1211,910,3025,0
1674,6.10512,245,0,4,0,61.389,5696,8166,4,333,55,4,15.3252,1215,914,3029,0
1559,5.68562,167,0,6,0,72.238,6902,8177,6,547,46,6,225.304,1221,920,3035,0
1827,6.663,192,0,3,0,70.468,9415,8160,3,388.02,55,3,289.764,1224,923,3038,0
1729,6.30565,147,0,3,0,64.743,2747,8176,3,314,64,3,9.47021,1227,926,3041,0
1613,5.88281,144,0,3,0,70.2,5690,8174,3,424.062,49,3,197.484,1230,929,3044,0
1664,6.06906,193,0,4,0,65.99,8125,8191,4,328.726,51,4,234.256,1234,933,3048,0
1747,6.37165,149,0,4,0,72.353,5422,8080,4,295.359,58,4,433.751,1238,937,3052,0
1559,5.68567,114,0,3,0,73.111,5854,8185,3,274.406,52,3,466.313,1241,940,3055,0
1774,6.46969,140,0,3,0,74.993,3294,8191,3,367.81,58,3,8.95584,1244,943,3058,0
1748,6.37491,181,0,4,0,59.727,1091,8191,4,571.036,57,4,8.63482,1248,947,3062,0
1584,5.77684,187,0,4,0,65.838,2021,8191,4,873,60,4,8.89018,1252,951,3066,0
1744,6.3606,109,0,4,0,55.995,4966,8191,4,361.189,62,4,297.367,1256,955,3070,0
1820,6.63765,143,0,1,0,57.959,6859,8191,1,139.6,65,1,31.2597,1257,956,3071,0
1590,5.79909,203,0,9,0,66.288,5247,8161,9,322,39,9,10.6157,1266,965,3080,0
1651,6.02125,141,0,5,0,73.302,6107,8191,5,473.174,49,5,451.159,1271,970,3085,0
1675,6.10903,122,0,3,0,73.129,1705,8152,3,312.12,61,3,13.4319,1274,973,3088,0
1662,6.06136,220,0,4,0,64.919,6543,8181,4,501,54,4,8.8391,1278,977,3092,0
1706,6.22216,142,0,3,0,70.872,2298,8191,3,473.683,60,3,36.666,1281,980,3095,0
1650,6.01767,131,0,3,0,61.555,5009,8191,3,612.97,57,3,180.284,1284,983,3098,0
1694,6.17799,168,0,4,0,66.439,1602,8191,4,386,59,4,20.8848,1288,987,3102,0
1882,6.86352,190,0,3,0,70.403,5102,8170,3,422.985,52,3,212.693,1291,990,3105,0
1680,6.12733,169,0,4,0,84.011,5790,8160,4,333,52,4,33.5434,1295,994,3109,0
1583,5.77357,123,0,2,0,77.475,2309,8166,2,321.319,59,2,23.8214,1297,996,3111,0
1751,6.38612,124,0,4,0,67.204,4648,8191,4,506,61,4,140.101,1301,1000,3115,0
1551,5.65492,108,0,3,0,71.857,5442,8185,3,200.522,54,3,537.015,1304,1003,3118,0
1610,5.87194,135,0,7,0,66.423,5855,8090,7,365,42,7,324.34,1311,1010,3125,0
1610,5.87035,144,0,7,0,68.314,4459,8188,7,560,47,7,278.616,1318,1017,3132,0
1726,6.29486,166,0,4,0,67.535,8771,8178,4,599,55,4,16.1169,1322,1021,3136,0
1596,5.82065,145,0,5,0,70.607,5807,8191,5,604.55,45,5,62.2495,1327,1026,3141,0
1762,6.426,119,0,2,0,66.21,1343,8177,2,702.681,70,2,11.8268,1329,1028,3143,0
1620,5.90813,148,0,5,0,83.019,6393,8191,5,448.592,52,5,378.053,1334,1033,3148,0
1445,5.27,128,0,6,0,77.252,2470,8191,6,782.701,46,6,10.7871,1340,1039,3154,0
1581,5.76584,163,0,6,0,69.174,5779,8157,6,1349,41,6,37.2789,1346,1045,3160,0
1697,6.18807,138,0,3,0,65.248,5991,8191,3,286.457,56,3,11.5496,1349,1048,3163,0
1614,5.8867,132,0,4,0,63.131,5088,8191,4,453.271,50,4,9.43738,1353,1052,3167,0
1771,6.45936,118,0,3,0,69.995,1345,8191,3,625.273,63,3,9.94445,1356,1055,3170,0
1669,6.08703,142,0,3,0,68.008,11244,8165,3,232.069,53,3,416.839,1359,1058,3173,0
1774,6.46976,149,0,2,0,73.52,6169,8156,2,189.058,61,2,254.35,1361,1060,3175,0
1703,6.21075,132,0,3,0,74.061,5406,8191,3,184.959,55,3,8.2992,1364,1063,3178,0
1821,6.64112,149,0,3,0,64.355,7784,8191,3,263.875,61,3,8.30285,1367,1066,3181,0
1710,6.2364,145,0,3,0,69.304,3184,8190,3,338.371,60,3,203.132,1370,1069,3184,0
1564,5.70409,137,0,2,0,77.46,5764,8191,2,345.94,55,2,497.419,1372,1071,3186,0
1624,5.92262,107,0,5,0,65.716,3663,8163,5,233,55,5,469.662,1377,1076,3191,0
1897,6.91805,131,0,3,0,57.951,6040,8163,3,287.37,63,3,329.487,1380,1079,3194,0
1686,6.1492,121,0,3,0,64.045,9108,8168,3,364.441,64,3,10.8783,1383,1082,3197,0
1661,6.05772,116,0,2,0,73.33,13492,8160,2,219.573,55,2,460.348,1385,1084,3199,0
1868,6.81306,308,0,4,0,59.183,2188,8168,4,292,61,4,20.1698,1389,1088,3203,0
1835,6.69209,138,0,3,0,60.019,5288,8158,3,228.984,65,3,16.281,1392,1091,3206,0
1597,5.82403,128,0,5,0,68.068,8665,8177,5,355.647,56,5,150.542,1397,1096,3211,0
1709,6.23244,123,0,4,0,64.754,7123,8149,4,401.692,57,4,244.048,1401,1100,3215,0
1794,6.54284,205,0,3,0,63.516,6107,8146,3,237.529,59,3,431.693,1404,1103,3218,0
1505,5.48847,130,0,5,0,77.963,1965,8166,5,381.684,47,5,14.6212,1409,1108,3223,0
1704,6.21468,111,0,6,0,67.226,5457,8165,6,494.652,52,6,357.471,1415,1114,3229,0
1762,6.42636,111,0,4,0,69.455,6170,8191,4,260.852,58,4,454.468,1419,1118,3233,0
1547,5.64194,188,0,6,0,72.263,5104,8191,6,417,45,6,308.734,1425,1124,3239,0
1707,6.22542,120,0,4,0,65.534,2978,8168,4,453.144,62,4,48.2521,1429,1128,3243,0
1602,5.84258,106,0,5,0,69.339,9409,8153,5,770.044,46,5,91.3678,1434,1133,3248,0
1696,6.18553,131,0,4,0,66.949,3269,8177,4,567.034,56,4,9.25498,1438,1137,3252,0
1623,5.91944,169,0,5,0,85.942,6166,8055,5,970.168,46,5,10.7251,1443,1142,3257,0
1691,6.16718,147,0,3,0,75.526,7905,8165,3,559,60,3,199.462,1446,1145,3260,0
1641,5.98464,153,0,4,0,76.735,7809,8148,4,662.936,46,4,468.104,1450,1149,3264,0
1796,6.5502,129,0,4,0,71.471,4726,8162,4,636.857,54,4,16.281,1454,1153,3268,0
1677,6.11605,149,0,4,0,66.79,5153,8191,4,500.374,52,4,421.654,1458,1157,3272,0
1574,5.74032,194,0,6,0,61.098,5503,8163,6,632.083,42,6,534.578,1464,1163,3278,0
1769,6.45202,216,0,2,0,64.202,6749,8151,2,596.693,60,2,9.6599,1466,1165,3280,0
1670,6.09092,136,0,1,0,75.144,9742,8180,1,163.497,65,1,42.0468,1467,1166,3281,0
1793,6.53951,140,0,1,0,71.212,3352,8186,1,182.779,72,1,8.9449,1468,1167,3282,0
1723,6.28416,195,0,5,0,75.22,3210,8182,5,267,51,5,12.0129,1473,1172,3287,0
1588,5.79185,108,0,9,0,74.566,8650,8142,9,482.925,42,9,71.4461,1482,1181,3296,0
1596,5.82065,183,0,10,0,66.107,4827,8093,10,800,48,10,47.3729,1492,1191,3306,0
1629,5.93994,134,0,6,0,68.094,2276,8191,6,1525.98,41,6,8.51443,1498,1197,3312,0
1592,5.80648,170,0,5,0,82.185,12331,8163,5,2151,50,5,10.8017,1503,1202,3317,0
1687,6.15111,168,0,3,0,75.366,2414,8175,3,2514,59,3,9.52128,1506,1205,3320,0
1791,6.53173,186,0,4,0,62.098,3050,8177,4,3449.11,49,4,9.71827,1510,1209,3324,0
1594,5.81335,104,0,3,0,75.896,6960,8166,3,368,59,3,167.513,1513,1212,3327,0
1577,5.75145,137,0,4,0,77.845,4485,8191,4,520.187,50,4,10.5974,1517,1216,3331,0
1698,6.19263,246,0,2,0,69.114,1951,8168,2,204,61,2,440.292,1519,1218,3333,0
1680,6.127,109,0,4,0,63.351,5432,8143,4,316.859,58,4,7.60973,1523,1222,3337,0
1619,5.90441,130,0,3,0,77.3,4844,8191,3,437.731,53,3,7.09901,1526,1225,3340,0
1581,5.76591,152,0,7,0,75.788,5929,8191,7,784.261,44,7,7.61702,1533,1232,3347,0
1550,5.65318,164,0,9,0,78.4,2099,8092,9,1677,44,9,9.36077,1542,1241,3356,0
1718,6.2658,266,0,3,0,62.432,11258,8161,3,2070,57,3,12.9431,1545,1244,3359,0
1669,6.08705,150,0,5,0,71.21,5971,8159,5,785.409,57,5,11.8451,1550,1249,3364,0
1841,6.71429,151,0,3,0,54.922,9257,8191,3,205.507,58,3,91.4554,1553,1252,3367,0
1747,6.37001,130,0,4,0,69.206,4396,8152,4,321.772,53,4,9.63072,1557,1256,3371,0
1538,5.60911,165,0,5,0,71.107,3770,8191,5,573.013,39,5,10.6047,1562,1261,3376,0
1729,6.30187,107,0,3,0,59.617,7702,8191,3,152.301,58,3,168.147,1565,1264,3379,0
1714,6.25098,149,0,5,0,66.179,8761,8184,5,225.685,52,5,299.092,1570,1269,3384,0
1517,5.53252,200,0,5,0,79.7,7736,8184,5,341,48,5,473.022,1575,1274,3389,0
1798,6.55733,149,0,4,0,60.583,7425,8161,4,418.95,52,4,11.1811,1579,1278,3393,0
1829,6.67056,170,0,3,0,64.849,5775,8157,3,225,63,3,362.451,1582,1281,3396,0
1602,5.84269,185,0,4,0,66.472,4660,8168,4,274,44,4,59.8892,1586,1285,3400,0
1634,5.95922,224,0,7,0,60.88,7006,8169,7,508,38,7,258.636,1593,1292,3407,0
1666,6.07612,131,0,5,0,66.239,920,8179,5,509.907,53,5,446.924,1598,1297,3412,0
1872,6.82722,116,0,2,0,61.525,3970,8158,2,145.419,65,2,482.448,1600,1299,3414,0
1584,5.77713,201,0,3,0,69.493,8070,8159,3,191,53,3,13.2751,1603,1302,3417,0
1830,6.67398,131,0,4,0,73.299,2661,8191,4,271,52,4,193.519,1607,1306,3421,0
1645,5.99865,135,0,1,0,76.754,1826,8191,1,258.063,66,1,12.6586,1608,1307,3422,0
1477,5.38661,116,0,5,0,78.659,1926,8182,5,466.673,48,5,8.06938,1613,1312,3427,0
1636,5.96648,127,0,4,0,65.878,4954,8170,4,727.209,55,4,8.7479,1617,1316,3431,0
1694,6.17824,140,0,3,0,70.164,6866,8191,3,891.272,56,3,540.769,1620,1319,3434,0
1641,5.98468,236,0,4,0,68.954,2645,8180,4,360,59,4,406.956,1624,1323,3438,0
1513,5.51787,119,0,5,0,77.046,9948,8164,5,573.558,45,5,254.072,1629,1328,3443,0
1426,5.20041,120,0,4,0,77.078,5281,8187,4,563.281,51,4,9.58694,1633,1332,3447,0
1498,5.46324,189,0,6,0,81.382,8976,8069,6,960,44,6,115.412,1639,1338,3453,0
1505,5.48872,253,0,10,0,75.009,10600,8165,10,2054,29,10,114.631,1649,1348,3463,0
1663,6.06529,130,0,2,0,70.485,2854,8158,2,219.523,64,2,422.767,1651,1350,3465,0
1546,5.63831,143,0,7,0,72.96,1968,8145,7,460.21,45,7,10.6813,1658,1357,3472,0
1640,5.98103,187,0,6,0,70.04,8131,8191,6,691,51,6,241.027,1664,1363,3478,0
1891,6.89657,129,0,3,0,59.789,3628,8167,3,216.055,66,3,18.2765,1667,1366,3481,0
1716,6.2584,143,0,4,0,61.364,4426,8183,4,323.593,54,4,137.438,1671,1370,3485,0
1623,5.91924,154,0,5,0,68.118,4576,8191,5,530,57,5,10.3749,1676,1375,3490,0
1488,5.42678,153,0,5,0,73.303,7315,8179,5,413,47,5,144.993,1681,1380,3495,0
1666,6.07614,151,0,4,0,68.884,3741,8185,4,304,53,4,425.689,1685,1384,3499,0
1742,6.35308,118,0,6,0,67.754,8472,8166,6,410.311,47,6,676.923,1691,1390,3505,0
1605,5.85379,140,0,3,0,75.347,7536,8158,3,288.983,56,3,12.1114,1694,1393,3508,0
1623,5.91811,106,0,3,0,65.778,1266,8191,3,413,60,3,8.87558,1697,1396,3511,0
1497,5.45864,113,0,5,0,70.569,5430,8179,5,726.104,40,5,8.14963,1702,1401,3516,0
1519,5.53979,144,0,3,0,69.363,9535,8156,3,992.539,50,3,16.7261,1705,1404,3519,0
1805,6.58154,190,0,5,0,64.364,6690,8007,5,570.08,53,5,291.322,1710,1409,3524,0
1742,6.35344,208,0,4,0,52.951,5683,8191,4,168,58,4,425.97,1714,1413,3528,0
1579,5.75893,118,0,3,0,67.733,8022,8158,3,206,56,3,57.3356,1717,1416,3531,0
1556,5.67474,135,0,3,0,65.599,519,8166,3,260.065,52,3,38.4463,1720,1419,3534,0
1595,5.81737,117,0,5,0,68.182,7915,8170,5,376.649,50,5,462.099,1725,1424,3539,0
1737,6.33488,231,0,2,0,60.178,9558,8162,2,298,60,2,9.98093,1727,1426,3541,0
1585,5.78034,118,0,4,0,73.07,2548,8168,4,70.9982,57,4,51.9804,1731,1430,3545,0
1699,6.19651,264,0,4,0,58.507,4606,8173,4,115,61,4,7.15738,1735,1434,3549,0
1683,6.13799,114,0,2,0,60.839,4001,8136,2,143.638,61,2,236.482,1737,1436,3551,0
1612,5.87895,112,0,3,0,68.986,5773,8167,3,180.816,59,3,43.1157,1740,1439,3554,0
1516,5.52903,130,0,7,0,68.68,3271,8169,7,369.945,45,7,9.70368,1747,1446,3561,0
1677,6.11604,159,0,3,0,59.543,3635,8188,3,514.745,59,3,9.53587,1750,1449,3564,0
1633,5.95575,121,0,5,0,62.482,1903,8172,5,665.994,55,5,53.6876,1755,1454,3569,0
1526,5.56536,118,0,7,0,68.98,4587,8151,7,976.01,44,7,538.711,1762,1461,3576,0
1479,5.39392,125,0,4,0,75.064,9603,8177,4,700.838,50,4,13.9755,1766,1465,3580,0
1597,5.82409,136,0,7,0,66.144,1759,8180,7,1170,58,7,273.224,1773,1472,3587,0
1501,5.47439,939,0,9,0,66.565,2235,8191,9,725,17,9,494.111,1782,1481,3596,0
1775,6.47374,159,0,1171,0,60.553,2628,8178,179,691,45,3,146.361,1961,1484,4767,0
1452,5.29556,223,0,4,0,63.695,1426,8177,4,970,56,4,15.2851,1965,1488,4771,0
1764,6.43049,108,0,4,0,64.335,1040,8188,4,483.96,59,4,15.3216,1969,1492,4775,0
1606,5.85728,106,0,6,0,68.488,4318,8191,6,934.373,46,6,9.06163,1975,1498,4781,0
1669,6.08729,138,0,3,0,66.188,5773,8161,3,1220.08,63,3,8.06573,1978,1501,4784,0
1624,5.92281,132,0,6,0,82.969,4396,8190,6,1072.62,56,6,249.8,1984,1507,4790,0
1545,5.63448,121,0,3,0,70.539,4392,8131,3,435.558,52,3,12.4798,1987,1510,4793,0
1603,5.84539,169,0,8,0,74.491,8591,7968,8,1054.65,29,8,32.6569,1995,1518,4801,0
1708,6.22897,226,0,5,0,68.036,827,8180,4,1390,57,5,11.8888,1999,1523,4806,0
1605,5.85383,166,0,4,0,71.454,3801,8191,5,420.639,52,4,197.28,2004,1527,4810,0
1665,6.07222,167,0,5,0,58.13,2189,8173,5,371.964,52,5,310.686,2009,1532,4815,0
1637,5.96966,130,0,3,0,89.522,7200,8162,3,328.391,60,3,17.4192,2012,1535,4818,0
1848,6.74016,186,0,1,0,73.3,5875,8164,1,264.767,69,1,301.474,2013,1536,4819,0
1515,5.52537,197,0,6,0,73.773,5776,8188,6,407,41,6,13.1802,2019,1542,4825,0
1739,6.34239,176,0,5,0,67.558,9963,8191,5,458,56,5,95.7089,2024,1547,4830,0
1664,6.06863,168,0,3,0,69.188,6149,8172,3,353.346,53,3,198.199,2027,1550,4833,0
1567,5.71487,149,0,3,0,64.291,4020,8178,3,434.376,55,3,350.117,2030,1553,4836,0
1645,5.99963,183,0,2,0,61.016,1706,8158,2,289.496,62,2,64.7301,2032,1555,4838,0
1685,6.14512,242,0,6,0,65.115,1801,8172,6,460,52,6,9.69638,2038,1561,4844,0
1522,5.55049,117,0,4,0,72.71,2308,8191,4,705.503,54,4,8.27366,2042,1565,4848,0
1714,6.25107,168,0,4,0,71.325,3833,8191,4,1047.04,54,4,109.506,2046,1569,4852,0
1751,6.38585,380,0,3,0,77.51,6035,8162,3,1344.55,50,3,8.63482,2049,1572,4855,0
1692,6.17072,135,0,4,0,69.174,3188,8178,4,460.027,55,4,70.9208,2053,1576,4859,0
1679,6.12332,268,0,3,0,80.597,8639,8169,3,633,56,3,145.314,2056,1579,4862,0
1559,5.68565,110,0,5,0,83.835,2758,8163,5,804.033,43,5,63.2709,2061,1584,4867,0
1640,5.98105,183,0,5,0,71.842,4468,8191,5,1196.57,55,5,8.49619,2066,1589,4872,0
1529,5.5766,130,0,7,0,73.898,6814,8155,7,625.055,42,7,89.4599,2073,1596,4879,0
1672,6.09758,130,0,3,0,71.677,10359,8191,3,287.428,63,3,486.742,2076,1599,4882,0
1574,5.74033,108,0,3,0,69.174,6324,8177,3,265.738,57,3,306.082,2079,1602,4885,0
1667,6.07954,144,0,3,0,78.043,6162,8172,3,231,61,3,51.8454,2082,1605,4888,0
1659,6.05037,112,0,3,0,75.143,2158,8151,3,324.951,54,3,11.3964,2085,1608,4891,0
1625,5.92667,124,0,4,0,68.286,4985,8173,4,514.407,52,4,8.72966,2089,1612,4895,0
1605,5.85347,119,0,4,0,65.481,12594,8179,4,715.88,50,4,466.754,2093,1616,4899,0
1532,5.58718,182,0,7,0,75.541,5757,8097,7,565,46,7,418.688,2100,1623,4906,0
1728,6.30203,165,0,3,0,75.965,6534,8154,3,641.315,57,3,8.43418,2103,1626,4909,0
1664,6.06863,316,0,5,0,67.455,6073,8173,5,479,48,5,500.757,2108,1631,4914,0
1638,5.97381,110,0,2,0,73.583,7223,8175,2,189.586,66,2,249.042,2110,1633,4916,0
1603,5.84615,123,0,3,0,66.885,3222,8177,3,223.948,57,3,359.81,2113,1636,4919,0
1680,6.12687,166,0,5,0,68.434,8668,8171,5,356,53,5,10.8783,2118,1641,4924,0
1577,5.75126,121,0,6,0,72.149,7739,8175,6,604.689,45,6,369.699,2124,1647,4930,0
1531,5.58398,133,0,13,0,72.673,4061,8123,13,748,39,13,216.082,2137,1660,4943,0
1658,6.0465,162,0,6,0,68.403,2644,8165,6,854.79,50,6,455.712,2143,1666,4949,0
1609,5.86815,110,0,4,0,78.499,1895,8191,4,200.783,55,4,83.3276,2147,1670,4953,0
1561,5.69329,166,0,4,0,63.877,6544,8183,4,322,54,4,9.576,2151,1674,4957,0
1654,6.03231,155,0,5,0,64.346,6116,8187,5,496,46,5,351.437,2156,1679,4962,0
1627,5.93366,212,0,7,0,68.812,4796,8180,7,852.977,39,7,99.5357,2163,1686,4969,0
1587,5.78777,154,0,4,0,86.604,12125,8170,4,411,55,4,10.2764,2167,1690,4973,0
1797,6.55386,131,0,4,0,79.064,4510,8146,4,568.13,49,4,8.8391,2171,1694,4977,0
1770,6.4548,104,0,3,0,66.675,2961,8064,3,695.546,67,3,8.24083,2174,1697,4980,0
1608,5.86431,128,0,1,0,78.105,10604,8185,1,419.355,66,1,656.848,2175,1698,4981,0
1734,6.32374,150,0,5,0,75.528,9346,8170,5,450.03,52,5,228.233,2180,1703,4986,0
1679,6.1232,152,0,2,0,76.717,6763,8172,2,244.74,61,2,350.281,2182,1705,4988,0
1525,5.56151,138,0,4,0,74.968,5417,8183,4,320.708,50,4,324.121,2186,1709,4992,0
1641,5.9847,133,0,3,0,70.367,6628,8155,3,370.831,51,3,283.125,2189,1712,4995,0
1800,6.56456,206,0,2,0,60.801,3095,8168,2,147,64,2,158.615,2191,1714,4997,0
1668,6.08319,137,0,6,0,65.661,5162,8149,6,240.964,43,6,322.629,2197,1720,5003,0
1701,6.20339,149,0,3,0,82.237,5492,8181,3,293,58,3,14.0266,2200,1723,5006,0
1654,6.03245,130,0,3,0,78.337,6062,8184,3,388.454,56,3,329.396,2203,1726,5009,0
1748,6.37517,129,0,4,0,63.873,2245,8169,4,381.186,52,4,498.156,2207,1730,5013,0
1535,5.59816,156,0,4,0,70.768,3864,8187,4,327.706,51,4,28.5018,2211,1734,5017,0
1673,6.10143,300,0,4,0,80.928,5292,8191,4,520,57,4,9.00326,2215,1738,5021,0
1637,5.9701,224,0,4,0,66.582,5114,8191,4,282,49,4,338.921,2219,1742,5025,0
1734,6.32403,139,0,2,0,69.325,4413,8191,2,196.188,60,2,22.5373,2221,1744,5027,0
1594,5.81312,137,0,5,0,74.652,2717,8191,5,354,48,5,11.8268,2226,1749,5032,0
1599,5.83153,168,0,8,0,68.15,4526,8183,8,534,44,8,700.963,2234,1757,5040,0
1677,6.116,185,0,4,0,85.004,5740,8179,4,600,54,4,9.00691,2238,1761,5044,0
1579,5.75863,119,0,3,0,83.326,4477,8185,3,813.849,48,3,9.10176,2241,1764,5047,0
1728,6.302,194,0,2,0,80.954,7783,8191,2,886.512,59,2,89.9852,2243,1766,5049,0
1712,6.24366,129,0,4,0,67.384,5533,8191,4,336,52,4,130.514,2247,1770,5053,0
1531,5.58392,116,0,2,0,84.125,8882,8150,2,354.537,59,2,108.893,2249,1772,5055,0
1570,5.72579,247,0,578,0,78.713,4977,8169,130,428,30,3,200.651,2379,1775,5633,0
1579,5.75866,139,0,8,0,71.303,2330,8191,8,325,49,8,479.584,2387,1783,5641,0
1841,6.71467,182,0,2,0,65.573,8321,8191,2,381.379,58,2,8.90842,2389,1785,5643,0
1642,5.98888,223,0,4,0,75.809,2771,8158,4,480,61,4,401.138,2393,1789,5647,0
1669,6.08694,99,0,5,0,59.764,5697,8170,5,622.489,54,5,311.707,2398,1794,5652,0
1650,6.01749,242,0,3,0,68.015,7228,8188,3,197,54,3,464.299,2401,1797,5655,0
1455,5.30644,153,0,5,0,73.343,6464,8191,5,308,49,5,353.79,2406,1802,5660,0
1688,6.15606,143,0,5,0,65.2,6434,8191,5,479.918,47,5,11.4474,2411,1807,5665,0
1766,6.44084,213,0,5,0,62.644,9043,8191,5,561.441,49,5,240.086,2416,1812,5670,0
1567,5.71471,145,0,3,0,71.976,393,8162,3,739.7,61,3,9.64166,2419,1815,5673,0
1567,5.71481,202,0,7,0,71.259,5870,8104,7,327,48,7,136.096,2426,1822,5680,0
1704,6.21446,148,0,3,0,82.228,11367,8161,3,330.864,50,3,26.521,2429,1825,5683,0
1752,6.3897,227,0,3,0,69.62,16340,8191,3,112.757,57,3,759.492,2432,1828,5686,0
1523,5.55432,131,0,3,0,72.052,1535,8177,2,134,68,3,9.2039,2434,1831,5689,0
1709,6.23276,178,0,3,0,67.057,9756,8152,4,175.958,48,3,421.107,2438,1834,5692,0
1561,5.69296,104,0,3,0,102.301,14671,8172,3,229.841,58,3,22.9788,2441,1837,5695,0
1576,5.74759,160,0,10,0,71.211,10005,8191,10,527,43,10,312.159,2451,1847,5705,0
1787,6.51727,116,0,2,0,63.527,6190,8163,2,288,64,2,342.467,2453,1849,5707,0
1682,6.13466,115,0,3,0,65.286,3096,8168,3,223.95,54,3,261.168,2456,1852,5710,0
1767,6.44442,120,0,3,0,64.655,7394,8170,3,293.75,57,3,13.5377,2459,1855,5713,0
1528,5.57262,144,0,4,0,62.933,619,8167,4,448.873,48,4,10.4406,2463,1859,5717,0
1659,6.05034,102,0,4,0,58.751,193,8184,4,700.047,56,4,8.95584,2467,1863,5721,0
1715,6.2547,182,0,2,0,56.545,8233,8191,2,286.831,61,2,34.4225,2469,1865,5723,0
1469,5.35742,124,0,6,0,78.282,2302,8166,6,479.918,46,6,43.7796,2475,1871,5729,0
1688,6.15614,259,0,4,0,72.356,6383,8187,4,735,55,4,12.4944,2479,1875,5733,0
1682,6.13434,123,0,3,0,69.003,5873,8174,3,447.761,60,3,431.558,2482,1878,5736,0
1681,6.13053,116,0,3,0,66.97,3313,8179,3,319.78,59,3,410.44,2485,1881,5739,0
1752,6.38946,117,0,5,0,67.801,7868,8153,5,438.174,51,5,243.3,2490,1886,5744,0
1731,6.31288,127,0,2,0,66.79,5846,8191,2,181.785,64,2,392.029,2492,1888,5746,0
1699,6.19626,269,0,5,0,70.8,7120,8188,5,303,52,5,11.1665,2497,1893,5751,0
1616,5.89351,190,0,4,0,71.096,4903,8148,4,387.138,48,4,266.402,2501,1897,5755,0
1613,5.88279,191,0,7,0,71.866,3115,8175,7,594,52,7,46.6871,2508,1904,5762,0
1660,6.05448,135,0,5,0,81.644,7379,8167,5,503.813,46,5,103.435,2513,1909,5767,0
1620,5.90851,122,0,2,0,69.185,5685,8174,2,607.446,62,2,7.61702,2515,1911,5769,0
1565,5.70742,113,0,6,0,68.504,4983,8154,6,1169.13,47,6,8.3904,2521,1917,5775,0
1799,6.56093,135,0,2,0,59.696,4643,8181,2,695.617,70,2,11.1337,2523,1919,5777,0
1612,5.87894,155,0,4,0,63.061,6511,8190,4,539.321,52,4,50.4409,2527,1923,5781,0
1676,6.11239,110,0,3,0,70.292,9115,8191,3,530.09,60,3,435.232,2530,1926,5784,0
1653,6.02849,112,0,1,0,72.488,7711,8172,1,158.691,70,1,17.908,2531,1927,5785,0
1834,6.68855,190,0,3,0,68.317,5268,8191,3,199.714,60,3,451.951,2534,1930,5788,0
1735,6.32748,121,0,5,0,71.45,2897,8172,5,320.708,59,5,361.845,2539,1935,5793,0
1482,5.40481,202,0,8,0,68.886,1560,8077,8,758,46,8,9.32429,2547,1943,5801,0
1547,5.64192,139,0,14,0,82.365,8709,8160,14,1877.37,35,14,9.43373,2561,1957,5815,0
1531,5.58358,123,0,9,0,81.257,4136,8155,9,3292.46,46,9,8.64211,2570,1966,5824,0
958,3.49383,15,0,1,0,31.846,2276,8191,1,2891.36,61,1,8.85734,2571,1967,5825,0
1520,5.54343,143,0,2,0,64.493,9517,8175,2,245.379,57,2,484.626,2573,1969,5827,0
1693,6.17408,126,0,3,0,61.359,3550,8158,3,187.57,64,3,348.008,2576,1972,5830,0
1647,6.00696,189,0,5,0,68.575,8479,8176,5,323.058,53,5,57.3356,2581,1977,5835,0
1684,6.14189,133,0,2,0,62.498,6874,8146,2,355.24,70,2,387.48,2583,1979,5837,0
1663,6.06496,106,0,3,0,74.081,7127,8159,3,303.944,66,3,9.47021,2586,1982,5840,0
1528,5.5726,122,0,8,0,75.056,4933,8141,8,503.326,42,8,98.4267,2594,1990,5848,0
1670,6.09073,126,0,10,0,61.076,1500,8158,10,1071.91,52,10,9.8569,2604,2000,5858,0
1727,6.29833,134,0,3,0,58.508,2730,8191,3,371.067,55,3,715.059,2607,2003,5861,0
1723,6.28357,137,0,5,0,70.71,312,8191,5,426.454,47,5,13.5195,2612,2008,5866,0
1710,6.23636,131,0,3,0,72.956,12029,8173,3,537.333,59,3,482.605,2615,2011,5869,0
1518,5.53625,127,0,5,0,83.865,13779,8157,5,364.874,50,5,319.703,2620,2016,5874,0
1688,6.15609,237,0,4,0,76.773,3276,8181,4,322,57,4,648.177,2624,2020,5878,0
1663,6.06499,116,0,3,0,61.715,8073,8169,3,246.088,57,3,24.6094,2627,2023,5881,0
1743,6.35658,130,0,4,0,62.783,6310,8181,4,350.601,62,4,146.471,2631,2027,5885,0
1673,6.10135,121,0,1,0,67.279,7619,8153,1,369.292,63,1,9.3097,2632,2028,5886,0
1586,5.78402,128,0,3,0,65.554,2680,8180,3,267.671,57,3,59.8965,2635,2031,5889,0
1664,6.06842,130,0,4,0,64.845,6444,8180,4,420.929,62,4,7.4711,2639,2035,5893,0
1704,6.21485,124,0,4,0,74.474,6736,8177,4,442.764,56,4,180.317,2643,2039,5897,0
1594,5.81366,131,0,6,0,69.44,5731,8186,6,816,42,6,262.236,2649,2045,5903,0
1745,6.36348,131,0,2,0,70.022,5242,8163,2,318.763,65,2,376.018,2651,2047,5905,0
1616,5.8935,136,0,3,0,69.968,1417,8186,3,219.047,60,3,116.116,2654,2050,5908,0
1715,6.25463,147,0,8,0,72.986,4269,8178,8,550.178,44,8,11.918,2662,2058,5916,0
1611,5.87535,217,0,3,0,69.176,4330,8191,3,629,60,3,10.7835,2665,2061,5919,0
1722,6.28014,187,0,4,0,61.094,1038,8185,4,522,55,4,13.038,2669,2065,5923,0
1660,6.05415,128,0,3,0,65.907,5041,8174,3,653.723,57,3,361.597,2672,2068,5926,0
1463,5.33549,132,0,1019,0,75.783,7276,8191,241,900.821,10,4,159.724,2913,2072,6945,0
2034,7.41796,194,0,4,0,75.435,10038,8164,4,406.969,58,4,462.647,2917,2076,6949,0
1540,5.61634,102,0,2,0,81.253,14212,8191,2,245.605,54,2,270.247,2919,2078,6951,0
1504,5.48515,135,0,5,0,74.292,3897,8186,5,409.485,45,5,9.4921,2924,2083,6956,0
1663,6.06499,163,0,3,0,68.164,5020,8158,3,559.06,58,3,11.4036,2927,2086,6959,0
1650,6.01736,146,0,1127,0,69.368,4764,8191,115,715.313,17,3,207.775,3042,2089,8086,0
1680,6.12718,118,0,2,0,66.771,8737,8166,2,222.811,61,2,12.1332,3044,2091,8088,0
1735,6.32788,191,0,2,0,65.481,6960,8191,2,242.945,63,2,421.417,3046,2093,8090,0
1547,5.64213,155,0,4,0,85.631,2898,8184,4,344.569,50,4,15.5113,3050,2097,8094,0
1817,6.6267,128,0,3,0,64.307,2334,8191,3,474.061,65,3,7.99277,3053,2100,8097,0
1651,6.02123,129,0,2,0,76.394,9318,8147,2,547.551,61,2,32.1462,3055,2102,8099,0
1839,6.70692,142,0,3,0,59.785,2370,8160,3,245.192,61,3,278.237,3058,2105,8102,0
1579,5.75865,107,0,3,0,65.652,769,8191,3,282.808,63,3,8.45971,3061,2108,8105,0
1453,5.29916,84,0,5,0,82.536,4802,8191,5,454.69,45,5,8.9449,3066,2113,8110,0
1744,6.36031,130,0,2,0,68.74,4969,8179,2,541.849,66,2,9.98458,3068,2115,8112,0
1624,5.92265,125,0,4,0,66.771,8525,8191,4,768.27,55,4,14.7416,3072,2119,8116,0
1535,5.59814,128,0,7,0,68.25,6004,8191,7,1270.28,48,7,10.4406,3079,2126,8123,0
1542,5.6237,135,0,2,0,70.722,8065,8176,2,437.585,65,2,339.698,3081,2128,8125,0
1411,5.14579,160,0,9,0,80.751,5984,8191,9,413,42,9,18.1087,3090,2137,8134,0
1857,6.77299,134,0,5,0,58.428,5012,8191,5,241.138,52,5,368.324,3095,2142,8139,0
1595,5.81682,123,0,4,0,64.185,2970,8161,4,297.787,51,4,110.494,3099,2146,8143,0
1579,5.75888,135,0,5,0,71.224,5474,8163,5,382.372,53,5,187.215,3104,2151,8148,0
1640,5.98149,122,0,6,0,65.054,4094,8191,6,487.173,51,6,90.3135,3110,2157,8154,0
1708,6.22925,200,0,4,0,70.903,5077,8165,4,594,54,4,452.144,3114,2161,8158,0
1548,5.6455,188,0,4,0,73.482,5268,8175,4,436,50,4,294.419,3118,2165,8162,0
1684,6.14143,160,0,6,0,76.806,5733,8183,6,560.437,44,6,168.906,3124,2171,8168,0
1574,5.74024,190,0,2,0,65.418,5052,8169,2,563.332,56,2,7.24493,3126,2173,8170,0
1652,6.02479,159,0,2,0,64.882,7906,8191,2,707.679,60,2,7.90522,3128,2175,8172,0
1592,5.80597,127,0,2,0,69.494,567,8191,2,254.683,61,2,58.9407,3130,2177,8174,0
1690,6.16341,120,0,5,0,66.908,7996,8151,5,450.533,51,5,8.89018,3135,2182,8179,0
1645,5.99929,144,0,1,0,84.552,618,8175,1,496.577,68,1,10.0466,3136,2183,8180,0
1502,5.47772,164,0,6,0,79.007,1589,8189,6,857,46,6,9.93715,3142,2189,8186,0
1687,6.15231,133,0,4,0,67.642,10030,8152,4,1247.58,52,4,219.252,3146,2193,8190,0
1680,6.12689,133,0,3,0,67.911,5617,8190,3,407.805,59,3,338.761,3149,2196,8193,0
1606,5.85721,206,0,3,0,66.287,2089,8156,3,251.085,55,3,340.475,3152,2199,8196,0
1702,6.20725,112,0,3,0,58.685,6875,8161,3,253.074,64,3,369.914,3155,2202,8199,0
1625,5.92676,134,0,4,0,64.708,6123,8191,4,262.665,56,4,136.37,3159,2206,8203,0
1484,5.41247,131,0,6,0,81.384,9529,8186,6,416.762,40,6,78.2496,3165,2212,8209,0
1709,6.23269,108,0,4,0,75.76,8933,8087,4,552.681,55,4,437.636,3169,2216,8213,0
1574,5.74033,259,0,2,0,69.337,5716,8083,2,432,62,2,12.8738,3171,2218,8215,0
1534,5.59448,110,0,5,0,78.85,4450,8191,5,691.562,48,5,55.8947,3176,2223,8220,0
1582,5.76954,130,0,4,0,71.864,3095,8176,4,761.504,53,4,16.6239,3180,2227,8224,0
1610,5.87162,128,0,4,0,69.918,2463,8189,4,727.013,51,4,112.417,3184,2231,8228,0
1515,5.52529,124,0,6,0,76.453,7431,8185,6,776.095,45,6,109.301,3190,2237,8234,0
1517,5.53288,117,0,4,0,76.533,6524,8177,3,456,57,4,518.921,3193,2241,8238,0
1519,5.53984,120,0,4,0,74.553,4721,8171,5,472.055,45,4,115.466,3198,2245,8242,0
1466,5.34663,226,0,8,0,67.041,4967,8185,8,1164,38,8,8.94125,3206,2253,8250,0
1657,6.04319,134,0,3,0,76.295,7744,8157,3,306.266,55,3,414.945,3209,2256,8253,0
1695,6.18162,182,0,4,0,70.841,5103,8182,4,392.532,50,4,381.694,3213,2260,8257,0
1579,5.75861,162,0,3,0,65.226,2487,8038,3,323.685,51,3,27.4111,3216,2263,8260,0
1559,5.68523,123,0,2,0,72.678,4978,8167,2,247.438,68,2,318.875,3218,2265,8262,0
1557,5.67815,136,0,4,0,66.136,5442,8189,4,265.95,51,4,160.428,3222,2269,8266,0
1760,6.41917,129,0,4,0,77.419,11888,8170,4,334.346,57,4,316.256,3226,2273,8270,0
1591,5.80258,132,0,5,0,67.579,3290,8191,5,555,56,5,8.7625,3231,2278,8275,0
1609,5.86802,201,0,4,0,73.251,5597,8191,4,764,51,4,8.52173,3235,2282,8279,0
1725,6.2911,170,0,5,0,66.182,4723,8179,5,822,52,5,498.594,3240,2287,8284,0
1651,6.02063,162,0,8,0,72.046,5369,8165,8,1243,39,8,332.384,3248,2295,8292,0
1559,5.68572,163,0,4,0,81.096,4314,8189,4,584.27,47,4,462.57,3252,2299,8296,0
1803,6.57585,132,0,3,0,67.804,1151,8172,3,290.949,67,3,8.40499,3255,2302,8299,0
1643,5.99232,142,0,3,0,68.429,222,8153,3,415.585,59,3,7.50394,3258,2305,8302,0
1483,5.4085,259,0,8,0,72.855,5289,8191,8,833,46,8,11.0717,3266,2313,8310,0
1272,4.63771,55,0,5,0,49.713,3132,8185,5,1108.78,49,5,9.24768,3271,2318,8315,0
1022,3.72734,68,0,0,0,44.507,1124,8181,0,996.124,61,0,9.56506,3271,2318,8315,0
1507,5.49602,277,0,3,0,75.142,9466,8182,3,326,51,3,542.866,3274,2321,8318,0
1482,5.4047,190,0,6,0,91.214,2259,8183,6,590,47,6,9.54682,3280,2327,8324,0
1615,5.89004,122,0,6,0,64.205,4039,8191,6,491.091,43,6,363.235,3286,2333,8330,0
1650,6.01647,136,0,4,0,65.724,5985,8191,4,461.079,49,4,9.50304,3290,2337,8334,0
1670,6.09061,210,0,4,0,69.373,4623,8157,4,514.519,51,4,78.2678,3294,2341,8338,0
1802,6.57176,265,0,3,0,64.321,3528,8191,3,615.571,57,3,15.5551,3297,2344,8341,0
1660,6.0541,159,0,2,0,64.44,3825,8174,2,202,62,2,358.029,3299,2346,8343,0
1774,6.46981,176,0,4,0,58.676,962,8163,4,293,54,4,37.9283,3303,2350,8347,0
1604,5.84975,110,0,3,0,87.621,18036,8159,3,300.245,57,3,585.727,3306,2353,8350,0
1663,6.06492,193,0,3,0,76.554,12422,8170,3,270,61,3,11.017,3309,2356,8353,0
1640,5.98119,246,0,2,0,79.473,4512,8179,2,321.546,57,2,267.522,3311,2358,8355,0
1604,5.84963,299,0,4,0,76.808,7063,8187,4,456,51,4,18.0941,3315,2362,8359,0
1669,6.08681,189,0,7,0,62.242,575,8184,7,322,44,7,147.817,3322,2369,8366,0
1682,6.13458,147,0,4,0,63.49,3609,8159,4,501,56,4,8.70048,3326,2373,8370,0
1632,5.9511,150,0,4,0,67.645,5467,8191,4,795,49,4,8.03654,3330,2377,8374,0
1591,5.8026,223,0,4,0,65.943,3542,8171,4,532,52,4,50.3716,3334,2381,8378,0
1609,5.86817,198,0,5,0,69.486,9501,8177,5,649,49,5,337.152,3339,2386,8383,0
1484,5.41216,161,0,8,0,78.386,9583,8191,8,847,42,8,349.446,3347,2394,8391,0
1610,5.87166,131,0,3,0,75.615,7576,8180,3,1012.91,52,3,10.4661,3350,2397,8394,0
1722,6.2801,134,0,4,0,63.002,4132,8177,4,1381.96,60,4,129.902,3354,2401,8398,0
1576,5.74778,124,0,3,0,73.422,5772,8165,3,248.376,60,3,196.707,3357,2404,8401,0
1578,5.75493,160,0,5,0,74.976,4647,8183,5,378.649,46,5,373.344,3362,2409,8406,0
1616,5.89349,142,0,5,0,70.619,6668,8191,5,605.567,52,5,11.2322,3367,2414,8411,0
1605,5.8533,109,0,5,0,75.232,5639,8167,5,1038.23,49,5,9.16378,3372,2419,8416,0
1716,6.25797,220,0,4,0,69.149,4071,8189,4,446,54,4,52.0716,3376,2423,8420,0
1747,6.37137,133,0,2,0,63.915,4564,8191,2,534,69,2,15.8287,3378,2425,8422,0
1656,6.0394,143,0,3,0,75.367,6360,8166,3,655.189,55,3,236.85,3381,2428,8425,0
1677,6.11598,185,0,2,0,70.586,7753,8191,2,317.373,59,2,170.219,3383,2430,8427,0
1596,5.82072,139,0,4,0,77.276,6599,8178,4,219,59,4,109.757,3387,2434,8431,0
1588,5.79128,201,0,4,0,71.535,6712,8066,4,310,50,4,520.143,3391,2438,8435,0
1534,5.59471,184,0,4,0,68.449,5734,8191,4,404.018,50,4,14.1469,3395,2442,8439,0
1506,5.49264,132,0,5,0,79.42,3960,8191,5,712.474,51,5,9.26592,3400,2447,8444,0
1691,6.16705,139,0,3,0,71.371,6736,8191,3,541.186,54,3,464.142,3403,2450,8447,0
1801,6.5681,140,0,4,0,65.701,7251,8190,4,560,55,4,12.4068,3407,2454,8451,0
1685,6.14513,159,0,3,0,65.286,754,8152,3,752.821,58,3,12.0712,3410,2457,8454,0
1460,5.32469,195,0,3,0,72.207,9912,8161,3,358.031,50,3,200.417,3413,2460,8457,0
1461,5.32819,116,0,4,0,87.441,1690,8175,4,355.723,54,4,72.2888,3417,2464,8461,0
1582,5.76952,149,0,5,0,82.949,2183,8181,5,607.982,58,5,235.54,3422,2469,8466,0
1677,6.11609,156,0,3,0,72.068,440,8186,3,770.003,61,3,10.0612,3425,2472,8469,0
1648,6.01025,141,0,3,0,76.359,3596,8139,3,908.51,58,3,10.1743,3428,2475,8472,0
1659,6.0503,149,0,9,0,77.392,3879,8187,9,1700.47,46,9,9.576,3437,2484,8481,0
1677,6.11596,201,0,4,0,78.468,6055,8165,4,1049,47,4,249.18,3441,2488,8485,0
1575,5.744,152,0,5,0,75.159,3451,8034,5,386,47,5,339.06,3446,2493,8490,0
1695,6.18159,127,0,3,0,66.861,3766,8187,3,333.832,59,3,419.378,3449,2496,8493,0
1618,5.90133,141,0,5,0,68.601,6654,8183,5,374.389,51,5,484.294,3454,2501,8498,0


