SendPacket,SendRate(Mb/s),FlightSize,ReceiveRate(Mb/s),Send Loss,Recv Loss,RTT(ms),CWnd,FlowWindow,Retrans,PktSndPeriod(us),RecvACK,RecvNAK,EstimatedBandwidth(Mb/s),Retrans_Total,NAK_TotalRecv,Total Send Loss,Total Recv Loss,Timeout,ExpCount,usSndDuration
581,6.40555,107,0,3,0,107.399,107,8171,3,0,195,3,12.8943,3,3,3,0,0,1,-1065373865814097
94,1.0946,3,0,107,0,109.116,3,8084,91,0,1,0,12.9992,94,3,110,0,1,1,3103461284
676,7.87194,110,0,2,0,91.507,110,8191,2,0,203,2,15.9811,96,5,112,0,1,1,2794000202
800,9.31646,59,0,4,0,107.26,163,8189,4,0,228,4,15.9811,100,9,116,0,1,1,2776388776
247,2.87629,169,0,3,0,100.557,169,8191,3,0,32,3,16.1674,103,12,119,0,1,1,543126332
83,0.966507,11,0,169,0,87.718,11,8189,59,0,9,0,16.4819,162,12,288,0,2,1,3922046450
11,0.128092,11,0,11,0,87.718,2,8189,11,0,0,0,16.4819,173,12,299,0,3,2,0
207,2.41049,15,0,0,0,44.888,15,8189,0,0,108,0,16.645,173,12,299,0,3,1,6705471164
582,6.77774,28,0,0,0,29.23,28,8189,0,0,292,0,16.0742,173,12,299,0,3,1,2829356894
702,8.17482,58,0,0,0,44.625,58,8189,0,0,342,0,13.3253,173,12,299,0,3,1,2783129930
754,8.78023,135,0,4,0,118.691,136,8189,4,0,238,4,15.5617,177,16,303,0,3,1,2797077206
435,5.06524,154,0,6,0,104.293,154,8146,6,0,84,6,15.2123,183,22,309,0,3,1,1446270350
224,2.60854,53,0,154,0,43.196,53,8191,61,0,58,0,13.4767,244,22,463,0,4,1,4148601310
749,8.72255,67,0,4,0,88.726,143,8191,4,0,275,4,12.2188,248,26,467,0,4,1,2741692702
862,10.0387,72,0,8,0,100.902,170,8189,8,0,132,8,15.4452,256,34,475,0,4,1,2849067200
758,8.82692,106,0,5,0,110.747,200,8191,5,0,173,5,18.0544,261,39,480,0,4,1,2765876302
851,9.90978,72,0,4,0,232.231,235,8189,4,0,240,4,16.4237,265,43,484,0,4,1,2816342928
934,10.8761,254,0,1,0,213.467,276,8187,1,0,333,1,19.2308,266,44,485,0,4,1,2735223120
826,9.61808,197,0,5,0,126.421,300,8189,5,0,217,5,18.101,271,49,490,0,4,1,2550115176
808,9.40978,74,0,8,0,88.69,318,8189,8,0,170,8,13.9194,279,57,498,0,4,1,3084470088
802,9.33927,64,0,5,0,68.563,344,8189,5,0,265,5,12.5332,284,62,503,0,4,1,2723585550
864,10.0612,138,0,9,0,94.662,357,8133,9,0,146,9,14.1756,293,71,512,0,4,1,2850432760
746,8.68699,82,0,8,0,223.005,371,8191,8,0,164,8,17.1575,301,79,520,0,4,1,2814997766
798,9.29273,122,0,18,0,86.892,383,8189,18,0,140,18,16.2373,319,97,538,0,4,1,2703997716
840,9.78176,149,0,11,0,101.839,390,8191,11,0,86,11,17.2973,330,108,549,0,4,1,2673417628
770,8.96656,64,0,7,0,100.575,406,8189,7,0,197,7,15.1773,337,115,556,0,4,1,2902846856
879,10.2355,140,0,7,0,90.255,420,8189,7,0,185,7,18.8698,344,122,563,0,4,1,2791239736
851,9.90974,128,0,4,0,117.718,437,8189,4,0,227,4,16.7265,348,126,567,0,4,1,2850696018
801,9.32748,240,0,8,0,106.28,455,8108,8,0,242,8,16.1092,356,134,575,0,4,1,2178302910
217,2.52691,455,0,2,0,106.28,455,8108,2,0,0,2,16.1092,358,136,577,0,4,1,0
462,5.3799,82,0,456,0,99.55,87,8189,60,0,132,1,15.1191,418,137,1033,0,5,1,6258731150
810,9.43315,117,0,2,0,88.403,163,8191,2,0,297,2,15.8063,420,139,1035,0,5,1,2797617004
802,9.33929,131,0,12,0,80.416,194,8168,12,0,173,12,16.412,432,151,1047,0,5,1,2706089148
556,6.4745,199,0,10,0,88.171,199,8191,10,0,30,10,15.5501,442,161,1057,0,5,1,1534286040
175,2.03788,42,0,199,0,47.89,42,8189,59,0,41,0,15.5501,501,161,1256,0,6,1,4116498162
683,7.95335,92,0,3,0,93.178,130,8191,3,0,237,3,13.9077,504,164,1259,0,6,1,2820989472
820,9.5495,107,0,14,0,81.35,153,8189,14,0,105,14,15.0026,518,178,1273,0,6,1,2797959514
820,9.5489,81,0,6,0,106.225,190,8191,6,0,197,6,16.8547,524,184,1279,0,6,1,2749390006
811,9.44393,90,0,5,0,84.931,226,8189,5,0,234,5,16.1791,529,189,1284,0,6,1,2811028284
836,9.73515,198,0,29,0,92.382,232,8164,29,0,43,29,15.7597,558,218,1313,0,6,1,2451005928
40,0.465792,232,0,6,0,92.382,232,8164,6,0,0,6,15.7597,564,224,1319,0,6,1,0
485,5.64766,87,0,233,0,68.398,90,8189,67,0,141,1,14.8745,631,225,1552,0,7,1,5945193562
796,9.26884,109,0,6,0,101.101,146,8107,6,0,209,6,15.2123,637,231,1558,0,7,1,2763875862
786,9.15266,104,0,3,0,92.629,196,8189,3,0,263,3,15.5268,640,234,1561,0,7,1,2792623856
674,7.84884,202,0,21,0,84.516,202,8172,21,0,43,21,13.6282,661,255,1582,0,7,1,1934645118
108,1.25767,6,0,202,0,80.449,6,8189,98,0,4,0,13.3836,759,255,1784,0,8,1,3616642498
330,3.84271,80,0,2,0,87.026,80,8150,2,0,110,2,12.9642,761,257,1786,0,8,1,1614456270
287,3.34204,67,0,80,0,55.48,67,8189,58,0,85,0,13.6049,819,257,1866,0,9,1,4042481058
736,8.57055,126,0,5,0,116.487,132,8191,5,0,203,5,16.5285,824,262,1871,0,9,1,2746511754
796,9.26985,108,0,8,0,95.015,157,8189,8,0,114,8,16.7848,832,270,1879,0,9,1,2853843524
775,9.02492,157,0,7,0,86.189,196,8140,7,0,215,7,17.7283,839,277,1886,0,9,1,2589803286
845,9.83993,125,0,4,0,121.22,237,8189,4,0,280,4,16.2956,843,281,1890,0,9,1,2891723016
791,9.211,114,0,10,0,98.977,258,8153,10,0,157,10,15.7015,853,291,1900,0,9,1,2878753612
796,9.27004,92,0,17,0,93.944,264,8189,17,0,53,17,15.6899,870,308,1917,0,9,1,2819239172
694,8.0821,268,0,23,0,85.882,268,8191,23,0,31,23,13.6515,893,331,1940,0,9,1,1869688988
58,0.675398,268,0,268,0,85.882,2,8191,58,0,0,0,13.6515,951,331,2208,0,10,1,0
631,7.34837,109,0,2,0,113.804,115,8189,32,0,221,2,13.4534,983,333,2210,0,10,1,6511268806
786,9.15293,88,0,7,0,111.818,159,8187,7,0,189,7,15.5035,990,340,2217,0,10,1,2771406960
792,9.22297,91,0,5,0,94.132,205,8189,5,0,260,5,12.6614,995,345,2222,0,10,1,2759323924
799,9.30451,117,0,6,0,113.772,240,8189,6,0,249,6,15.1773,1001,351,2228,0,10,1,2808866060
855,9.95675,89,0,5,0,93.647,267,8189,5,0,212,5,16.2723,1006,356,2233,0,10,1,2816415868
793,9.23456,135,0,10,0,130.667,283,8157,10,0,139,10,12.8594,1016,366,2243,0,10,1,2806097038
271,3.15576,285,0,9,0,127.432,285,8165,9,0,13,9,12.1372,1025,375,2252,0,10,1,391371492
375,4.36683,72,0,285,0,61.735,72,8191,119,0,95,0,16.412,1144,375,2537,0,11,1,5098615630
853,9.9329,155,0,1,0,142.68,167,8189,1,0,356,1,18.1476,1145,376,2538,0,11,1,2808401134
830,9.66525,137,0,13,0,114.834,189,8155,13,0,122,13,15.7481,1158,389,2551,0,11,1,2776648854
775,9.02435,146,0,5,0,110.554,220,8189,5,0,197,5,13.9194,1163,394,2556,0,11,1,2672892810
77,0.89665,220,0,3,0,110.554,220,8189,3,0,0,3,13.9194,1166,397,2559,0,11,1,0
535,6.22998,66,0,222,0,95.155,101,8191,68,0,173,2,14.2804,1234,399,2781,0,12,1,5809355958
178,2.07281,119,0,2,0,89.302,119,8190,2,0,63,2,14.9327,1236,401,2783,0,12,1,602298214
362,4.2151,76,0,120,0,68.653,76,8191,90,0,104,1,14.4319,1326,402,2903,0,13,1,4967886700
782,9.10626,113,0,8,0,113.044,139,8191,8,0,211,8,16.5868,1334,410,2911,0,13,1,2801723302
330,3.843,141,0,16,0,98.828,141,8170,16,0,10,16,17.2157,1350,426,2927,0,13,1,1189624436
246,2.86471,59,0,141,0,45.137,59,8189,59,0,68,0,16.9362,1409,426,3068,0,14,1,4417650552
772,8.9905,79,0,7,0,124.795,149,8189,7,0,295,7,15.8529,1416,433,3075,0,14,1,2800109998
798,9.2931,132,0,7,0,115.753,178,8189,7,0,145,7,16.0975,1423,440,3082,0,14,1,2768999464
848,9.87476,130,0,6,0,88.728,211,8109,6,0,205,6,16.9944,1429,446,3088,0,14,1,2653579964
813,9.46749,91,0,6,0,85.951,240,8189,6,0,202,6,15.818,1435,452,3094,0,14,1,2934745142
824,9.59534,96,0,6,0,91.267,266,8191,6,0,211,6,17.4487,1441,458,3100,0,14,1,2786966994
807,9.39738,74,0,9,0,85.735,283,8189,9,0,139,9,17.8797,1450,467,3109,0,14,1,2813731774
773,9.00146,113,0,4,0,157.501,307,8189,3,0,229,4,18.7999,1453,471,3113,0,14,1,2742314540
900,10.4799,77,0,3,0,141.826,336,8191,4,0,287,3,15.8413,1457,474,3116,0,14,1,2851836750
809,9.42065,120,0,27,0,83.409,345,8166,27,0,98,26,17.6933,1484,500,3143,0,14,1,2647480696
271,3.15585,345,0,26,0,82.389,345,8179,26,0,2,26,17.6351,1510,526,3169,0,14,1,215577810
394,4.58807,79,0,348,0,60.581,81,8190,93,0,117,3,15.9112,1603,529,3517,0,15,1,5430639634
824,9.59553,120,0,5,0,114.445,155,8147,5,0,273,5,15.5268,1608,534,3522,0,15,1,2863702086
811,9.44391,107,0,11,0,78.804,177,8189,11,0,117,11,13.7912,1619,545,3533,0,15,1,2787776572
490,5.70577,181,0,15,0,112.215,181,8167,15,0,21,15,13.8145,1634,560,3548,0,15,1,1395655198
249,2.8996,58,0,181,0,44.994,58,8191,66,0,66,0,14.3387,1700,560,3729,0,16,1,4194993530
815,9.49096,83,0,4,0,98.255,138,8189,4,0,246,4,19.7317,1704,564,3733,0,16,1,2819893440
875,10.1897,193,0,1,0,178.787,199,8191,1,0,321,1,16.1558,1705,565,3734,0,16,1,2790870838
854,9.94571,70,0,5,0,95.034,231,8191,5,0,215,5,14.3853,1710,570,3739,0,16,1,2782668182
838,9.75898,100,0,16,0,73.265,245,8149,16,0,104,16,16.0044,1726,586,3755,0,16,1,2667217322
806,9.38528,89,0,12,0,96.403,261,8120,12,0,132,12,18.1126,1738,598,3767,0,16,1,2936508358
841,9.79332,154,0,3,0,131.59,291,8190,3,0,253,3,16.8081,1741,601,3770,0,16,1,2603903162
820,9.54877,196,0,26,0,93.578,301,8191,26,0,93,26,16.7498,1767,627,3796,0,16,1,2760155986
353,4.11063,302,0,28,0,130.963,302,8183,28,0,12,27,14.9444,1795,654,3824,0,16,1,693697284
368,4.2856,58,0,302,0,58.03,67,8189,150,0,85,0,12.3935,1945,654,4126,0,17,1,5124304780
695,8.0935,91,0,4,0,122.376,134,8191,4,0,212,4,11.8111,1949,658,4130,0,17,1,2787741180
849,9.88648,96,0,2,0,156.007,195,8189,2,0,314,2,13.7912,1951,660,4132,0,17,1,2778516286
920,10.7131,141,0,2,0,154.485,247,8190,2,0,356,2,19.7084,1953,662,4134,0,17,1,2780618792
868,10.1081,138,0,13,0,73.402,259,8189,13,0,97,13,17.5535,1966,675,4147,0,17,1,2828769958
832,9.68861,120,0,10,0,140.012,273,8189,10,0,120,10,16.9129,1976,685,4157,0,17,1,2630811918
842,9.80495,133,0,4,0,87.592,296,8190,4,0,203,4,16.7731,1980,689,4161,0,17,1,2838242246
840,9.78152,190,0,4,0,210.849,311,8190,4,0,143,4,13.931,1984,693,4165,0,17,1,2819875254
803,9.35115,93,0,11,0,91.498,321,8111,10,0,96,11,16.0742,1994,704,4176,0,17,1,2884435372
809,9.42123,115,0,9,0,110.96,330,8150,10,0,88,9,15.5035,2004,713,4185,0,17,1,2731062530
766,8.92066,334,0,25,0,92.391,334,8179,25,0,48,25,19.324,2029,738,4210,0,17,1,1898410108
1,0.0116448,334,0,1,0,92.391,334,8179,1,0,0,1,19.324,2030,739,4211,0,17,1,0
709,8.25619,78,0,336,0,92.232,102,8189,196,0,177,2,16.9711,2226,741,4547,0,18,1,6544622000
778,9.05939,125,0,5,0,107.627,144,8189,5,0,162,5,15.7248,2231,746,4552,0,18,1,2784873700
803,9.35072,97,0,5,0,122.071,192,8189,5,0,252,5,15.4918,2236,751,4557,0,18,1,2752122828
871,10.1426,88,0,5,0,111.136,225,8189,5,0,214,5,19.557,2241,756,4562,0,18,1,2846715886
888,10.3408,119,0,3,0,108.952,259,8189,3,0,263,3,14.0358,2244,759,4565,0,18,1,2772744492
835,9.72323,66,0,5,0,73.702,293,8190,5,0,286,5,14.6066,2249,764,4570,0,18,1,2735150656
866,10.0843,82,0,7,0,139.208,316,8190,7,0,223,7,16.249,2256,771,4577,0,18,1,2862398112
907,10.5619,227,0,1,0,101.256,343,8189,1,0,275,1,16.5635,2257,772,4578,0,18,1,2801240036
868,10.108,81,0,6,0,105.659,365,8189,6,0,246,6,15.0259,2263,778,4584,0,18,1,2805143040
783,9.11799,116,0,12,0,113.909,375,8191,12,0,114,12,15.2472,2275,790,4596,0,18,1,2780968414
828,9.64137,87,0,9,0,87.612,388,8191,9,0,155,9,15.3521,2284,799,4605,0,18,1,2765204974
902,10.5034,128,0,8,0,77.81,406,8141,8,0,224,8,17.6351,2292,807,4613,0,18,1,2722232044
905,10.5391,169,0,2,0,76.769,431,8189,2,0,332,2,17.8098,2294,809,4615,0,18,1,2893257416
849,9.88722,94,0,12,0,88.041,442,8191,12,0,148,12,16.3771,2306,821,4627,0,18,1,2810843014
785,9.14124,113,0,4,0,97.513,460,8191,4,0,257,4,18.101,2310,825,4631,0,18,1,2744167342
835,9.7234,78,0,12,0,78.503,468,8191,12,0,115,12,16.1674,2322,837,4643,0,18,1,2816356984
885,10.3058,68,0,3,0,136.283,490,8189,3,0,322,3,16.1674,2325,840,4646,0,18,1,2782649016
842,9.8048,72,0,5,0,112.398,504,8189,5,0,226,5,16.3072,2330,845,4651,0,18,1,2832215708
887,10.3291,72,0,3,0,62.483,522,8189,3,0,283,3,16.1092,2333,848,4654,0,18,1,2783591678
794,9.24594,79,0,4,0,88.767,537,8189,4,0,257,4,13.7796,2337,852,4658,0,18,1,2767848510
849,9.88636,110,0,6,0,100.063,549,8189,6,0,203,6,12.5915,2343,858,4664,0,18,1,2672855850
833,9.70005,133,0,10,0,103.647,556,8135,9,0,125,10,13.698,2352,868,4674,0,18,1,2750762014
831,9.67695,177,0,5,0,119.504,568,8189,6,0,206,5,15.8646,2358,873,4679,0,18,1,2764589772
835,9.72336,93,0,1,0,99.371,588,8189,1,0,356,1,13.4884,2359,874,4680,0,18,1,2976592136
824,9.5953,76,0,4,0,89.021,601,8191,4,0,238,4,13.733,2363,878,4684,0,18,1,2830370354
884,10.2938,156,0,4,0,109.565,614,8189,4,0,256,4,12.7895,2367,882,4688,0,18,1,2772961884
845,9.84058,169,0,16,0,124.775,621,8191,16,0,132,16,14.56,2383,898,4704,0,18,1,2778661634
849,9.88699,224,0,3,0,152.857,634,8191,3,0,252,3,16.3421,2386,901,4707,0,18,1,2795269092
874,10.1778,198,0,8,0,99.596,642,8189,8,0,171,8,13.0574,2394,909,4715,0,18,1,2843756496
808,9.4093,143,0,10,0,107.977,649,8151,10,0,124,10,16.214,2404,919,4725,0,18,1,2570406034
923,10.7482,222,0,5,0,130.51,660,8189,5,0,228,5,17.4487,2409,924,4730,0,18,1,3000569264
813,9.46742,87,0,4,0,107.413,671,8133,4,0,244,4,14.56,2413,928,4734,0,18,1,2813201076
779,9.07137,157,0,2,0,159.102,685,8190,2,0,295,2,12.0906,2415,930,4736,0,18,1,2618913234
842,9.80485,95,0,12,0,77.841,693,8153,12,0,170,12,11.6829,2427,942,4748,0,18,1,2942245978
862,10.0378,76,0,10,0,103.323,702,8189,10,0,199,10,13.9194,2437,952,4758,0,18,1,2808733424
835,9.72339,72,0,8,0,81.402,711,8191,8,0,191,8,18.2757,2445,960,4766,0,18,1,2775848950
831,9.67687,508,0,11,0,88.686,713,8161,11,0,48,11,18.2757,2456,971,4777,0,18,1,1493607220
207,2.41044,713,0,2,0,88.686,713,8161,2,0,0,2,18.2757,2458,973,4779,0,18,1,0
664,7.73247,105,0,715,0,111.246,113,8189,61,0,215,2,18.0544,2519,975,5494,0,19,1,6910323182
801,9.32764,115,0,15,0,98.248,152,8168,15,0,161,15,16.3305,2534,990,5509,0,19,1,2791780544
822,9.57221,169,0,12,0,161.793,187,8189,12,0,185,12,13.2088,2546,1002,5521,0,19,1,2796679046
861,10.0266,118,0,11,0,138.906,226,8189,11,0,253,11,16.0276,2557,1013,5532,0,19,1,2656957870
890,10.3648,132,0,4,0,76.092,261,8189,4,0,270,4,16.0393,2561,1017,5536,0,19,1,2914214716
828,9.64266,119,0,5,0,83.571,283,8189,5,0,187,5,14.8512,2566,1022,5541,0,19,1,2758333872
900,10.481,79,0,6,0,112.567,308,8189,6,0,226,6,16.4703,2572,1028,5547,0,19,1,2854642980
985,11.4713,246,0,2,0,132.226,337,8189,2,0,300,2,15.0376,2574,1030,5549,0,19,1,2796138940
805,9.37416,98,0,4,0,80.957,364,8189,4,0,288,4,17.1226,2578,1034,5553,0,19,1,2772170450
858,9.99115,99,0,4,0,81.15,396,8153,4,0,384,4,18.8115,2582,1038,5557,0,19,1,2779599620
948,11.0403,230,0,6,0,109.374,413,8189,6,0,213,6,15.9461,2588,1044,5563,0,19,1,2822470532
988,11.5052,442,0,0,0,221.486,442,8189,0,0,391,0,16.9245,2588,1044,5563,0,19,1,2706857342
48,0.558941,442,0,0,0,253.054,442,8191,0,0,1,0,16.9828,2588,1044,5563,0,19,1,694182832
523,6.0908,61,0,443,0,70.712,89,8189,134,0,139,1,15.5617,2722,1045,6006,0,20,1,4982865314
843,9.81676,159,0,2,0,100.709,170,8189,2,0,328,2,17.5652,2724,1047,6008,0,20,1,2786128450
817,9.5138,91,0,6,0,89.689,215,8189,6,0,269,6,16.1441,2730,1053,6014,0,20,1,2701060670
901,10.492,111,0,6,0,80.026,241,8191,6,0,187,6,16.1092,2736,1059,6020,0,20,1,2887215954
874,10.1774,125,0,4,0,150.549,272,8191,4,0,247,4,18.6368,2740,1063,6024,0,20,1,2773376060
837,9.74666,138,0,3,0,116.414,306,8189,3,0,307,3,15.2705,2743,1066,6027,0,20,1,2811593078
854,9.94513,138,0,14,0,106.048,324,8189,14,0,180,14,15.5268,2757,1080,6041,0,20,1,2811320624
862,10.038,123,0,12,0,89.548,344,8189,12,0,213,12,14.5251,2769,1092,6053,0,20,1,2658852966
860,10.0152,54,0,6,0,101.072,369,8191,6,0,279,6,17.9146,2775,1098,6059,0,20,1,2902120508
871,10.1424,81,0,6,0,85.744,383,8189,6,0,167,6,16.9828,2781,1104,6065,0,20,1,2781955778
873,10.1565,129,0,9,0,179.709,405,8189,9,0,262,9,14.3154,2790,1113,6074,0,20,1,2775211502
868,10.1066,75,0,10,0,133.283,416,8189,10,0,148,10,14.4785,2800,1123,6084,0,20,1,2801556632
847,9.86316,75,0,3,0,115.367,438,8189,3,0,287,3,18.8581,2803,1126,6087,0,20,1,2797715690
925,10.7715,124,0,4,0,74.541,459,8191,4,0,297,4,15.6433,2807,1130,6091,0,20,1,2791811946
1001,11.6572,184,0,2,0,275.329,483,8190,2,0,358,2,18.6834,2809,1132,6093,0,20,1,2551156748
726,8.45387,493,0,9,0,132.013,493,8153,9,0,151,9,14.5251,2818,1141,6102,0,20,1,1377387914
71,0.826775,2,0,493,0,127.782,3,7698,69,0,1,0,14.3503,2887,1141,6595,0,21,1,4467557598
676,7.87212,116,0,5,0,68.166,116,8153,5,0,224,5,13.8728,2892,1146,6600,0,21,1,2757085772
838,9.75868,123,0,5,0,112.708,169,8189,5,0,239,5,15.8879,2897,1151,6605,0,21,1,2802602950
824,9.59597,82,0,8,0,109.305,201,8187,8,0,183,8,13.2438,2905,1159,6613,0,21,1,2833865412
844,9.82897,133,0,5,0,72.732,239,8189,5,0,259,5,14.327,2910,1164,6618,0,21,1,2747723832
991,11.5397,289,0,3,0,204.802,289,8189,3,0,418,3,20.8266,2913,1167,6621,0,21,1,2647588650
892,10.3871,169,0,2,0,145.6,311,8189,2,0,208,2,16.8314,2915,1169,6623,0,21,1,2934330266
888,10.3405,94,0,5,0,101.315,329,8191,5,0,181,5,17.5768,2920,1174,6628,0,21,1,2827232138
922,10.7378,180,0,3,0,113.692,354,8189,3,0,268,3,16.3072,2923,1177,6631,0,21,1,2796342512
825,9.60749,130,0,8,0,105.642,373,8191,8,0,206,8,17.4254,2931,1185,6639,0,21,1,2812772080
821,9.56015,101,0,4,0,261.598,387,8190,4,0,177,4,14.956,2935,1189,6643,0,21,1,2673462652
907,10.561,73,0,6,0,128.42,400,8191,6,0,152,6,15.7947,2941,1195,6649,0,21,1,2910821572
792,9.22274,350,0,4,0,107.822,412,8189,4,0,149,4,14.0475,2945,1199,6653,0,21,1,2725434774
915,10.655,232,0,7,0,82.026,426,8189,7,0,184,7,12.9992,2952,1206,6660,0,21,1,2818752748
915,10.655,79,0,3,0,83.328,448,8189,3,0,304,3,16.2723,2955,1209,6663,0,21,1,2822931482
807,9.39777,92,0,1,0,94.974,471,8191,1,0,327,1,14.6765,2956,1210,6664,0,21,1,2807532392
843,9.81669,55,0,4,0,112.176,490,8189,4,0,290,4,13.9427,2960,1214,6668,0,21,1,2762072600
827,9.62987,121,0,7,0,77.811,501,8189,7,0,174,7,15.4569,2967,1221,6675,0,21,1,2810595312
904,10.5275,72,0,14,0,96.67,510,8189,14,0,141,14,14.0824,2981,1235,6689,0,21,1,2807117250
850,9.89887,95,0,7,0,124.329,522,8189,7,0,198,7,16.1674,2988,1242,6696,0,21,1,2782310566
798,9.29324,194,0,13,0,110.497,531,8191,13,0,137,13,13.8728,3001,1255,6709,0,21,1,2553538568
343,3.99419,531,0,6,0,110.497,531,8191,6,0,0,6,13.8728,3007,1261,6715,0,21,1,0
268,3.12081,61,0,531,0,59.057,64,8189,58,0,79,0,11.7179,3065,1261,7246,0,22,1,5820398948
767,8.932,131,0,1,0,110.031,154,8191,1,0,306,1,12.8361,3066,1262,7247,0,22,1,2819016270
810,9.43316,95,0,6,0,107.854,198,8148,6,0,243,6,14.6182,3072,1268,7253,0,22,1,2735678694
332,3.86601,199,0,9,0,92.362,199,8146,9,0,7,9,13.7213,3081,1277,7262,0,22,1,687189762
423,4.92581,79,0,202,0,74.579,79,8189,62,0,111,3,11.7412,3143,1280,7464,0,23,1,4836471528
809,9.4211,82,0,3,0,86.228,159,8189,3,0,300,3,12.7779,3146,1283,7467,0,23,1,2896569046
832,9.68848,78,0,8,0,79.809,189,8190,8,0,164,8,10.4133,3154,1291,7475,0,23,1,2711115274
353,4.11078,190,0,9,0,84.815,190,8155,9,0,6,9,11.4383,3163,1300,7484,0,23,1,885454528
239,2.78312,47,0,190,0,47.071,47,8189,106,0,48,0,13.6748,3269,1300,7674,0,24,1,4787846476
778,9.05965,91,0,3,0,70.808,135,8189,3,0,250,3,14.8512,3272,1303,7677,0,24,1,2751239456
855,9.9563,80,0,4,0,88.897,188,8189,4,0,269,4,13.9077,3276,1307,7681,0,24,1,2850516390
850,9.89835,214,0,6,0,85.558,217,8189,6,0,185,6,14.6532,3282,1313,7687,0,24,1,2805700316
829,9.65428,74,0,7,0,92.89,247,8189,7,0,218,7,16.9245,3289,1320,7694,0,24,1,2763294856
787,9.16486,251,0,20,0,83.983,251,8190,20,0,34,20,14.1756,3309,1340,7714,0,24,1,2153712526
1,0.0116449,251,0,1,0,83.983,251,8190,1,0,0,1,14.1756,3310,1341,7715,0,24,1,0
675,7.86074,110,0,253,0,95.764,110,8190,92,0,205,2,16.7149,3402,1343,7968,0,25,1,6156934980
810,9.43285,160,0,5,0,72.505,160,8190,5,0,208,5,15.2822,3407,1348,7973,0,25,1,2719091242
853,9.93302,77,0,6,0,89.311,186,8189,6,0,145,6,15.9345,3413,1354,7979,0,25,1,2943357620
878,10.2242,157,0,5,0,120.884,223,8117,5,0,234,5,15.4569,3418,1359,7984,0,25,1,2736244742
948,11.0401,249,0,3,0,146.816,253,8189,3,0,223,3,16.3771,3421,1362,7987,0,25,1,2851152128
861,10.027,100,0,3,0,101.593,288,8189,3,0,296,3,18.101,3424,1365,7990,0,25,1,2823149358
808,9.40881,73,0,14,0,85.562,303,8191,14,0,138,14,16.7032,3438,1379,8004,0,25,1,2774089654
862,10.0381,204,0,9,0,104.383,320,8189,9,0,169,9,15.9694,3447,1388,8013,0,25,1,2807004326
803,9.35049,120,0,6,0,110.346,342,8189,6,0,222,6,16.8896,3453,1394,8019,0,25,1,2734609192
909,10.5853,226,0,5,0,138.9,362,8115,5,0,227,5,15.6666,3458,1399,8024,0,25,1,2828852614
847,9.8631,118,0,8,0,61.304,376,8190,8,0,165,8,15.7481,3466,1407,8032,0,25,1,2813095992
901,10.4924,148,0,6,0,77.081,391,8149,6,0,171,6,14.6182,3472,1413,8038,0,25,1,2698490060
847,9.86355,112,0,6,0,84.27,407,8189,6,0,205,6,14.6415,3478,1419,8044,0,25,1,2900744952
797,9.28142,134,0,5,0,99.107,427,8149,5,0,266,5,16.2606,3483,1424,8049,0,25,1,2604398468
840,9.78225,111,0,7,0,163.508,443,8189,7,0,214,7,17.1808,3490,1431,8056,0,25,1,2917602338
1019,11.8666,240,0,3,0,153.523,464,8189,3,0,294,3,16.7498,3493,1434,8059,0,25,1,2856872004
893,10.3989,152,0,3,0,276.445,489,8189,3,0,375,3,16.5518,3496,1437,8062,0,25,1,2767108750
870,10.1315,102,0,5,0,110.866,508,8189,5,0,299,5,16.5285,3501,1442,8067,0,25,1,2817812032
848,9.87405,67,0,12,0,93.426,517,8189,12,0,134,12,17.7981,3513,1454,8079,0,25,1,2754371466
938,10.9226,65,0,5,0,415.008,524,8190,5,0,126,5,19.3939,3518,1459,8084,0,25,1,2735811778
917,10.6783,122,0,2,0,129.504,539,8189,2,0,241,2,15.6666,3520,1461,8086,0,25,1,2892936648
864,10.0602,75,0,4,0,118.682,555,8189,4,0,278,4,15.9694,3524,1465,8090,0,25,1,2762842602
797,9.28088,87,0,9,0,106.895,565,8189,9,0,174,9,14.5833,3533,1474,8099,0,25,1,2758403548
832,9.6885,104,0,7,0,79.407,576,8191,7,0,205,7,15.6083,3540,1481,8106,0,25,1,2789219720
827,9.63033,298,0,4,0,127.322,586,8189,4,0,168,4,14.1057,3544,1485,8110,0,25,1,2528113028
892,10.3873,172,0,2,0,76.475,606,8091,2,0,379,2,14.8861,3546,1487,8112,0,25,1,2988952554
854,9.94475,86,0,6,0,121.592,614,8111,6,0,159,6,16.5751,3552,1493,8118,0,25,1,2913774514
866,10.0842,83,0,3,0,144.94,629,8189,3,0,274,3,17.076,3555,1496,8121,0,25,1,2803794658
890,10.3647,84,0,8,0,96.01,641,8191,8,0,243,8,17.1575,3563,1504,8129,0,25,1,2802038008
825,9.60753,82,0,7,0,95.145,652,8190,7,0,222,7,15.8063,3570,1511,8136,0,25,1,2730649488
854,9.94503,141,0,12,0,113.562,659,8191,12,0,144,12,16.5169,3582,1523,8148,0,25,1,2762246116
812,9.45615,76,0,9,0,115.612,666,8189,9,0,151,9,15.5617,3591,1532,8157,0,25,1,2823605106
886,10.3183,162,0,3,0,107.803,678,8189,3,0,259,3,16.9362,3594,1535,8160,0,25,1,2867763136
822,9.57212,162,0,5,0,98.159,689,8191,5,0,236,5,15.0725,3599,1540,8165,0,25,1,2668532594
844,9.82759,78,0,6,0,74.934,698,8189,6,0,195,6,15.189,3605,1546,8171,0,25,1,2872494380
959,11.1674,193,0,2,0,192.471,714,8189,2,0,340,2,16.7265,3607,1548,8173,0,25,1,2808414434
844,9.82878,184,0,5,0,127.153,720,8189,5,0,150,5,14.9677,3612,1553,8178,0,25,1,2802266511
802,9.33942,111,0,7,0,117.973,730,8189,7,0,205,7,14.5949,3619,1560,8185,0,25,1,2809255965
821,9.56094,190,0,4,0,145.586,737,8191,4,0,174,4,18.4854,3623,1564,8189,0,25,1,2437161818
843,9.81628,65,0,7,0,116.437,744,8085,7,0,149,7,17.1692,3630,1571,8196,0,25,1,3153639832
868,10.1077,67,0,2,0,130.198,757,8189,2,0,306,2,16.9245,3632,1573,8198,0,25,1,2789718974
777,9.04793,178,0,3,0,137.312,764,8189,3,0,167,3,17.4371,3635,1576,8201,0,25,1,2767592408
820,9.54878,125,0,9,0,95.337,769,8191,9,0,138,9,13.1273,3644,1585,8210,0,25,1,2720794426
868,10.1072,56,0,12,0,84.536,777,8189,12,0,185,12,14.0125,3656,1597,8222,0,25,1,2878121316
840,9.78159,98,0,12,0,90.708,785,8162,11,0,188,12,13.535,3667,1609,8234,0,25,1,2818810288
842,9.80585,69,0,7,0,90.602,792,8189,8,0,186,7,14.0591,3675,1616,8241,0,25,1,2809011548
869,10.1196,86,0,5,0,109.547,801,8191,5,0,218,5,18.2175,3680,1621,8246,0,25,1,2750596674
851,9.90865,114,0,3,0,102.004,813,8189,3,0,300,3,16.6916,3683,1624,8249,0,25,1,2802722664
865,10.0728,519,0,8,0,131.728,817,8153,8,0,101,8,13.7446,3691,1632,8257,0,25,1,1459975412
305,3.55165,817,0,7,0,131.728,817,8153,7,0,0,7,13.7446,3698,1639,8264,0,25,1,0
359,4.18046,71,0,817,0,75.336,81,8189,61,0,118,0,15.9228,3759,1639,9081,0,26,1,6949427534
799,9.30498,107,0,6,0,99.106,143,8189,6,0,218,6,15.1075,3765,1645,9087,0,26,1,2714125554
815,9.49049,79,0,6,0,84.242,184,8189,6,0,210,6,16.1092,3771,1651,9093,0,26,1,2806826722
756,8.80033,105,0,2,0,128.089,220,8189,2,0,228,2,15.4685,3773,1653,9095,0,26,1,2777226102
878,10.2248,126,0,5,0,143.224,244,8189,5,0,169,5,14.758,3778,1658,9100,0,26,1,2870882140
839,9.77007,66,0,5,0,75.867,277,8189,5,0,272,5,16.249,3783,1663,9105,0,26,1,2795245712
842,9.80495,129,0,7,0,107.821,293,8189,7,0,144,7,15.4569,3790,1670,9112,0,26,1,2572034150
850,9.89779,117,0,7,0,84.742,313,8189,7,0,187,7,14.8396,3797,1677,9119,0,26,1,3033688938
805,9.37466,88,0,2,0,81.408,342,8185,2,0,303,2,14.7231,3799,1679,9121,0,26,1,2680165908
826,9.61905,66,0,3,0,122.321,368,8189,3,0,288,3,15.1657,3802,1682,9124,0,26,1,2889758900
885,10.302,127,0,19,0,66.357,376,8189,19,0,92,19,12.1256,3821,1701,9143,0,26,1,2813705776
825,9.60752,62,0,9,0,86.058,394,8189,9,0,215,9,18.1592,3830,1710,9152,0,26,1,2794090852
842,9.80487,120,0,8,0,107.536,408,8191,8,0,176,8,17.6933,3838,1718,9160,0,26,1,2631203330
853,9.93291,186,0,7,0,112.263,419,8189,7,0,147,7,15.9112,3845,1725,9167,0,26,1,2901687950
835,9.72336,79,0,4,0,163.107,438,8189,4,0,247,4,13.5699,3849,1729,9171,0,26,1,2756923554
862,10.025,105,0,7,0,103.67,456,8191,7,0,248,7,15.8995,3856,1736,9178,0,26,1,2859950674
822,9.57094,98,0,8,0,102.134,472,8190,8,0,233,8,19.2308,3864,1744,9186,0,26,1,2694274884
846,9.85045,125,0,6,0,155.125,487,8187,6,0,233,6,16.878,3870,1750,9192,0,26,1,2810662610
805,9.37412,152,0,3,0,131.946,505,8191,3,0,281,3,15.9228,3873,1753,9195,0,26,1,2582945806
1175,13.6827,88,0,2,0,246.479,527,8189,2,0,355,2,20.2675,3875,1755,9197,0,26,1,3101395374
936,10.8996,126,0,4,0,118.883,543,8189,4,0,256,4,17.3788,3879,1759,9201,0,26,1,2776531800
885,10.3057,256,0,2,0,93.844,560,8189,2,0,297,2,18.9513,3881,1761,9203,0,26,1,2591144612
874,10.1774,71,0,7,0,85.495,572,8191,7,0,217,7,14.6299,3888,1768,9210,0,26,1,3027343228
822,9.57275,207,0,6,0,98.305,580,8191,6,0,150,6,15.5617,3894,1774,9216,0,26,1,2619716722
835,9.72358,585,0,6,0,76.435,585,8189,6,0,86,6,14.8628,3900,1780,9222,0,26,1,1381945026
1,0.0116448,585,0,1,0,76.435,585,8189,1,0,0,1,14.8628,3901,1781,9223,0,26,1,0
605,7.04567,94,0,588,0,96.902,101,8191,98,0,173,3,17.7283,3999,1784,9811,0,27,1,7154964208
782,9.10629,120,0,6,0,101.197,150,8191,6,0,192,6,19.755,4005,1790,9817,0,27,1,2788068654
77,0.896641,150,0,2,0,101.328,150,8146,2,0,1,2,19.3939,4007,1792,9819,0,27,1,98441826
568,6.61423,99,0,152,0,76.892,100,8191,61,0,170,2,15.9811,4068,1794,9971,0,28,1,5517860530
826,9.61929,69,0,6,0,83.124,159,8189,6,0,238,6,14.6532,4074,1800,9977,0,28,1,2798532492
865,10.0728,210,0,2,0,67.473,211,8191,2,0,305,2,16.016,4076,1802,9979,0,28,1,2732079770
804,9.36251,68,0,6,0,98.014,238,8189,6,0,192,6,11.8227,4082,1808,9985,0,28,1,2812275592
875,10.1899,87,0,6,0,155.382,272,8189,6,0,265,6,14.0941,4088,1814,9991,0,28,1,2757064772
849,9.88682,76,0,18,0,89.202,280,8189,18,0,75,18,14.2222,4106,1832,10009,0,28,1,2869345080
954,11.1096,178,0,2,0,86.819,308,8189,2,0,259,2,14.362,4108,1834,10011,0,28,1,2771844936
912,10.6207,293,0,1,0,187.268,348,8190,1,0,403,1,17.1924,4109,1835,10012,0,28,1,2686897010


