SendPacket,SendRate(Mb/s),FlightSize,ReceiveRate(Mb/s),Send Loss,Recv Loss,RTT(ms),CWnd,FlowWindow,Retrans,PktSndPeriod(us),RecvACK,RecvNAK,EstimatedBandwidth(Mb/s),Retrans_Total,NAK_TotalRecv,Total Send Loss,Total Recv Loss,Timeout,usSndDuration
194,1.35227,14,0,1,0,26.046,14,8189,1,0,98,0,7.71683,98,871266600,1,0,1,-403713169655512
524,4.00635,27,0,0,0,37.907,27,8189,0,0,264,0,6.92144,362,-625600958,1,0,1,2798099738
518,3.96086,35,0,0,0,53.086,35,8189,0,0,258,0,6.40902,620,2125783930,1,0,1,2751384888
653,4.98915,43,0,1,0,68.101,43,8189,1,0,314,1,6.14899,934,617263808,2,0,2,2786447174
554,4.23484,48,0,4,0,59.476,48,8189,4,0,236,4,6.95203,1170,-985039864,6,0,6,2692663624
495,3.78514,51,0,3,0,64.348,51,8189,3,0,178,3,7.97686,1348,1376439732,9,0,9,2361479596
497,3.8002,54,0,4,0,77.018,54,8191,4,0,151,4,7.84685,1499,422673508,13,0,13,3341201072
508,3.88344,53,0,3,0,66.14,58,8189,3,0,180,3,6.95203,1679,-1108719638,16,0,16,2763574150
601,4.59429,59,0,4,0,68.785,61,8189,4,0,190,4,6.76083,1869,1749460428,20,0,20,2858180066
635,4.85517,64,0,6,0,71.53,64,8189,6,0,231,6,8.47398,2100,249590668,26,0,26,2791688858
562,4.29711,66,0,4,0,74.895,67,8189,4,0,162,4,9.10112,2262,-1253713684,30,0,30,2791662944
577,4.41167,69,0,5,0,91.832,69,8189,5,0,165,5,10.6154,2427,1554708226,35,0,35,2808421910
567,4.33524,72,0,6,0,94.003,72,8169,6,0,204,6,9.00934,2631,49340512,41,0,41,2789599582
0,0,72,0,0,0,94.003,72,8169,0,0,0,0,9.00934,2631,49340512,41,0,41,0
536,4.09847,40,0,74,0,60.576,40,8187,61,0,206,2,7.42621,2837,1309265516,102,0,115,5554892300
551,4.21303,46,0,0,0,80.346,46,8191,0,0,259,0,6.60787,3096,-161091774,102,0,115,2824610006
607,4.64133,51,0,3,0,71.497,51,8189,3,0,237,3,6.57728,3333,-1677536722,105,0,118,2778522348
535,4.09063,55,0,2,0,79.952,55,8137,2,0,216,2,7.0591,3549,1010391262,107,0,120,2687927984
605,4.62587,59,0,4,0,87.937,59,8190,4,0,228,4,7.0744,3777,-368074222,111,0,124,2916501812
38,0.290563,59,0,1,0,88.011,59,8154,1,0,1,1,7.01322,3778,-197900358,112,0,125,170173864
424,3.24204,33,0,59,0,52.991,33,8189,59,0,172,0,8.604,3950,888444172,171,0,184,5381311826
560,4.28195,40,0,2,0,46.796,40,8191,2,0,247,2,7.55622,4197,-572020354,173,0,186,2834502770
293,2.24039,42,0,3,0,59.949,42,8191,3,0,109,3,8.05334,4306,968123584,176,0,189,1540143938
178,1.361,22,0,42,0,35.267,22,8189,42,0,61,0,7.18147,4367,705278690,218,0,231,4032122402
494,3.77725,31,0,0,0,50.391,31,8191,0,0,248,0,7.99981,4615,-788250741,218,0,231,2801437865
532,4.06818,39,0,1,0,59.737,39,8189,1,0,263,1,7.48739,4878,1560679946,219,0,232,2348930687
556,4.25142,44,0,2,0,82.918,44,8189,2,0,222,2,6.7073,5100,514652264,221,0,234,3248939614
626,4.78672,50,0,2,0,72.051,50,8189,2,0,273,2,7.0897,5373,-987938386,223,0,236,2792376646
590,4.5112,54,0,4,0,75.737,54,8189,4,0,226,4,9.1929,5599,1740708990,227,0,240,2728647376
579,4.4271,57,0,3,0,82.944,58,8189,3,0,212,3,10.2789,5811,223008424,230,0,243,2777266730
597,4.56517,58,0,5,0,84.099,62,8189,5,0,215,5,8.80285,6026,-1212674808,235,0,248,2859284064
609,4.65677,62,0,7,0,73.156,65,8189,7,0,216,7,6.56198,6242,1586218646,242,0,255,2798893454
572,4.37403,68,0,9,0,85.63,68,8191,9,0,189,9,8.02275,6431,79202808,251,0,264,2787951458
583,4.45789,68,0,5,0,88.616,70,8189,5,0,166,5,9.56,6597,-1400807554,256,0,269,2814956934
552,4.22099,72,0,6,0,85.172,72,8152,6,0,156,6,10.6154,6753,1104439760,262,0,275,2505247314
62,0.474058,3,0,72,0,85.964,3,8119,59,0,1,0,10.516,6754,-154901876,321,0,347,3035625660
459,3.50955,40,0,1,0,66.998,40,8189,1,0,200,1,9.7359,6954,-1630952056,322,0,348,2818917116
507,3.87673,45,0,2,0,88.919,45,8191,2,0,237,2,6.38608,7191,1030016556,324,0,350,2660968612
494,3.77726,49,0,3,0,73.411,49,8189,3,0,158,3,5.5295,7349,-364179773,327,0,353,2900770967
576,4.40393,50,0,2,0,93.562,53,8189,2,0,245,2,6.56963,7594,-1809354720,329,0,355,2849792349
337,2.57672,56,0,5,0,83.655,56,8189,5,0,120,5,7.64035,7714,-232750250,334,0,360,1576604470
159,1.21573,28,0,56,0,44.022,28,8189,56,0,40,0,7.48739,7754,-528151178,390,0,416,3999566368
516,3.94551,36,0,1,0,44.803,36,8189,1,0,245,1,8.50458,7999,-2043538510,391,0,417,2779579964
567,4.33544,42,0,1,0,82.674,42,8189,1,0,269,1,7.29619,8268,760097542,392,0,418,2803636052
418,3.19599,46,0,3,0,63.005,46,8189,3,0,146,3,5.80483,8414,-787844872,395,0,421,2747024882
577,4.41181,50,0,3,0,68.041,50,8189,3,0,226,3,7.0591,8640,2056601110,398,0,424,2844445982
550,4.20528,53,0,5,0,71.31,54,8189,4,0,201,5,8.14512,8841,479342710,402,0,429,2717708896
547,4.18229,57,0,4,0,81.514,57,8189,5,0,145,4,8.86403,8986,-940133128,407,0,433,2875491458
584,4.46565,61,0,5,0,77.859,61,8158,5,0,225,5,11.4491,9211,1848169320,412,0,438,2788302448
553,4.22881,64,0,4,0,95.389,64,8190,4,0,211,4,11.1508,9422,194464752,416,0,442,2641262728
567,4.33551,67,0,3,0,93.769,67,8190,3,0,223,3,10.9902,9645,-1277536804,419,0,445,2822965740
635,4.85529,58,0,6,0,84.356,70,8189,6,0,193,6,11.5714,9838,1640313222,425,0,451,2917850026
556,4.2511,61,0,3,0,105.287,73,8189,3,0,209,3,8.77226,10047,121413458,428,0,454,2776067532
589,4.50351,75,0,7,0,85.85,75,8189,7,0,178,7,5.74365,10225,-1377384588,435,0,461,2796169250
580,4.43509,71,0,9,0,86.449,77,8189,9,0,159,9,5.69011,10384,1440743886,444,0,470,2818128474
573,4.3814,61,0,4,0,106.602,80,8190,4,0,181,4,6.27136,10565,-109579802,448,0,474,2744643608
606,4.63369,79,0,6,0,94.396,81,8191,6,0,100,6,7.09734,10665,-1560372652,454,0,480,2844174446
463,3.54038,83,0,4,0,117.046,83,8189,4,0,153,4,8.88698,10818,1064449752,458,0,484,2624822404
610,4.66401,72,0,5,0,108.956,85,8191,5,0,156,5,7.51798,10974,-308692768,463,0,489,2921824776
396,3.02783,86,0,5,0,101.959,86,8191,5,0,137,5,7.03616,11111,1680858658,468,0,494,1989551426
94,0.71875,14,0,86,0,89.649,14,8189,59,0,12,0,7.52563,11123,932475139,527,0,580,3546583777
532,4.06809,47,0,2,0,66.628,47,8191,2,0,232,2,7.64035,11355,-600189224,529,0,582,2762302933
516,3.94535,51,0,3,0,78.195,51,8191,3,0,213,3,8.70342,11568,-2005588636,532,0,585,2889567884
367,2.80611,53,0,2,0,82.849,53,8189,2,0,111,2,10.8143,11679,821907406,534,0,587,2827496042
507,3.87628,58,0,2,0,112.876,58,8189,2,0,231,2,11.0667,11910,-799593248,536,0,589,2673466642
532,4.06772,60,0,3,0,82.613,60,8189,3,0,159,3,9.34586,12069,2117753674,539,0,592,2917346922
579,4.42734,64,0,2,0,81.192,64,8189,2,0,233,2,7.65565,12302,586236284,541,0,594,2763449906
589,4.50379,67,0,0,0,101.118,68,8189,0,0,298,0,9.10112,12600,-973671454,541,0,594,2735059558
590,4.51115,71,0,7,0,93.57,71,8190,7,0,194,7,7.40326,12794,1871768850,548,0,601,2845440304
519,3.96829,74,0,6,0,103.724,74,8190,6,0,190,6,7.4568,12984,238822062,554,0,607,2662020508
588,4.49611,76,0,2,0,101.635,76,8189,2,0,192,2,7.95392,13176,-1124777308,556,0,609,2931367926
492,3.76189,79,0,4,0,114.395,79,8189,4,0,173,4,7.96157,13349,1438824148,560,0,613,2563601456
635,4.85522,79,0,4,0,125.469,81,8189,4,0,206,4,9.34586,13555,162334342,564,0,617,3018477490
614,4.69498,80,0,11,0,95.302,83,8189,11,0,190,11,10.0801,13745,-1299830492,575,0,628,2832802462
655,5.00822,86,0,6,0,106.049,86,8189,6,0,190,6,8.69578,13935,1465565666,581,0,634,2765396158
563,4.30502,88,0,5,0,118.351,88,8189,5,0,202,5,7.17382,14137,-301718402,586,0,639,2527683228
643,4.91635,90,0,5,0,98.701,90,8191,5,0,196,5,6.94438,14333,-1623048206,591,0,644,2973637492
643,4.91641,91,0,9,0,116.992,93,8189,7,0,235,9,8.40515,14568,1194001106,598,0,653,2817049312
628,4.80174,91,0,5,0,132.67,94,8189,7,0,162,5,10.8678,14730,-297834174,605,0,658,2803132016
608,4.64888,81,0,3,0,131.614,97,8189,3,0,218,3,10.7301,14948,-1751653152,608,0,661,2841148318
697,5.32944,72,0,2,0,103.3,100,8189,2,0,282,2,9.00934,15230,1066486564,610,0,663,2818139716
613,4.68727,101,0,8,0,103.927,101,8171,8,0,122,8,8.68813,15352,-470763014,618,0,671,2757717718
443,3.38729,102,0,12,0,101.872,102,8179,12,0,100,12,9.95005,15452,1549147116,630,0,683,2019910130
70,0.535256,6,0,102,0,94.68,6,8189,59,0,4,0,10.516,15456,866362450,689,0,785,3612182630
547,4.18248,53,0,4,0,79.561,53,8189,4,0,182,4,8.604,15638,-695264868,693,0,789,2733339978
425,3.24992,56,0,4,0,85.256,56,8190,4,0,136,4,5.84307,15774,2051337930,697,0,793,2746602798
559,4.27422,59,0,4,0,66.943,59,8189,4,0,178,4,6.1184,15952,534213824,701,0,797,2777843190
579,4.42724,62,0,3,0,82.405,62,8190,3,0,211,3,8.48928,16163,-913435652,704,0,800,2847317820
541,4.13239,65,0,5,0,105.397,65,8190,5,0,183,5,8.07629,16346,1755458632,709,0,805,2668894284
303,2.3161,67,0,2,0,85.255,67,8189,2,0,99,2,8.32867,16445,-1056647340,711,0,807,1482861324
259,1.98031,34,0,67,0,49.222,34,8189,58,0,88,0,9.24643,16533,-1051690210,769,0,874,4299924426
551,4.21306,41,0,2,0,63.657,41,8189,2,0,242,2,8.52752,16775,1701231465,771,0,876,2752921675
529,4.04486,46,0,3,0,71.805,46,8189,3,0,226,3,7.28854,17001,227727296,774,0,879,2821463127
512,3.91457,50,0,4,0,77.408,50,8191,4,0,192,4,6.93674,17193,-1308239336,778,0,883,2759000664
589,4.50383,54,0,2,0,90.179,54,8189,2,0,226,2,10.1107,17419,1540813724,780,0,885,2849053060
616,4.71026,58,0,5,0,76.912,58,8189,5,0,213,5,10.5313,17632,24854380,785,0,890,2779007952
591,4.51915,61,0,2,0,84.746,62,8189,2,0,245,2,8.55811,17877,-1460450388,787,0,892,2809662528
455,3.47946,60,0,3,0,94.216,65,8189,3,0,170,3,6.04192,18047,1340078092,790,0,895,2800528480
479,3.66278,67,0,5,0,128.66,67,8162,5,0,164,5,7.11264,18211,-424731135,795,0,900,2530158069
641,4.90165,70,0,6,0,114.741,70,8189,6,0,204,6,8.48163,18415,-1676867508,801,0,906,3042830923
539,4.12136,72,0,6,0,94.909,72,8190,6,0,173,6,8.28278,18588,1053032386,807,0,912,2729899894
621,4.74819,76,0,4,0,102.303,76,8190,4,0,245,4,7.52563,18833,-382671476,811,0,916,2859263434
167,1.2768,76,0,1,0,97.911,76,8189,1,0,48,1,7.80096,18881,337477416,812,0,917,720148892
351,2.68376,40,0,76,0,65.782,40,8189,58,0,131,0,9.18525,19012,910872752,870,0,993,4868362632
544,4.15952,46,0,1,0,89.405,46,8191,1,0,256,1,10.8143,19268,-575242302,871,0,994,2808852242
588,4.49481,51,0,2,0,78.553,51,8141,2,0,249,2,10.5542,19517,-2143216350,873,0,996,2726993248
509,3.89183,54,0,4,0,69.203,54,8189,4,0,184,4,9.7665,19701,617400390,877,0,1000,2760616740
590,4.51141,58,0,2,0,89.893,58,8191,2,0,221,2,8.17571,19922,-785399320,879,0,1002,2892167586
545,4.16698,61,0,4,0,86.247,61,8189,4,0,189,4,7.0591,20111,1924082880,883,0,1006,2709482200
582,4.45025,56,0,5,0,97.365,65,8189,5,0,207,5,9.66707,20318,509542590,888,0,1011,2880427006
542,4.14405,68,0,4,0,89.047,68,8191,4,0,203,4,10.9443,20521,-1038791418,892,0,1015,2746633288
440,3.36434,70,0,1,0,94.495,70,8191,1,0,154,1,11.5867,20675,1757354186,893,0,1016,2796145604
602,4.6032,73,0,5,0,88.076,73,8190,5,0,202,5,9.86592,20877,3691054,898,0,1021,2541304164
577,4.41198,75,0,4,0,81.562,75,8189,4,0,154,4,8.49693,21031,-1305607010,902,0,1025,2985669232
644,4.92411,77,0,5,0,85.063,77,8189,5,0,178,5,9.08582,21209,1581812672,907,0,1030,2887419682
575,4.39649,73,0,4,0,100.986,79,8189,4,0,148,4,8.74166,21357,17999144,911,0,1034,2731153768
568,4.34328,81,0,4,0,94.63,81,8191,4,0,150,4,8.48928,21507,-1403103256,915,0,1038,2873864896
510,3.89943,82,0,5,0,91.16,82,8189,5,0,113,5,8.7952,21620,1031057452,920,0,1043,2434160708
594,4.54178,85,0,6,0,93.2,85,8189,6,0,218,6,10.0495,21838,-331539592,926,0,1049,2932370252
276,2.11032,86,0,5,0,128.012,86,8152,5,0,69,5,11.0743,21907,1151307984,931,0,1054,1482847576
171,1.3075,41,0,86,0,47.642,41,8191,59,0,39,0,11.0743,21946,1164451362,990,0,1140,4308110674
530,4.05253,47,0,2,0,72.553,47,8191,2,0,223,2,9.04758,22169,-380692214,992,0,1142,2749823720
583,4.45796,49,0,4,0,93.981,52,8191,4,0,247,4,11.3114,22416,-1816640092,996,0,1146,2859019418
573,4.38126,56,0,4,0,68.113,56,8189,4,0,211,4,11.0055,22627,974011188,1000,0,1150,2790651280
512,3.91474,60,0,2,0,88.365,60,8191,2,0,205,2,8.3975,22832,-574035414,1002,0,1152,2746920694
603,4.6107,63,0,5,0,79.648,63,8145,5,0,224,5,9.97299,23056,-2097195756,1007,0,1157,2771806954
469,3.58607,66,0,3,0,95.707,66,8189,3,0,165,3,10.0954,23221,760637060,1010,0,1160,2857832816
579,4.42723,57,0,3,0,83.675,69,8189,3,0,209,3,9.1776,23430,-838438792,1013,0,1163,2695891444
552,4.22092,72,0,3,0,101.632,72,8189,3,0,203,3,10.0342,23633,1944513100,1016,0,1166,2782951892
515,3.93804,74,0,4,0,106.86,74,8189,4,0,165,4,8.30573,23798,555298150,1020,0,1170,2905752346
545,4.16736,66,0,6,0,83.12,76,8175,6,0,141,6,8.32102,23939,-978751360,1026,0,1176,2760917786
386,2.95156,77,0,3,0,105.064,77,8189,3,0,91,3,9.85827,24030,1051847234,1029,0,1179,2030598594
86,0.657561,12,0,77,0,92.77,12,8189,59,0,10,0,10.1489,24040,305041338,1088,0,1256,3548161400
607,4.64117,43,0,2,0,51.552,43,8191,2,0,251,2,9.60589,24291,-1162051233,1090,0,1258,2827874725
474,3.62447,47,0,4,0,56.644,47,8190,4,0,178,4,8.0304,24469,1468648296,1094,0,1262,2630699529
622,4.75635,52,0,1,0,82.033,52,8189,1,0,269,1,7.648,24738,143057130,1095,0,1263,2969376130
481,3.67786,55,0,4,0,72.113,55,8191,4,0,167,4,7.22736,24905,-1564788692,1099,0,1267,2587121474
642,4.90873,50,0,3,0,72.618,59,8191,3,0,233,3,7.19677,25138,1399187638,1102,0,1270,2963976330
574,4.38897,60,0,5,0,98.757,63,8191,5,0,227,5,9.44528,25365,-85720294,1107,0,1275,2810059364
72,0.550547,64,0,2,0,87.979,64,8189,2,0,33,2,9.66707,25398,320805644,1109,0,1277,406525938
434,3.31847,35,0,65,0,48.247,35,8189,60,0,160,1,8.9864,25558,1079860622,1169,0,1342,5054022274
487,3.72373,42,0,0,0,72.519,42,8189,0,0,246,0,8.9711,25804,-462031566,1169,0,1342,2753075108
515,3.93772,47,0,1,0,84.686,47,8189,1,0,239,1,8.94816,26043,-1852930576,1170,0,1343,2904068286
632,4.8323,52,0,2,0,63.026,52,8189,2,0,274,2,6.4855,26317,993824960,1172,0,1345,2846755536
513,3.92269,56,0,3,0,88.849,56,8189,3,0,184,3,9.66707,26501,-486143660,1175,0,1348,2814998676
561,4.2897,59,0,4,0,70.022,59,8189,4,0,182,4,10.7531,26683,-2038815621,1179,0,1352,2742295335
534,4.0831,61,0,4,0,100.242,62,8189,4,0,182,4,7.0744,26865,800201572,1183,0,1356,2839017193
554,4.23643,65,0,4,0,93.582,65,8189,4,0,217,4,6.77613,27082,-684575274,1187,0,1360,2810190450
548,4.19035,67,0,6,0,99.28,68,8191,6,0,154,6,7.28854,27236,2073314476,1193,0,1366,2757889750
95,0.726424,68,0,1,0,96.44,68,8189,1,0,43,1,7.30384,27279,-1754603286,1194,0,1367,467049534
357,2.72987,36,0,68,0,57.309,36,8191,59,0,134,0,7.09734,27413,-945318296,1253,0,1435,5104252286
604,4.61859,44,0,0,0,49.08,44,8189,0,0,301,0,9.99594,27714,1883946114,1253,0,1435,2829264410
548,4.19008,50,0,0,0,80.491,50,8189,0,0,275,0,10.386,27989,324541536,1253,0,1435,2735562718
491,3.75421,53,0,3,0,80.032,53,8189,3,0,197,3,8.06864,28186,-1127976206,1256,0,1438,2842449554
8,0.0611684,53,0,1,0,80.898,53,8190,1,0,4,1,7.88509,28190,-1070294232,1257,0,1439,57681974
215,1.64392,27,0,56,0,49.229,27,8190,56,0,69,2,8.87168,28259,-1238734606,1313,0,1495,4126526922
147,1.12398,16,0,27,0,33.761,16,8189,27,0,55,0,7.18147,28314,-1331276276,1340,0,1522,4202425626
510,3.89951,27,0,0,0,30.989,27,8189,0,0,253,0,8.0457,28567,1471983176,1340,0,1522,2803259452
571,4.366,36,0,0,0,49.388,36,8189,0,0,286,0,9.84298,28853,-62965294,1340,0,1522,2760018826
554,4.23601,42,0,2,0,64.116,42,8189,2,0,245,2,7.4415,29098,-1543772848,1342,0,1524,2814159742
594,4.54183,48,0,2,0,65.094,48,8190,2,0,275,2,6.09546,29373,1141438968,1344,0,1526,2685211816
547,4.18256,52,0,3,0,75.451,52,8189,3,0,184,3,7.81626,29557,-227209422,1347,0,1529,2926318906
556,4.25137,56,0,3,0,82.411,56,8189,3,0,205,3,8.09158,29762,-1726224968,1350,0,1532,2795951750
561,4.28979,59,0,6,0,82.64,59,8189,6,0,202,6,9.33056,29964,1019570290,1356,0,1538,2745795258
519,3.96819,60,0,4,0,75.192,62,8189,4,0,177,4,8.68048,30141,-489293882,1360,0,1542,2786103124
556,4.25134,59,0,5,0,95.11,65,8159,5,0,163,5,9.31526,30304,-1941419629,1365,0,1547,2842841549
569,4.35095,60,0,5,0,95.118,67,8176,5,0,189,5,8.68813,30493,768880318,1370,0,1552,2710299947
618,4.72528,71,0,1,0,103.461,71,8189,1,0,276,1,7.10499,30769,-677052146,1371,0,1553,2849034832
534,4.08312,74,0,5,0,140.975,74,8190,5,0,200,5,7.00557,30969,2029213766,1376,0,1558,2706265912
608,4.64881,72,0,6,0,90.174,76,8189,6,0,169,6,7.75507,31138,636701994,1382,0,1564,2902455524
563,4.30482,78,0,6,0,75.865,78,8137,6,0,147,6,9.58294,31285,-881034086,1388,0,1570,2777231216
549,4.19768,80,0,4,0,88.567,81,8191,4,0,196,4,9.21584,31481,1902527590,1392,0,1574,2783561676
592,4.52646,71,0,5,0,107.594,83,8189,5,0,190,5,8.68048,31671,440900328,1397,0,1579,2833340034
608,4.64905,67,0,7,0,86.276,85,8189,7,0,185,7,9.88122,31856,-1073017713,1404,0,1586,2781049255
600,4.58785,87,0,9,0,112.003,87,8190,9,0,148,9,8.2216,32004,1671981070,1413,0,1595,2744998783
636,4.86322,89,0,4,0,105.927,89,8189,4,0,153,4,7.4721,32157,238197890,1417,0,1599,2861184116
549,4.19773,73,0,6,0,128.444,90,8189,6,0,162,6,6.28666,32319,-1282825436,1423,0,1605,2773943970
533,4.07544,91,0,13,0,96.105,91,8189,13,0,80,13,6.42432,32399,1299450414,1436,0,1618,2582275850
613,4.68701,93,0,9,0,125.632,93,8161,9,0,160,9,6.53139,32559,2067288,1445,0,1627,2997584170
640,4.89352,95,0,10,0,99.991,95,8178,10,0,157,10,8.73402,32716,-1569741430,1455,0,1637,2723158578
2,0.0152921,95,0,2,0,99.991,95,8178,2,0,0,2,8.73402,32716,-1569741430,1457,0,1639,0
398,3.04332,48,0,96,0,82.123,48,8189,82,0,117,1,8.55811,32833,-173049944,1539,0,1735,5691658782
594,4.54224,53,0,1,0,82.425,53,8189,1,0,275,1,7.08205,33108,-1688478296,1540,0,1736,2779538944
579,4.42763,57,0,4,0,75.992,57,8187,4,0,214,4,8.66518,33322,1117870188,1544,0,1740,2806348484
525,4.0144,60,0,3,0,100.743,61,8189,3,0,210,3,12.038,33532,-414053514,1547,0,1743,2763043594
518,3.96099,64,0,4,0,86.178,64,8190,4,0,179,4,10.5542,33711,-2071948298,1551,0,1747,2637072512
58,0.443472,64,0,64,0,86.178,2,8190,58,0,0,0,10.5542,33711,-2071948298,1609,0,1811,0
415,3.17314,36,0,0,0,63.049,36,8189,1,0,194,0,8.18336,33905,-707561348,1610,0,1811,5659354246
575,4.39655,43,0,1,0,60.586,43,8189,1,0,268,1,7.78566,34173,2145733282,1611,0,1812,2853294630
426,3.25729,46,0,3,0,50.807,46,8191,3,0,149,3,7.41856,34322,689149092,1614,0,1815,2838383106
564,4.3124,51,0,5,0,77.631,51,8151,5,0,219,5,7.4415,34541,-817181132,1619,0,1820,2788637072
578,4.41947,54,0,3,0,54.708,55,8189,3,0,215,3,9.08582,34756,1997264726,1622,0,1823,2814445858
543,4.15187,58,0,3,0,82.149,58,8189,3,0,195,3,9.53706,34951,486054215,1625,0,1826,2783756785
587,4.4884,60,0,3,0,70.525,62,8191,3,0,239,3,8.5887,35190,-1013710769,1628,0,1829,2795202312
489,3.73902,65,0,3,0,99.531,65,8189,3,0,185,3,9.07818,35375,1623247998,1631,0,1832,2636958767
511,3.90735,63,0,2,0,115.622,68,8191,2,0,167,2,9.79709,35542,272612988,1633,0,1834,2944332286
586,4.48059,70,0,4,0,99.949,70,8191,4,0,195,4,8.72637,35737,-1221502836,1637,0,1838,2800851472
600,4.58767,67,0,6,0,81.379,73,8189,6,0,185,6,7.8392,35922,1553509468,1643,0,1844,2775012304
572,4.37358,63,0,10,0,95.418,75,8189,10,0,161,10,8.38986,36083,1285238,1653,0,1854,2742743066
597,4.56475,58,0,6,0,100.319,77,8147,6,0,158,6,9.41469,36241,-1445829386,1659,0,1860,2847852672
610,4.66418,80,0,3,0,130.278,80,8189,3,0,228,3,9.26938,36469,1295736784,1662,0,1863,2741566170
600,4.58801,81,0,5,0,101.662,82,8189,5,0,147,5,8.67283,36616,-130646752,1667,0,1868,2868583760
620,4.74098,75,0,6,0,91.841,84,8189,6,0,203,6,8.32867,36819,-1641864254,1673,0,1874,2783749794
568,4.34325,61,0,8,0,108.399,86,8189,8,0,171,8,11.0437,36990,1152296304,1681,0,1882,2794160558
511,3.90712,88,0,6,0,122.892,88,8190,6,0,127,6,10.8831,37117,-693284962,1687,0,1888,2449386030
618,4.72541,90,0,6,0,85.348,90,8189,6,0,162,6,9.9424,37279,-1839067562,1693,0,1894,3149184696
548,4.19013,89,0,7,0,136.183,91,8191,7,0,147,7,8.80285,37426,924331499,1700,0,1901,2763399061
591,4.51895,93,0,5,0,109.657,93,8189,5,0,177,5,7.95392,37603,-605530114,1705,0,1906,2765105683
562,4.29705,93,0,12,0,86.673,94,8191,12,0,123,12,9.3688,37726,-2113835840,1717,0,1918,2786661570
599,4.58002,94,0,11,0,106.128,96,8191,11,0,145,11,10.8066,37871,644499810,1728,0,1929,2758335650
610,4.66396,82,0,9,0,109.152,98,8170,9,0,167,9,12.0685,38038,-912026284,1737,0,1938,2738441202
662,5.06172,76,0,16,0,83.335,99,8189,16,0,102,16,11.6861,38140,1927444532,1753,0,1954,2839470816
574,4.38874,64,0,11,0,121.608,100,8191,11,0,142,11,10.7607,38282,497599005,1764,0,1965,2865121769
559,4.27428,101,0,19,0,113.285,101,8190,19,0,121,19,10.3783,38403,-1236235828,1783,0,1984,2561132463
642,4.90875,103,0,12,0,104.327,103,8189,12,0,152,12,10.2713,38555,1748284830,1795,0,1996,2984520658
635,4.8553,104,0,10,0,123.725,104,8148,10,0,181,10,10.6919,38736,338164560,1805,0,2006,2884847026
624,4.77133,105,0,28,0,79.377,105,8178,28,0,43,28,10.3936,38779,-1334330061,1833,0,2034,2622472675
124,0.948106,105,0,7,0,81.598,105,8180,7,0,17,7,10.3401,38796,-499108676,1840,0,2041,835221385
389,2.97458,53,0,106,0,74.286,53,8139,64,0,116,1,8.29043,38912,92986229,1904,0,2147,4887062201
511,3.90742,53,0,2,0,92.498,56,8189,2,0,206,2,7.16618,39118,-1367766096,1906,0,2149,2834214971
587,4.48834,58,0,0,0,95.186,61,8189,0,0,296,0,9.56,39414,1418996792,1906,0,2149,2786762888
557,4.25899,64,0,5,0,88.334,64,8189,5,0,176,5,9.5753,39590,-109048122,1911,0,2154,2766922382
590,4.51136,62,0,3,0,83.773,68,8189,3,0,236,3,8.81814,39826,-1669324480,1914,0,2157,2734690938
520,3.97604,65,0,7,0,100.734,70,8191,7,0,129,7,8.40515,39955,1178964796,1921,0,2164,2848289276
592,4.52654,70,0,2,0,87.239,73,8189,2,0,234,2,9.06288,40189,-385761392,1923,0,2166,2730241108
550,4.20576,75,0,7,0,76.805,75,8190,7,0,173,7,10.0648,40362,-1872408700,1930,0,2173,2808319988
562,4.29732,67,0,4,0,109.14,78,8189,4,0,179,4,7.38032,40541,967945336,1934,0,2177,2840354036
633,4.83994,58,0,4,0,120.594,80,8191,4,0,210,4,9.0017,40751,-526009606,1938,0,2181,2801012354
542,4.14418,67,0,9,0,82.342,82,8189,9,0,116,9,11.082,40867,-2088501152,1947,0,2190,2732475750
551,4.21307,83,0,6,0,99.605,83,8191,6,0,149,6,8.63459,41016,680462236,1953,0,2196,2768963388
540,4.12932,85,0,6,0,83.864,85,8189,6,0,133,6,6.04957,41149,-706754712,1959,0,2202,2907750348
564,4.31243,87,0,6,0,91.613,87,8189,6,0,168,6,9.03229,41317,1952101294,1965,0,2208,2658856006
644,4.92411,75,0,5,0,79.81,89,8189,5,0,161,5,10.4089,41478,581810046,1970,0,2213,2924676048
585,4.47292,89,0,6,0,141.54,91,8190,6,0,201,6,8.2369,41679,-1015949730,1976,0,2219,2697207520
215,1.644,91,0,6,0,102.148,91,8191,6,0,30,6,7.77802,41709,187506608,1982,0,2225,1203456338
317,2.42375,46,0,91,0,62.89,46,8189,59,0,111,0,7.11264,41820,370596252,2041,0,2316,4478056940
539,4.12111,50,0,5,0,76.695,50,8183,5,0,182,5,7.87744,42002,-1182963130,2046,0,2321,2741407914
510,3.8998,53,0,3,0,67.816,53,8189,3,0,182,3,7.51798,42184,1642026180,2049,0,2324,2824989310
563,4.30504,57,0,4,0,62.468,57,8189,4,0,203,4,8.19866,42387,171137418,2053,0,2328,2824078534
546,4.17511,60,0,5,0,72.6,60,8191,5,0,166,5,10.0342,42553,-1327221476,2058,0,2333,2796608402
596,4.55719,63,0,4,0,85.582,63,8191,4,0,185,4,9.3535,42738,1470946778,2062,0,2337,2798168254
599,4.58019,62,0,5,0,87.802,66,8129,4,0,210,5,6.53904,42948,-49008796,2066,0,2342,2775011722
153,1.16985,67,0,3,0,78.381,67,8189,4,0,43,2,6.66141,42991,732607746,2070,0,2345,781616542
244,1.86576,33,0,67,0,48.041,34,8191,60,0,80,0,6.54669,43071,1266992978,2130,0,2412,4829352528
561,4.28942,41,0,0,0,73.973,41,8189,0,0,282,0,7.55622,43353,-267743944,2130,0,2412,2760230374
626,4.78651,48,0,1,0,71.341,48,8191,1,0,293,1,8.75696,43646,-1768643270,2131,0,2413,2794067970
488,3.73153,52,0,4,0,86.757,52,8191,4,0,198,4,10.7378,43844,687664136,2135,0,2417,2456307406
616,4.71006,56,0,4,0,67.396,56,8189,4,0,238,4,9.91946,44082,-475584948,2139,0,2421,3131718212
596,4.55714,60,0,3,0,87.239,60,8189,3,0,216,3,10.906,44298,-1962589464,2142,0,2424,2807962780
498,3.80781,63,0,4,0,70.209,63,8189,4,0,164,4,11.8468,44462,832913834,2146,0,2428,2795503298
583,4.45625,66,0,5,0,112.106,66,8143,5,0,207,5,10.4778,44669,-784045164,2151,0,2433,2678008298
600,4.58766,63,0,4,0,84.059,69,8191,4,0,242,4,6.52374,44911,2128190428,2155,0,2437,2912235592
546,4.17489,69,0,7,0,84.515,72,8191,7,0,171,7,7.0744,45082,600214282,2162,0,2444,2766991150
527,4.02981,73,0,10,0,104.622,73,8190,10,0,108,10,7.648,45190,-1097514804,2172,0,2454,2597238210
616,4.71026,63,0,5,0,91.945,75,8189,5,0,174,5,9.72826,45364,1935698910,2177,0,2459,3033213714
543,4.15203,77,0,5,0,125.909,77,8144,5,0,145,5,10.7684,45509,374908214,2182,0,2464,2734176600
628,4.80172,80,0,4,0,57.546,80,8191,4,0,170,4,10.5848,45679,-1105431532,2186,0,2468,2814627550
584,4.4653,74,0,3,0,87.027,82,8189,3,0,223,3,9.58294,45902,1682016544,2189,0,2471,2787448076
379,2.89792,84,0,7,0,108.983,84,8190,7,0,107,7,9.15466,46009,-771974230,2196,0,2478,1840976522
98,0.749341,16,0,84,0,78.393,16,8189,58,0,14,0,9.10112,46023,-1379505788,2254,0,2562,3687435738
529,4.04483,46,0,1,0,61.453,46,8191,1,0,234,1,10.6307,46257,1509099932,2255,0,2563,2888605720
476,3.63957,50,0,2,0,82.58,50,8189,2,0,198,2,10.6001,46455,13052914,2257,0,2565,2798920278
604,4.61824,55,0,2,0,61.964,55,8189,2,0,252,2,10.5389,46707,-1561376464,2259,0,2567,2720537918
536,4.09817,58,0,4,0,75.228,58,8190,4,0,191,4,8.74166,46898,1249977270,2263,0,2571,2811353734
576,4.40431,55,0,2,0,94.854,62,8189,2,0,205,2,6.19488,47103,-185981230,2265,0,2573,2859008796
543,4.15204,65,0,3,0,77.791,65,8191,3,0,178,3,7.0744,47281,-1716875354,2268,0,2576,2764073172
570,4.35851,67,0,4,0,74.535,67,8189,4,0,166,4,7.93098,47447,997392816,2272,0,2580,2714268170
588,4.49626,58,0,7,0,94.435,69,8156,7,0,168,7,7.44915,47615,-480543996,2279,0,2587,2817030484
518,3.96007,70,0,4,0,74.832,72,8189,4,0,185,4,7.23501,47800,-1999086382,2283,0,2591,2776424910
584,4.46513,56,0,7,0,91.307,75,8189,7,0,200,7,9.82768,48000,769268536,2290,0,2598,2768354918
568,4.3431,67,0,7,0,100.178,77,8190,7,0,143,7,8.14512,48143,-614864344,2297,0,2605,2910834416
594,4.54209,68,0,7,0,109.965,79,8189,7,0,187,7,9.65178,48330,-2106108914,2304,0,2612,2803722726
575,4.3967,74,0,5,0,98.639,81,8189,5,0,170,5,9.27702,48500,668549820,2309,0,2617,2774658734
408,3.11973,83,0,5,0,108.45,83,8189,5,0,124,5,8.96346,48624,-1728402534,2314,0,2622,1898014942
102,0.779945,9,0,83,0,105.64,9,8189,83,0,7,0,8.89462,48631,1986722034,2397,0,2705,3715124568
460,3.51637,44,0,1,0,65.578,44,8191,1,0,197,1,10.1565,48828,451130504,2398,0,2706,2759375766
543,4.15191,49,0,4,0,82.934,49,8191,4,0,228,4,8.78755,49056,-1029307788,2402,0,2710,2814529004
536,4.09832,53,0,6,0,77.776,53,8189,6,0,171,6,6.97498,49227,1743340756,2408,0,2716,2772648544
543,4.152,57,0,2,0,87.181,57,8189,2,0,222,2,7.15088,49449,247097936,2410,0,2718,2798724476
579,4.42725,61,0,3,0,80.54,61,8189,3,0,236,3,9.13171,49685,-1316775816,2413,0,2721,2731093544
559,4.274,65,0,3,0,81.635,65,8189,3,0,250,3,9.58294,49935,1327246584,2416,0,2724,2644022400
66,0.504638,3,0,65,0,83.317,3,8126,63,0,1,0,9.59824,49936,45782440,2479,0,2789,3013503152
494,3.77725,37,0,0,0,54.009,37,8189,0,0,236,0,9.29997,50172,-1442754472,2479,0,2789,2806430384
567,4.33531,44,0,1,0,77.107,44,8189,1,0,263,1,9.82003,50435,1292794272,2480,0,2790,2735548744
563,4.30439,49,0,2,0,71.038,49,8189,2,0,243,2,9.99594,50678,-193709920,2482,0,2792,2808463104
576,4.403,53,0,3,0,83.597,53,8189,3,0,218,3,9.22349,50896,-1686909246,2485,0,2795,2801767970
545,4.16735,56,0,5,0,69.391,56,8189,5,0,174,5,8.81814,51070,1146072164,2490,0,2800,2832981410
556,4.25137,58,0,3,0,122.308,60,8189,2,0,226,3,9.13171,51296,-413456872,2492,0,2803,2735438260
587,4.48825,57,0,2,0,104.716,64,8189,3,0,239,2,11.5332,51535,-1848244932,2495,0,2805,2860179236
533,4.07545,65,0,8,0,82.74,67,8189,8,0,170,8,9.1929,51705,884496408,2503,0,2813,2732741340
541,4.13677,67,0,3,0,74.015,70,8189,3,0,210,3,6.83731,51915,-610528130,2506,0,2816,2799942758
593,4.53433,67,0,5,0,102.688,73,8176,5,0,230,5,8.38221,52145,-2072679584,2511,0,2821,2832815842
513,3.92246,57,0,6,0,87.248,75,8191,6,0,131,6,6.71494,52276,722645084,2517,0,2827,2795324668
522,3.99157,71,0,5,0,109.097,77,8191,5,0,145,5,6.46256,52421,-797030304,2522,0,2832,2775291908
608,4.64924,72,0,2,0,96.195,79,8189,2,0,199,2,8.71872,52620,2010951464,2524,0,2834,2807981768
622,4.75616,61,0,7,0,114.828,81,8189,7,0,187,7,7.84685,52807,519851160,2531,0,2841,2803866992
672,5.13856,61,0,5,0,88.694,84,8189,5,0,174,5,7.90038,52981,-1036657830,2536,0,2846,2738458306
613,4.68734,55,0,4,0,125.505,86,8187,4,0,195,4,10.7072,53176,1828045420,2540,0,2850,2864703250
619,4.73325,88,0,5,0,127.123,88,8189,5,0,204,5,8.4281,53380,297595972,2545,0,2855,2764517848
565,4.3202,90,0,6,0,140.929,90,8191,6,0,161,6,6.52374,53541,-1320457224,2551,0,2861,2676914100
648,4.95498,92,0,5,0,84.391,92,8140,5,0,174,5,8.71872,53715,1559890372,2556,0,2866,2880347596
584,4.46564,69,0,2,0,120.589,94,8189,2,0,214,2,9.29997,53929,120990808,2558,0,2868,2856067732
533,4.07545,95,0,10,0,116.001,95,8167,10,0,111,10,8.84109,54040,-1885713364,2568,0,2878,2288263124
70,0.535249,3,0,95,0,116.035,3,8096,67,0,1,0,8.68813,54041,1181599276,2635,0,2973,3067312640
454,3.47143,49,0,2,0,61.055,49,8191,2,0,164,2,8.45869,54205,-94476382,2637,0,2975,3018891638
531,4.06032,53,0,4,0,70.998,53,8189,4,0,195,4,8.78755,54400,-1602295254,2641,0,2979,2787148424
578,4.41971,57,0,3,0,85.576,57,8189,3,0,238,3,7.2656,54638,1174318540,2644,0,2982,2776613794
619,4.73298,59,0,1,0,86.381,62,8189,1,0,285,1,8.84109,54923,-297759320,2645,0,2983,2822889436
549,4.19802,65,0,3,0,80.55,65,8189,3,0,217,3,9.05523,55140,-1800927812,2648,0,2986,2791798804
540,4.12884,66,0,4,0,102.693,68,8189,4,0,178,4,7.65565,55318,969943116,2652,0,2990,2770870928
544,4.15938,69,0,5,0,86.85,70,8189,5,0,172,5,6.61552,55490,-532611603,2657,0,2995,2792412577
538,4.11363,73,0,6,0,81.343,73,8190,6,0,169,6,6.83731,55659,2104943034,2663,0,3001,2637554637
598,4.57246,64,0,5,0,106.115,75,8188,5,0,200,5,9.77414,55859,747864188,2668,0,3006,2937888450
606,4.63337,68,0,4,0,90.242,78,8189,4,0,173,4,9.36115,56032,-788983046,2672,0,3010,2758120062
610,4.66436,78,0,4,0,83.902,81,8189,4,0,232,4,7.72448,56264,2061713208,2676,0,3014,2850696254
193,1.4757,82,0,3,0,108.159,82,8165,3,0,82,3,7.80861,56346,-1331255030,2679,0,3017,901999058
312,2.38557,41,0,83,0,57.922,41,8187,83,0,79,1,8.4128,56425,-931633812,2762,0,3100,4694588514
521,3.98362,47,0,1,0,110.376,47,8189,1,0,241,1,8.87168,56666,1873157184,2763,0,3101,2804790996
497,3.80009,51,0,2,0,63.687,51,8189,2,0,203,2,9.05523,56869,347214062,2765,0,3103,2769024174
552,4.22066,55,0,3,0,70.359,55,8191,3,0,205,3,10.9902,57074,-1140656550,2768,0,3106,2807096684
569,4.35062,59,0,1,0,89.146,59,8191,1,0,262,1,11.0972,57336,1619765058,2769,0,3107,2760421608
662,5.06168,60,0,4,0,87.673,64,8189,4,0,276,4,11.1202,57612,164751424,2773,0,3111,2839953662
575,4.39652,67,0,4,0,88.073,67,8190,4,0,224,4,8.43574,57836,-1427447700,2777,0,3115,2702768172
398,3.0432,69,0,6,0,98.702,69,8164,6,0,121,6,8.48928,57957,755387592,2783,0,3121,2182835292
72,0.550523,7,0,69,0,103.405,7,8189,58,0,5,0,8.38986,57962,-137181040,2841,0,3190,3402398664
595,4.54941,40,0,0,0,59.985,40,8189,0,0,287,0,8.58106,58249,-1543167528,2841,0,3190,2888980808
529,4.04507,46,0,1,0,81.568,46,8189,1,0,244,1,8.0457,58493,1255352051,2842,0,3191,2798519579
615,4.7024,51,0,2,0,76.272,51,8189,2,0,265,2,6.52374,58758,-256285530,2844,0,3193,2783329715
551,4.21297,55,0,5,0,71.112,55,8189,5,0,200,5,8.0151,58958,-1834359122,2849,0,3198,2716893704
506,3.86891,59,0,3,0,80.717,59,8189,3,0,204,3,9.46058,59162,1017731406,2852,0,3201,2852090528
523,3.99899,62,0,3,0,79.849,62,8189,3,0,205,3,10.3554,59367,-517096550,2855,0,3204,2760139340
562,4.29671,65,0,6,0,100.684,65,8191,6,0,167,6,11.342,59534,-1979439114,2861,0,3210,2832624732
559,4.27411,65,0,3,0,99.729,67,8189,3,0,186,3,8.72637,59720,829611624,2864,0,3213,2809050738
544,4.15924,70,0,5,0,103.698,70,8191,5,0,176,5,8.51222,59896,-707001154,2869,0,3218,2758354518
617,4.71785,71,0,7,0,73.787,72,8191,7,0,174,7,8.49693,60070,2108973154,2876,0,3225,2815974308
15,0.114701,73,0,1,0,75.19,73,8189,1,0,6,1,8.50458,60076,-2137186572,2877,0,3226,48807570
558,4.2666,40,0,74,0,52.666,40,8189,59,0,225,1,7.23501,60301,-869647072,2936,0,3300,5562506796
640,4.89386,47,0,3,0,48.712,47,8191,3,0,273,3,7.36502,60574,1915180526,2939,0,3303,2784827598
465,3.55576,51,0,3,0,77.465,51,8189,3,0,189,3,7.57152,60763,-978040,2942,0,3306,2378808730
524,4.00683,54,0,5,0,92.268,54,8190,5,0,165,5,8.81814,60928,-1286420864,2947,0,3311,3009524472
667,5.10023,54,0,3,0,72.95,58,8189,3,0,236,3,9.22349,61164,1695308824,2950,0,3314,2981729688
519,3.96851,59,0,4,0,82.687,61,8189,4,0,178,4,8.62694,61342,147625704,2954,0,3318,2747284176
581,4.44264,59,0,6,0,92.387,64,8189,6,0,176,6,8.2063,61518,-1285197580,2960,0,3324,2862144012
572,4.3739,60,0,3,0,95.632,67,8187,3,0,197,3,7.12029,61715,1494018692,2963,0,3327,2779216272
609,4.65669,65,0,5,0,106.67,70,8189,5,0,209,5,9.03229,61924,-16014932,2968,0,3332,2784933672
610,4.66417,68,0,8,0,82.267,72,8189,8,0,202,8,9.03994,62126,-1494938980,2976,0,3340,2816043248
587,4.48833,75,0,5,0,93.649,75,8190,5,0,191,5,8.10688,62317,1262392562,2981,0,3345,2757331542
634,4.84761,77,0,4,0,62.229,78,8189,4,0,214,4,7.6633,62531,-214759314,2985,0,3349,2817815420
562,4.29722,79,0,6,0,132.499,80,8191,6,0,169,6,9.30762,62700,-1741883564,2991,0,3355,2767843046
664,5.07745,83,0,4,0,95.475,83,8189,4,0,219,4,10.9596,62919,970650152,2995,0,3359,2712533716
605,4.62585,86,0,3,0,145.126,86,8190,3,0,265,3,10.9902,63184,-481066912,2998,0,3362,2843250232
578,4.4155,87,0,9,0,56.159,87,8189,9,0,104,9,9.55235,63288,-1932008958,3007,0,3371,2844025250
566,4.32757,86,0,4,0,106.509,89,8189,4,0,164,4,8.34397,63452,719498432,3011,0,3375,2651507390
602,4.60318,85,0,5,0,86.248,91,8189,5,0,155,5,7.8392,63607,-632854028,3016,0,3380,2942614836
598,4.57252,73,0,4,0,146.268,92,8189,4,0,174,4,6.37843,63781,2145418392,3020,0,3384,2778272420
622,4.75616,52,0,7,0,99.908,94,8189,7,0,147,7,6.98262,63928,608191914,3027,0,3391,2757740818
584,4.46522,61,0,7,0,112.605,95,8189,7,0,104,7,7.43386,64032,-874738848,3034,0,3398,2812036534
684,5.23008,95,0,7,0,103.04,97,8191,7,0,218,7,8.43574,64250,1975992372,3041,0,3405,2850731220
603,4.61061,95,0,3,0,96.32,99,8190,3,0,189,3,8.26749,64439,354959206,3044,0,3408,2673934130
677,5.17642,100,0,6,0,107.06,101,8191,6,0,144,6,9.85062,64583,-1120013598,3050,0,3414,2819994492
561,4.28945,96,0,8,0,99.872,102,8191,8,0,110,8,10.776,64693,1616990392,3058,0,3422,2737003990
683,5.22228,55,0,17,0,97.19,103,8189,17,0,75,17,9.33056,64768,262884852,3075,0,3439,2940861756
609,4.65645,59,0,6,0,128.543,104,8189,6,0,173,6,8.31338,64941,-1314919964,3081,0,3445,2717162480
69,0.527579,104,0,2,0,124.023,104,8189,2,0,11,2,8.2216,64952,-1099553250,3083,0,3447,215366714
438,3.349,53,0,105,0,67.462,53,8191,60,0,147,1,8.71107,65099,38367180,3143,0,3552,5432887726
516,3.94539,56,0,3,0,71.45,57,8191,3,0,184,3,11.6326,65283,-1508987458,3146,0,3555,2747612658
532,4.06772,60,0,4,0,85.831,60,8189,4,0,182,4,12.5427,65465,1338738864,3150,0,3559,2847726322
611,4.67176,59,0,4,0,75.52,63,8189,4,0,222,4,8.75696,65687,-178313096,3154,0,3563,2777915336
575,4.39654,57,0,5,0,75.325,66,8189,5,0,197,5,6.77613,65884,-1670203203,3159,0,3568,2803077189
581,4.44224,68,0,4,0,76.409,69,8191,4,0,159,4,7.17382,66043,1084273352,3163,0,3572,2754476555
62,0.474091,69,0,1,0,74.652,69,8189,1,0,30,1,7.56387,66073,1347098942,3164,0,3573,262825590
336,2.56924,36,0,69,0,68.47,36,8191,58,0,127,0,10.0265,66200,-1895952460,3222,0,3642,5346883190
505,3.8614,43,0,0,0,69.957,43,8189,0,0,253,0,8.25984,66453,912581964,3222,0,3642,2808534424
544,4.1595,48,0,2,0,58.635,48,8189,2,0,249,2,8.05334,66702,-686611232,3224,0,3644,2695774100
564,4.31245,52,0,3,0,73.093,52,8189,3,0,193,3,9.39939,66895,-2102168756,3227,0,3647,2879409772
541,4.13652,56,0,2,0,86.429,56,8189,2,0,224,2,9.96534,67119,721928422,3229,0,3649,2824097178
605,4.62617,60,0,6,0,77.668,60,8164,6,0,234,6,8.26749,67353,-818552454,3235,0,3655,2754486420
482,3.68541,62,0,3,0,95.527,62,8189,3,0,142,3,8.74166,67495,2003058926,3238,0,3658,2821611380
572,4.37366,58,0,6,0,82.735,65,8189,6,0,171,6,8.19866,67666,505566058,3244,0,3664,2797474428
566,4.32764,68,0,3,0,74.931,68,8189,3,0,218,3,7.76272,67884,-1015318794,3247,0,3667,2774082444
587,4.48824,67,0,4,0,89.208,70,8189,4,0,162,4,9.79709,68046,1769711398,3251,0,3671,2785030192
575,4.39671,73,0,5,0,119.491,73,8189,5,0,217,5,10.3019,68263,250533244,3256,0,3676,2775789142
544,4.15943,75,0,5,0,82.936,75,8191,5,0,135,5,9.29232,68398,-1509314150,3261,0,3681,2535119902
636,4.86285,68,0,6,0,94.994,78,8191,6,0,187,6,6.21782,68585,1543073790,3267,0,3687,3052387940
586,4.48059,63,0,6,0,69.653,80,8189,6,0,186,6,7.77037,68771,57445572,3273,0,3693,2809339078
689,5.26809,83,0,6,0,103.775,83,8189,6,0,227,6,10.4013,68998,-1398492510,3279,0,3699,2839029214
660,5.04634,66,0,8,0,116.588,85,8189,8,0,165,8,9.68237,69163,1380236646,3287,0,3707,2778729156
541,4.13676,83,0,9,0,137.296,86,8118,9,0,142,9,7.4721,69305,-235491836,3296,0,3716,2679238814
3,0.0229394,86,0,0,0,137.296,86,8118,0,0,0,0,7.4721,69305,-235491836,3296,0,3716,0
485,3.70835,45,0,87,0,72.08,45,8189,74,0,168,1,6.60022,69473,1177334652,3370,0,3803,5707793784
559,4.27429,50,0,2,0,75.83,50,8189,2,0,241,2,6.93674,69714,-314642580,3372,0,3805,2802990064
568,4.34292,50,0,3,0,61.87,54,8189,3,0,214,3,7.64035,69928,-1878052740,3375,0,3808,2731557136
591,4.51879,58,0,4,0,74.831,58,8191,4,0,188,4,8.87933,70116,979993676,3379,0,3812,2858046416
552,4.22068,56,0,4,0,80.059,61,8189,4,0,196,4,6.42432,70312,-559262320,3383,0,3816,2755711300
606,4.6334,64,0,4,0,66.193,64,8189,4,0,185,4,6.2943,70497,-2023647344,3387,0,3820,2830582272
590,4.5112,65,0,5,0,86.542,67,8189,5,0,204,5,7.30384,70701,766245230,3392,0,3825,2789892574
583,4.45768,63,0,5,0,105.238,70,8189,5,0,198,5,8.49693,70899,-727747526,3397,0,3830,2800974540
602,4.60289,70,0,4,0,90.251,73,8191,4,0,198,4,8.4128,71097,2026490072,3401,0,3834,2754237598
549,4.19777,63,0,5,0,144.374,75,8189,4,0,175,5,7.77037,71272,524960178,3405,0,3839,2793437402
598,4.57243,75,0,5,0,83.965,77,8189,6,0,184,5,9.11642,71456,-932567338,3411,0,3844,2837439780
467,3.5707,79,0,6,0,91.131,79,8189,6,0,157,6,8.88698,71613,1710434646,3417,0,3850,2643001984
615,4.70235,60,0,5,0,89.007,82,8191,5,0,174,5,7.00557,71787,313542278,3422,0,3855,2898074928
554,4.23627,67,0,6,0,91.946,83,8189,6,0,155,6,8.86403,71942,-1159272160,3428,0,3861,2822152858
670,5.12322,59,0,5,0,112.092,86,8189,5,0,226,5,8.7799,72168,1621585556,3433,0,3866,2780857716
677,5.17674,72,0,4,0,96.967,88,8191,4,0,209,4,9.98829,72377,143901134,3437,0,3870,2817282874
531,4.06026,68,0,7,0,84.02,90,8191,7,0,114,7,10.2789,72491,-1434063057,3444,0,3877,2717003105
579,4.42734,69,0,7,0,118.045,91,8152,7,0,139,7,8.09158,72630,1409029176,3451,0,3884,2843092233
642,4.90885,60,0,15,0,97.615,93,8185,15,0,124,15,7.51034,72754,-51459032,3466,0,3899,2834479088
610,4.66426,88,0,3,0,100.229,95,8191,3,0,180,3,8.52752,72934,-1558271989,3469,0,3902,2788154339
196,1.49865,95,0,3,0,106.72,95,8189,3,0,20,3,8.3975,72954,-666838206,3472,0,3905,891433783
342,2.61495,48,0,95,0,69.874,48,8191,89,0,105,0,8.10688,73059,-282492964,3561,0,4000,4679312538
563,4.30483,52,0,4,0,71.029,52,8189,4,0,213,4,9.36115,73272,-1775970924,3565,0,4004,2801489336
514,3.93011,55,0,4,0,91.16,55,8189,4,0,184,4,9.26938,73456,769995926,3569,0,4008,2545966850
595,4.54944,56,0,4,0,61.546,59,8191,4,0,195,4,8.58106,73651,-506566960,3573,0,4012,3018404410
597,4.56462,53,0,5,0,91.575,62,8191,5,0,217,5,9.72826,73868,-1968693900,3578,0,4017,2832840356
605,4.62587,64,0,5,0,79.227,65,8191,5,0,181,5,10.646,74049,819523858,3583,0,4022,2788217758
580,4.43482,66,0,8,0,84.054,68,8191,8,0,195,8,8.0151,74244,-680582276,3591,0,4030,2794861162
573,4.38127,71,0,6,0,94.122,71,8190,6,0,220,6,7.71683,74464,1947071254,3597,0,4036,2627653530
638,4.87821,74,0,5,0,93.569,74,8191,5,0,184,5,10.6307,74648,601596350,3602,0,4041,2949492392
592,4.52657,77,0,5,0,81.638,77,8189,5,0,226,5,11.0131,74874,-1094974096,3607,0,4046,2598396850
580,4.4348,79,0,6,0,115.551,79,8191,6,0,180,6,10.9902,75054,1748863320,3613,0,4052,2843837416
619,4.73311,81,0,5,0,112.467,81,8190,5,0,197,5,9.34586,75251,304254934,3618,0,4057,2850358910
637,4.87045,83,0,4,0,84.054,83,8189,4,0,167,4,10.3019,75418,-1286406074,3622,0,4061,2704306288
605,4.62605,61,0,6,0,98.382,85,8189,6,0,171,6,8.74931,75589,1669701726,3628,0,4067,2956107800
608,4.64877,88,0,6,0,86.322,88,8189,6,0,225,6,9.08582,75814,-8893714,3634,0,4073,2616371856
613,4.68716,79,0,8,0,110.729,90,8189,8,0,185,8,8.7952,75999,-1316640116,3642,0,4081,2987220894
596,4.55704,92,0,5,0,104.7,92,8191,5,0,166,5,8.40515,76165,1380090998,3647,0,4086,2696731114
557,4.25896,67,0,5,0,152.492,94,8189,5,0,157,5,7.69389,76322,-8832738,3652,0,4091,2906043560
633,4.83995,93,0,5,0,86.654,96,8191,5,0,215,5,7.67094,76537,-1576190464,3657,0,4096,2727609570
624,4.77114,97,0,4,0,110.739,97,8191,4,0,133,4,7.8239,76670,1220099158,3661,0,4100,2796289622
619,4.73304,75,0,5,0,136.967,99,8191,5,0,186,5,8.34397,76856,-248813158,3666,0,4105,2826054980
311,2.3779,100,0,5,0,109.619,100,8190,5,0,95,5,8.19101,76951,1143564150,3671,0,4110,1392377308
221,1.68978,50,0,100,0,46.22,50,8189,58,0,59,0,7.95392,77010,1077017780,3729,0,4210,4228420926
566,4.32785,54,0,4,0,69.549,54,8191,4,0,237,4,9.21584,77247,-414923300,3733,0,4214,2803026216
542,4.14425,54,0,3,0,67.031,58,8189,3,0,198,3,9.07053,77445,-1931443966,3736,0,4217,2778446630
566,4.32769,58,0,4,0,97.751,61,8191,4,0,172,4,7.8392,77617,785722626,3740,0,4221,2717166592
628,4.80172,55,0,3,0,87.334,64,8189,3,0,230,3,7.51034,77847,-658180657,3743,0,4224,2851064013
589,4.50397,67,0,6,0,84.326,67,8191,6,0,169,6,9.25408,78016,-2127175972,3749,0,4230,2825971981
526,4.02186,69,0,5,0,102.755,69,8190,5,0,172,5,8.87933,78188,505992566,3754,0,4235,2633168538
607,4.64125,72,0,5,0,91.1,72,8189,5,0,202,5,8.0304,78390,-867364136,3759,0,4240,2921610594
567,4.33564,68,0,4,0,111.638,75,8189,4,0,182,4,7.38032,78572,1951743920,3763,0,4244,2819108056
605,4.62368,73,0,2,0,123.144,78,8189,2,0,239,2,7.99216,78811,400295302,3765,0,4246,2743518678
584,4.46532,80,0,7,0,90.768,80,8190,7,0,162,7,9.29997,78973,-1193199216,3772,0,4253,2701472778
637,4.87067,78,0,5,0,68.38,82,8189,5,0,179,5,9.11642,79152,1704816380,3777,0,4258,2898015596
579,4.42715,67,0,8,0,100.344,84,8189,8,0,136,8,7.6633,79288,257131210,3785,0,4266,2847282126
647,4.94721,76,0,4,0,65.697,86,8189,4,0,240,4,8.96346,79528,-1250203798,3789,0,4270,2787632288
592,4.5265,86,0,4,0,81.649,88,8189,4,0,167,4,12.2521,79695,1490951958,3793,0,4274,2741155756
660,5.04662,91,0,6,0,102.909,91,8189,6,0,201,6,7.95392,79896,51417008,3799,0,4280,2855432346
640,4.89362,85,0,3,0,115.922,93,8189,3,0,199,3,7.91568,80095,-1468594900,3802,0,4283,2774955388
630,4.81734,94,0,10,0,94.239,94,8191,10,0,138,10,8.95581,80233,1335355198,3812,0,4293,2803950098
641,4.90108,95,0,17,0,104.515,95,8162,17,0,120,17,9.0017,80353,-206725052,3829,0,4310,2752887046
662,5.06201,95,0,5,0,128.282,98,8191,5,0,199,5,10.2407,80552,-1732471390,3834,0,4315,2769220958
531,4.0601,58,0,3,0,145.525,99,8092,3,0,154,3,10.2407,80706,1123089570,3837,0,4318,2855560960
623,4.76374,101,0,7,0,84.669,101,8189,7,0,177,7,9.72826,80883,-627495606,3844,0,4325,2544382120
676,5.16915,95,0,8,0,82.361,102,8189,6,0,144,8,8.2216,81027,-1927963184,3850,0,4333,2994499718
491,3.75422,103,0,7,0,92.731,103,8156,9,0,75,7,7.49504,81102,-81424324,3859,0,4340,1846538860
135,1.03219,18,0,103,0,79.809,18,8189,90,0,16,0,8.42045,81118,-579434272,3949,0,4443,3796957348
550,4.20542,54,0,3,0,78.654,54,8191,3,0,216,3,9.69766,81334,-2079485640,3952,0,4446,2794915928
480,3.67041,57,0,5,0,81.682,57,8191,5,0,162,5,9.74355,81496,538162864,3957,0,4451,2617648504
541,4.13653,60,0,5,0,85.531,60,8189,5,0,163,5,7.60211,81659,-793326714,3962,0,4456,2963477718
566,4.32757,62,0,1,0,86.364,64,8191,1,0,259,1,7.12029,81918,1946980272,3963,0,4457,2740306986
570,4.35827,67,0,4,0,86.466,67,8190,4,0,194,4,7.40326,82112,253926616,3967,0,4461,2601913640
630,4.8169,70,0,4,0,93.954,70,8189,4,0,221,4,8.61165,82333,-1043963196,3971,0,4465,2997077484
551,4.21299,68,0,6,0,101.123,72,8129,6,0,144,6,10.4854,82477,1735945198,3977,0,4471,2779908394
472,3.60892,71,0,2,0,103.831,74,8187,2,0,160,2,8.0457,82637,291595084,3979,0,4473,2850617182
625,4.77883,76,0,6,0,99.937,76,8189,6,0,176,6,9.06288,82813,-1200159436,3985,0,4479,2803212776
635,4.8552,76,0,7,0,74.925,79,8189,7,0,207,7,8.43574,83020,1560820287,3992,0,4486,2760979723
615,4.7026,72,0,4,0,94.225,82,8189,4,0,201,4,8.93286,83221,76313072,3996,0,4490,2810460081
624,4.77108,82,0,3,0,125.512,84,8189,3,0,236,3,9.88886,83457,-1524142908,3999,0,4493,2694511316
574,4.38889,69,0,7,0,89.594,86,8189,7,0,138,7,9.91946,83595,1265877224,4006,0,4500,2790020132
655,5.00844,87,0,5,0,105.959,88,8191,5,0,195,5,9.49882,83790,-108305846,4011,0,4505,2920784226
654,5.00095,89,0,6,0,73.849,90,8191,6,0,183,6,8.06864,83973,-1607959110,4017,0,4511,2795314032
559,4.27441,65,0,7,0,129.858,92,8191,7,0,160,7,7.60211,84133,1184352146,4024,0,4518,2792311256
584,4.46532,72,0,7,0,149.362,94,8184,7,0,163,7,7.80861,84296,-389978714,4031,0,4525,2720636436
582,4.45,85,0,4,0,134.883,95,8191,4,0,152,4,8.61165,84448,-1840994680,4035,0,4529,2843951330
564,4.31245,90,0,8,0,161.101,97,8191,8,0,121,8,7.92333,84569,921523768,4043,0,4537,2762518448
627,4.79404,91,0,10,0,81.838,98,8189,10,0,123,10,7.42621,84692,-580004040,4053,0,4547,2793439488
585,4.47315,99,0,14,0,99.489,99,8191,14,0,80,14,7.48739,84772,2014426610,4067,0,4561,2594430650
606,4.63354,79,0,2,0,111.91,101,8191,2,0,195,2,9.26938,84967,767831040,4069,0,4563,3048371726
614,4.6947,102,0,20,0,74.741,102,8189,20,0,118,20,7.19677,85085,-864538816,4089,0,4583,2662597440
685,5.23759,100,0,8,0,128.393,103,8189,8,0,128,8,6.27901,85213,1984361798,4097,0,4591,2848900614
235,1.79677,104,0,7,0,135.109,104,8157,7,0,48,7,6.46256,85261,-980701622,4104,0,4598,1329903876
275,2.10259,52,0,105,0,74,52,8191,60,0,85,1,6.33254,85346,-1000021376,4164,0,4703,4275647542
488,3.73129,55,0,4,0,74.904,55,8136,4,0,146,4,6.86026,85492,1764457588,4168,0,4707,2764478964
554,4.23627,58,0,5,0,80.591,58,8190,5,0,197,5,7.33443,85689,307939234,4173,0,4712,2838448942
597,4.56496,56,0,5,0,100.202,61,8189,5,0,191,5,7.91568,85880,-1151226590,4178,0,4717,2835801472
583,4.45766,53,0,4,0,84.304,65,8189,4,0,212,4,9.06288,86092,1638933060,4182,0,4721,2790159650
474,3.6245,67,0,6,0,92.626,67,8189,6,0,167,6,8.34397,86259,-14378840,4188,0,4727,2641655396
632,4.83264,71,0,3,0,75.739,71,8191,3,0,228,3,8.02275,86487,-1415780790,4191,0,4730,2893565346
575,4.3968,73,0,3,0,88.025,73,8189,3,0,187,3,9.50646,86674,1441560284,4194,0,4733,2857341074
61,0.466429,74,0,1,0,100.612,74,8189,1,0,30,1,10.0418,86704,1741055620,4195,0,4734,299495336
424,3.24194,40,0,74,0,54.728,40,8189,59,0,168,0,11.1355,86872,-1681404254,4254,0,4808,5167474718
583,4.45766,46,0,3,0,56.413,46,8190,3,0,252,3,9.71296,87124,1025729896,4257,0,4811,2707134150
606,4.63361,51,0,2,0,67.886,51,8187,2,0,239,2,8.24454,87363,-285296258,4259,0,4813,2983941142
565,4.31991,55,0,4,0,79.095,55,8189,4,0,210,4,6.99027,87573,-1777307678,4263,0,4817,2802955876
561,4.28937,58,0,7,0,91.457,58,8191,7,0,174,7,7.98451,87747,997710512,4270,0,4824,2775018190
536,4.09842,60,0,2,0,96.776,61,8189,2,0,214,2,8.2369,87961,-528371000,4272,0,4826,2768885784
526,4.02183,64,0,6,0,87.853,64,8190,6,0,202,6,8.0151,88163,2014861188,4278,0,4832,2543232188
617,4.71752,68,0,3,0,76.467,68,8189,3,0,217,3,8.51222,88380,773771880,4281,0,4835,3053877988
464,3.54795,62,0,2,0,111.343,70,8189,2,0,170,2,8.12218,88550,-711013479,4283,0,4837,2810181937


