SendPacket,SendRate(Mb/s),FlightSize,ReceiveRate(Mb/s),Send Loss,Recv Loss,RTT(ms),CWnd,FlowWindow,Retrans,PktSndPeriod(us),RecvACK,RecvNAK,EstimatedBandwidth(Mb/s),Retrans_Total,NAK_TotalRecv,Total Send Loss,Total Recv Loss,Timeout,usSndDuration
251,0.872614,16,0,1,0,35.068,16,8189,1,0,127,0,3.79757,127,1236500856,1,0,1,-389724095938184
721,2.62955,31,0,0,0,32.715,31,8189,0,0,359,0,4.58189,486,-221880772,1,0,1,2836585668
1157,4.21988,114,0,1,0,71.416,131,8189,1,0,479,1,6.28186,965,-1726110804,2,0,2,2790737264
1274,4.64673,111,0,5,0,99.091,206,8189,5,0,394,5,7.04429,1359,1076469144,7,0,7,2802579948
1246,4.54469,243,0,5,0,131.522,250,8191,5,0,320,5,9.57235,1679,-420507614,12,0,12,2797990538
1349,4.92019,170,0,5,0,82.505,305,8190,5,0,479,5,7.84685,2158,-1972687576,17,0,17,2742787334
1343,4.89802,181,0,5,0,99.866,351,8129,5,0,466,5,10.032,2624,827188020,22,0,22,2799875596
1367,4.98559,144,0,9,0,97.965,381,8144,9,0,347,9,19.152,2971,-710923366,31,0,31,2756855910
1461,5.32853,233,0,10,0,94.781,403,8190,10,0,270,10,7.68998,3241,2111644112,41,0,41,2822567478
1380,5.03299,284,0,5,0,122.715,425,8189,5,0,284,5,5.67994,3525,532300902,46,0,46,2715624086
1295,4.71962,182,0,5,0,64.941,452,8187,5,0,367,5,7.64621,3892,-833348842,51,0,51,2929317552
1232,4.49334,220,0,8,0,111.178,469,8190,8,0,249,8,7.05523,4141,1794188784,59,0,59,2627537626
497,1.81271,471,0,6,0,98.744,471,8133,6,0,28,6,7.71552,4169,-1908957912,65,0,65,591820600
631,2.30151,94,0,471,0,94.447,115,8191,105,0,220,0,7.91981,4389,-1040666416,170,0,536,5163258792
1193,4.35124,107,0,5,0,94.095,193,8189,5,0,380,5,7.48205,4769,1715914300,175,0,541,2756580716
1350,4.92376,146,0,7,0,88.061,238,8191,7,0,301,7,7.44557,5070,231719682,182,0,548,2810772678
1345,4.90564,1,0,4,0,92.797,283,7909,4,0,371,4,6.72326,5441,-1248559864,186,0,552,2814687750
1304,4.75569,215,0,7,0,91.717,321,8190,7,0,358,7,6.76704,5799,1447303138,193,0,559,2695863002
627,2.2867,322,0,22,0,90.126,322,8150,22,0,12,22,6.44966,5811,-1550199024,215,0,581,1297465134
213,0.776839,38,0,322,0,33.858,38,8189,106,0,37,0,5.84045,5848,-1470794234,321,0,903,4374372086
1261,4.59915,157,0,3,0,79.781,173,8185,3,0,445,3,7.4784,6293,1322274828,324,0,906,2793069062
1072,3.90972,225,0,5,0,161.266,225,8190,5,0,322,5,7.92346,6615,-223006830,329,0,911,2749685638
1246,4.54435,147,0,3,0,90.882,274,8190,3,0,388,3,7.15008,7003,-1672626586,332,0,914,2845347540
1244,4.53736,103,0,6,0,104.51,311,8189,6,0,337,6,11.0352,7340,1128469950,338,0,920,2801096536
1203,4.38753,345,0,3,0,180.693,345,8189,3,0,346,3,6.90202,7686,-568669162,341,0,923,2597828184
1464,5.33937,117,0,3,0,75.278,385,8189,3,0,454,3,6.73056,8140,-1893737456,344,0,926,2969899002
1359,4.95638,149,0,6,0,78.892,415,8189,6,0,376,6,7.67174,8516,900756736,350,0,932,2794494192
1323,4.82515,149,0,6,0,101.144,442,8189,6,0,362,6,7.33978,8878,-608042350,356,0,938,2786168210
1353,4.93434,148,0,2,0,89.905,477,8187,2,0,511,2,7.6681,9389,-2097319234,358,0,940,2805690412
1447,5.27763,133,0,9,0,80.431,499,8189,9,0,336,9,8.62387,9725,714539004,367,0,949,2811858238
1444,5.26668,112,0,11,0,91.984,521,8189,11,0,349,11,8.44147,10074,-793772714,378,0,960,2786655578
1306,4.76301,102,0,7,0,88.477,542,8189,7,0,344,7,5.89517,10418,1965358444,385,0,967,2759131158
1307,4.76673,171,0,3,0,87.175,569,8189,3,0,481,3,7.49299,10899,466534204,388,0,970,2796143056
1383,5.04421,147,0,8,0,74.126,589,8191,8,0,348,8,6.99322,11247,-1056555589,396,0,978,2771877503
1357,4.94889,146,0,9,0,85.521,603,8191,9,0,262,9,7.0151,11509,1731206966,405,0,987,2787762555
1128,4.11389,604,0,27,0,93.356,604,8191,27,0,23,27,6.6576,11532,-1118158956,432,0,1014,1445601374
107,0.390237,3,0,604,0,91.208,3,7587,104,0,1,0,6.40954,11533,-1380875386,536,0,1618,4032250866
1195,4.35835,168,0,2,0,92.158,168,8190,2,0,455,2,7.24858,11988,1474253912,538,0,1620,2855129298
1464,5.33931,128,0,8,0,94.19,228,8189,8,0,375,8,7.42003,12363,75284196,546,0,1628,2895997580
1347,4.91295,183,0,3,0,141,290,8189,3,0,497,3,8.31379,12860,-1409268948,549,0,1631,2810414152
1303,4.75256,117,0,5,0,125.971,325,8189,5,0,340,5,6.17606,13200,1367562312,554,0,1636,2776831260
1450,5.2884,245,0,6,0,89.864,360,8191,6,0,374,6,6.21984,13574,-307206648,560,0,1642,2620198336
1347,4.91247,332,0,3,0,166.104,401,8190,3,0,483,3,9.31699,14057,-1826167466,563,0,1645,2776006478
1381,5.03651,184,0,18,0,91.42,414,8085,18,0,174,18,7.59514,14231,1014656915,581,0,1663,2840824381
345,1.25828,414,0,15,0,97.403,414,8152,15,0,3,15,7.80307,14234,1320285228,596,0,1678,305628313
640,2.33402,113,0,414,0,67.092,113,8189,105,0,215,0,6.45331,14449,-1856711162,701,0,2092,5412938202
1241,4.52632,176,0,6,0,95.94,186,8189,6,0,340,6,5.98637,14789,915334128,707,0,2098,2772045290
1384,5.04789,145,0,6,0,88.737,235,8190,6,0,325,6,6.42778,15114,-567663056,713,0,2104,2811970112
1363,4.97127,157,0,3,0,112.586,283,8189,3,0,387,3,7.82861,15501,-2064030114,716,0,2107,2798600238
1349,4.92018,301,0,4,0,150.197,324,8189,4,0,389,4,8.37946,15890,701427840,720,0,2111,2765457954
1262,4.60263,350,0,7,0,122.045,350,8190,7,0,276,7,9.17472,16166,-888699066,727,0,2118,2704840390
1386,5.05512,189,0,7,0,117.885,373,8190,7,0,256,7,7.54771,16422,1887505050,734,0,2125,2776204116
1295,4.72296,210,0,27,0,85.708,384,8166,26,0,137,27,7.19386,16559,539821240,760,0,2152,2947283486
1375,5.01473,370,0,14,0,98.977,407,8190,15,0,281,14,7.64986,16840,-1129771416,775,0,2166,2625374640
1526,5.56543,440,0,3,0,137.214,443,8190,3,0,481,3,9.46656,17321,1727996980,778,0,2169,2857768396
1337,4.87523,123,0,6,0,121.446,468,8189,6,0,351,6,6.31834,17672,351277884,784,0,2175,2918248200
1370,4.99688,138,0,6,0,257.878,488,8189,6,0,310,6,6.41318,17982,-1164705862,790,0,2181,2778983550
1285,4.68651,122,0,3,0,88.72,521,8189,3,0,508,3,8.76614,18490,1587826060,793,0,2184,2752531922
1354,4.93761,184,0,13,0,92.443,530,8189,13,0,151,13,7.43462,18641,-12792320,806,0,2197,2694348916
1442,5.25907,163,0,3,0,117.181,553,8189,3,0,389,3,7.13549,19030,-1372148700,809,0,2200,2935610916
1268,4.62452,130,0,7,0,103.688,575,8191,7,0,392,7,7.35072,19422,1380197456,816,0,2207,2752346156
1371,4.99991,133,0,22,0,113.432,581,8191,22,0,104,22,7.68634,19526,-121845888,838,0,2229,2792923952
1304,4.75571,394,0,22,0,88.542,585,8139,22,0,73,22,6.68678,19599,-2100444710,860,0,2251,2316368474
196,0.714859,585,0,5,0,88.542,585,8139,5,0,0,5,6.68678,19599,-2100444710,865,0,2256,0
842,3.07091,125,0,586,0,71.69,126,8189,106,0,262,1,7.2121,19861,-291563696,971,0,2842,6103848310
1300,4.74134,219,0,1,0,106.227,220,8189,1,0,508,1,6.13594,20369,-1805521628,972,0,2843,2781009364
882,3.21666,244,0,7,0,86.385,244,8112,7,0,177,7,7.91251,20546,-168285062,979,0,2850,1637236566
196,0.714823,33,0,244,0,38.932,33,8189,106,0,31,0,7.15738,20577,-503337994,1085,0,3094,3959914364
1172,4.27435,165,0,4,0,84.998,165,8190,4,0,408,4,9.61978,20985,-2072974024,1089,0,3098,2725331266
1290,4.70474,142,0,5,0,79.966,236,8189,5,0,444,5,6.84365,21429,757289958,1094,0,3103,2830263982
1318,4.8068,186,0,4,0,73.027,281,8171,4,0,365,4,6.48979,21794,-733389278,1098,0,3107,2804288060
1497,5.45967,325,0,3,0,153.589,332,8189,3,0,494,3,11.1665,22288,2041966060,1101,0,3110,2775355338
1371,5.00011,214,0,3,0,96.627,371,8189,3,0,427,3,5.81856,22715,548270352,1104,0,3113,2801271588
1422,5.18646,130,0,3,0,87.577,413,8189,3,0,521,3,7.80307,23236,-900902828,1107,0,3116,2845794116
1389,5.06616,301,0,4,0,87.047,435,8191,4,0,285,4,7.25587,23521,1894755198,1111,0,3120,2795658026
1232,4.49313,113,0,6,0,105.166,462,8189,6,0,374,6,7.97088,23895,379208280,1117,0,3126,2779420378
1360,4.96,217,0,10,0,124.89,480,8190,10,0,268,10,8.31379,24163,-1151461802,1127,0,3136,2764297214
1419,5.17501,145,0,5,0,203.775,498,8189,5,0,274,5,8.05478,24437,1677097876,1132,0,3141,2828559678
1268,4.6245,117,0,7,0,102.013,515,8189,7,0,275,7,9.28051,24712,106175386,1139,0,3148,2724044806
1375,5.01488,133,0,18,0,88.434,524,8191,18,0,141,18,6.51168,24853,-1354085462,1157,0,3166,2834706448
1219,4.44595,528,0,18,0,87.671,528,8165,18,0,68,18,8.1241,24921,473023150,1175,0,3184,1827108612
202,0.736738,36,0,528,0,50.256,36,8189,104,0,34,0,7.28506,24955,-70844416,1279,0,3712,3751099730
1187,4.32906,171,0,0,0,135.876,188,8189,0,0,532,0,7.58054,25487,-1562780810,1279,0,3712,2803030902
1245,4.54061,126,0,3,0,85.175,243,8189,3,0,374,3,7.53677,25861,1234444082,1282,0,3715,2797224892
1256,4.58085,201,0,4,0,118.435,295,8189,4,0,436,4,6.48614,26297,-319573912,1286,0,3719,2740949302
1323,4.82275,104,0,6,0,118.901,332,8189,6,0,368,6,7.91616,26665,-1732147932,1292,0,3725,2882393276
1287,4.69367,110,0,5,0,107.471,357,8189,5,0,260,5,7.54771,26925,1048384218,1297,0,3730,2780532150
1344,4.90203,147,0,3,0,82.968,396,8189,3,0,468,3,22.5702,27393,-443418620,1300,0,3733,2803164458
1361,4.96369,318,0,7,0,189.295,423,8191,7,0,342,7,12.2463,27735,-2006284950,1307,0,3740,2732100966
1440,5.25163,398,0,7,0,102.764,442,8191,7,0,251,7,5.79302,27986,795512594,1314,0,3747,2801797544
1349,4.9182,186,0,7,0,77.249,469,8132,6,0,393,7,5.23853,28379,-706710314,1320,0,3754,2792744388
1431,5.21936,165,0,28,0,113.51,478,8189,29,0,128,28,7.93075,28507,2121531390,1349,0,3782,2828241704
1123,4.09591,491,0,11,0,121.258,491,8147,11,0,196,11,7.25952,28703,-294654268,1360,0,3793,1878781638
108,0.393901,3,0,491,0,119.364,3,7701,106,0,1,0,7.03334,28704,-960623794,1466,0,4284,3628997770
976,3.55953,106,0,3,0,96.249,139,8189,3,0,316,3,6.3913,29020,1904657024,1469,0,4287,2865280818
1246,4.54464,142,0,6,0,127.006,216,8189,6,0,431,6,8.72602,29451,450350292,1475,0,4293,2840660564
1373,5.00744,135,0,11,0,92.46,257,8189,11,0,302,11,8.14598,29753,-1103590240,1486,0,4304,2741026764
1292,4.71201,247,0,13,0,83.634,283,8138,13,0,221,13,8.01101,29974,1677326444,1499,0,4317,2780916684
1342,4.89441,196,0,5,0,103.647,321,8189,5,0,359,5,6.28186,30333,146292166,1504,0,4322,2763933018
1369,4.99273,131,0,11,0,95.987,340,8189,11,0,194,11,6.65395,30527,-1283627574,1515,0,4333,2865047556
1386,5.05484,163,0,5,0,83.644,369,8189,5,0,317,5,12.0858,30844,1477286232,1520,0,4338,2760913806
1309,4.77313,307,0,6,0,70.944,397,8189,6,0,340,6,7.13549,31184,-94754718,1526,0,4344,2722926346
1167,4.25613,399,0,39,0,97.933,399,8160,39,0,31,39,5.84045,31215,2124202232,1565,0,4383,2218956950
0,0,399,0,0,0,97.933,399,8160,0,0,0,0,5.84045,31215,2124202232,1565,0,4383,0
1011,3.68729,109,0,403,0,72.116,131,8189,234,0,281,4,6.55181,31496,-254760628,1799,0,4786,6210971732
1340,4.8872,130,0,2,0,94.716,221,8189,2,0,499,2,7.73011,31995,-1690444812,1801,0,4788,2859283112
1358,4.95308,163,0,4,0,73.815,268,8189,4,0,359,4,7.81766,32354,1095623228,1805,0,4792,2786068040
1367,4.98571,132,0,8,0,111.475,299,8189,8,0,272,8,7.01875,32626,-391792370,1813,0,4800,2807551698
1388,5.06219,261,0,12,0,103.683,319,8189,12,0,197,12,7.2887,32823,-1971121662,1825,0,4812,2715638004
1455,5.30666,252,0,7,0,123.291,368,8141,7,0,530,7,8.05478,33353,819320424,1832,0,4819,2790442086
1391,5.07339,271,0,7,0,148.959,386,8187,7,0,212,7,5.472,33565,-638965024,1839,0,4826,2836681848
1383,5.04387,197,0,6,0,131.29,406,8189,6,0,242,6,9.05434,33807,-2133858876,1845,0,4832,2800073444
1469,5.35786,203,0,2,0,244.606,447,8187,2,0,543,2,12.8519,34350,702207112,1847,0,4834,2836065988
1334,4.86524,247,0,5,0,135.327,468,8189,5,0,305,5,6.96768,34655,-1037205532,1852,0,4839,2555554652
1396,5.09128,182,0,6,0,95.533,490,8026,6,0,335,6,8.208,34990,1813737528,1858,0,4845,2850943060
1337,4.87616,160,0,5,0,108.824,511,8191,5,0,327,5,6.12864,35317,496855244,1863,0,4850,2978085012
1338,4.87976,132,0,6,0,133.17,528,8189,6,0,276,6,6.50438,35593,-1027769316,1869,0,4856,2770342736
1381,5.0367,131,0,7,0,112.415,546,8189,7,0,299,7,6.64301,35892,1781221890,1876,0,4863,2808991206
1416,5.16405,291,0,12,0,135.603,553,8134,12,0,114,12,7.20115,36006,46262240,1888,0,4875,2560007646
1533,5.59097,371,0,28,0,95.355,556,8191,28,0,63,28,8.3977,36069,-1209633608,1916,0,4903,3039071448
1658,6.04736,368,0,0,0,295.96,591,8189,0,0,620,0,27.9254,36689,1562238250,1916,0,4903,2771871858
1854,6.76228,301,0,6,0,179.693,632,8189,6,0,781,6,15.4821,37470,69540678,1922,0,4909,2802269724
1324,4.8288,219,0,12,0,83.933,649,8132,12,0,340,12,43.9803,37810,-1464763008,1934,0,4921,2760663610
1460,5.32498,352,0,9,0,162.905,665,8187,9,0,346,9,8.21165,38156,1375394354,1943,0,4930,2840157362
1377,5.02193,173,0,5,0,91.311,681,8189,5,0,327,5,5.80762,38483,-159009430,1948,0,4935,2760563512
1390,5.06987,220,0,6,0,111.932,695,8189,6,0,301,6,7.62432,38784,-1630861928,1954,0,4941,2823114798
1340,4.88718,192,0,15,0,108.505,700,8191,15,0,117,15,7.37626,38901,1168132246,1969,0,4956,2798994174
1305,4.75973,243,0,12,0,114.103,707,8147,11,0,149,12,7.67539,39050,-477846040,1980,0,4968,2648989010
1368,4.98938,148,0,4,0,175.089,724,8189,5,0,371,4,6.1177,39421,-1837128836,1985,0,4972,2935684500
1386,5.05509,176,0,6,0,89.13,738,8187,6,0,332,6,6.68678,39753,956453998,1991,0,4978,2793582834
1236,4.50765,309,0,28,0,95.668,743,8155,28,0,101,28,7.42368,39854,-776908070,2019,0,5006,2561605228
1416,5.16428,183,0,29,0,127.386,750,8191,29,0,169,28,9.47021,40023,-2076744990,2048,0,5035,2995130376
1429,5.21212,120,0,10,0,94.557,761,8189,10,0,261,10,7.05888,40284,758767116,2058,0,5045,2835512106
1359,4.95642,291,0,3,0,104.727,778,8189,3,0,406,3,7.06618,40690,-783491200,2061,0,5048,2752708980
1489,5.43051,132,0,7,0,154.943,790,8189,7,0,292,7,7.51488,40982,2043180942,2068,0,5055,2826672142
1420,5.17865,132,0,2,0,198.707,803,8189,2,0,335,2,7.44922,41317,537259626,2070,0,5057,2789045980
1347,4.91258,141,0,5,0,107.508,816,8189,5,0,319,5,7.54406,41636,-976649460,2075,0,5062,2781058210
1519,5.53991,113,0,3,0,179.108,831,8189,3,0,382,3,6.42778,42018,1822154576,2078,0,5065,2798804036
1432,5.22261,297,0,2,0,109.303,848,8189,2,0,460,2,8.98867,42478,336856352,2080,0,5067,2809669072
1421,5.1825,175,0,7,0,153.534,858,8116,7,0,258,7,8.27002,42736,-1159697508,2087,0,5074,2798413436
1355,4.94177,121,0,8,0,146.659,865,8189,8,0,184,8,6.32928,42920,1615521120,2095,0,5082,2775218628
1251,4.56255,180,0,11,0,111.606,870,8129,11,0,157,11,6.89472,43077,87633286,2106,0,5093,2767079462
1405,5.12458,200,0,15,0,96.318,876,8156,15,0,141,15,9.46656,43218,-1448019410,2121,0,5108,2759314600
1321,4.81811,146,0,7,0,122.834,888,8191,7,0,348,7,11.4803,43566,1392591538,2128,0,5115,2840610948
837,3.0527,888,0,18,0,120.182,888,8191,18,0,1,18,11.3672,43567,1606065232,2146,0,5133,213473694
145,0.528825,16,0,888,0,80.343,16,8189,105,0,14,0,9.22944,43581,-1600952562,2251,0,6021,5382916798
1190,4.34026,103,0,1,0,118.77,175,8189,1,0,479,1,7.9344,44060,1186078538,2252,0,6022,2787031100
1324,4.82855,229,0,3,0,137.427,238,8189,3,0,412,3,7.20845,44472,-307468766,2255,0,6025,2801419992
1361,4.9638,120,0,4,0,102.391,298,8189,4,0,496,4,9.01421,44968,-1787848440,2259,0,6029,2814587622
1320,4.81385,171,0,11,0,84.083,323,8189,11,0,242,11,6.43142,45210,962900792,2270,0,6040,2750749232
1426,5.20087,154,0,8,0,152.553,342,8189,8,0,204,8,7.89427,45414,-514753432,2278,0,6048,2817313072
1384,5.04749,216,0,24,0,84.424,357,8129,24,0,161,24,7.14278,45575,-1989987154,2302,0,6072,2819733574
492,1.79436,358,0,23,0,91.941,358,8191,23,0,11,23,7.62797,45586,-1328185854,2325,0,6095,661801300
393,1.43328,65,0,358,0,58.84,65,8189,175,0,81,0,6.46426,45667,-836250888,2500,0,6453,4786902262
1308,4.77035,194,0,0,0,146.656,205,8189,0,0,594,0,7.98912,46261,2044720638,2500,0,6453,2880971526
1461,5.32835,136,0,3,0,121.976,288,8189,3,0,638,3,8.70413,46899,560375298,2503,0,6456,2810621956
1361,4.96387,109,0,5,0,121.664,318,7960,5,0,282,5,10.8346,47181,-915658526,2508,0,6461,2818933472
1390,5.06963,229,0,2,0,168.348,355,8187,2,0,388,2,6.9312,47569,1844878372,2510,0,6463,2760536898
1551,5.65637,115,0,7,0,99.749,375,8189,7,0,230,7,7.62797,47799,283322624,2517,0,6470,2733411548
1285,4.68684,237,0,1,0,128.886,409,8179,1,0,414,1,46.0122,48213,-1181698868,2518,0,6471,2829945804
1499,5.46732,123,0,3,0,116.842,447,8189,3,0,520,3,6.58829,48733,1671077310,2521,0,6474,2852776178
1242,4.52971,172,0,4,0,120.119,473,8189,4,0,374,4,6.42048,49107,168850552,2525,0,6478,2792740538
1306,4.76334,203,0,2,0,117.252,503,8189,2,0,449,2,8.37216,49556,-1320191300,2527,0,6480,2805925444
1292,4.71206,208,0,5,0,121.148,518,8189,5,0,249,5,7.17197,49805,1409798330,2532,0,6485,2729989630
1381,5.03663,511,0,3,0,198.382,538,8189,3,0,317,3,8.15693,50122,-269454456,2535,0,6488,2615714510
1388,5.06237,132,0,5,0,116.718,558,8191,5,0,343,5,7.59878,50465,-1562591942,2540,0,6493,3001829810
1348,4.91649,166,0,5,0,94.844,572,8189,5,0,258,5,6.23443,50723,1260964878,2545,0,6498,2823556820
1258,4.58803,192,0,4,0,136.954,593,8189,4,0,381,4,11.9326,51104,-254421544,2549,0,6502,2779580874
1329,4.84668,174,0,5,0,107.931,615,8190,5,0,421,5,5.49754,51525,-1792577134,2554,0,6507,2756811706
1356,4.9455,171,0,7,0,85.037,630,8185,7,0,290,7,6.25632,51815,910261174,2561,0,6514,2702838308
1335,4.86887,207,0,8,0,92.928,641,8189,8,0,220,8,23.2086,52035,-704225718,2569,0,6522,2680480404
1426,5.20067,434,0,4,0,173.359,650,8189,4,0,172,4,7.66445,52207,-2021277066,2573,0,6526,2977915948
1244,4.53696,255,0,5,0,136.161,667,8190,5,0,354,5,7.19021,52561,627788724,2578,0,6531,2649065790
1397,5.09518,111,0,6,0,76.668,680,8191,6,0,277,6,8.04019,52838,-648650038,2584,0,6537,3018528534
1305,4.75945,629,0,19,0,80.787,683,8191,19,0,52,19,9.38266,52890,1273170632,2603,0,6556,1921820670
58,0.211518,683,0,4,0,80.787,683,8191,4,0,0,4,9.38266,52890,1273170632,2607,0,6560,0
731,2.66616,121,0,683,0,71.959,125,8191,106,0,259,0,6.35117,53149,-858880024,2713,0,7243,6457883936
1215,4.43141,162,0,3,0,120.43,217,8190,3,0,490,3,7.85779,53639,1911306822,2716,0,7246,2770186846
1159,4.22698,124,0,4,0,162.279,255,8189,4,0,284,4,8.95219,53923,419212228,2720,0,7250,2802872702
1391,5.07352,235,0,4,0,156.819,301,8189,4,0,398,4,8.208,54321,-1057606000,2724,0,7254,2818149068
1260,4.59558,325,0,2,0,149.803,342,8189,2,0,417,2,8.22259,54738,1726892906,2726,0,7256,2784498906
1284,4.68288,202,0,7,0,79.181,375,8190,7,0,372,7,7.13914,55110,90845898,2733,0,7263,2658920288
1277,4.65772,148,0,3,0,132.663,407,8189,3,0,386,3,7.15008,55496,-1270616246,2736,0,7266,2933505152
1294,4.71937,125,0,4,0,114.888,434,8187,4,0,359,4,7.35072,55855,1466693789,2740,0,7270,2737310035
1359,4.95645,178,0,10,0,86.866,454,8189,10,0,268,10,6.28915,56123,24526606,2750,0,7280,2852800113
1231,4.48957,148,0,3,0,158.53,478,8189,3,0,360,3,7.752,56483,-1494848416,2753,0,7283,2775592274
1313,4.78859,192,0,11,0,137.171,491,8086,11,0,191,11,7.5769,56674,1184105526,2764,0,7294,2678953942
1321,4.81777,168,0,18,0,69.185,496,8189,18,0,76,18,6.70138,56750,-225219752,2782,0,7312,2885642018
1317,4.80316,281,0,17,0,84.74,501,8190,17,0,87,17,6.16877,56837,-2060794887,2799,0,7329,2459392161
1334,4.86515,265,0,8,0,122.54,516,8189,8,0,241,8,7.09171,57078,974799736,2807,0,7337,3035594623
1331,4.85466,122,0,23,0,79.735,522,8189,23,0,87,23,7.13914,57165,-395729288,2830,0,7360,2924438272
1276,4.65371,154,0,13,0,94.769,532,8121,13,0,176,13,6.57005,57341,-2001729114,2843,0,7373,2688967470
1329,4.84715,230,0,15,0,125.935,543,8191,15,0,169,15,6.84,57510,733827542,2858,0,7388,2735556656
1383,5.04432,164,0,24,0,61.732,551,8189,24,0,141,24,7.0224,57651,-624795250,2882,0,7412,2936344504
1297,4.73056,124,0,6,0,90.519,574,8189,6,0,401,6,7.81402,58052,-2110990790,2888,0,7418,2808771756
1388,5.06237,123,0,8,0,119.593,583,8191,8,0,174,8,10.7361,58226,698188336,2896,0,7426,2809179126
1308,4.77039,173,0,21,0,90.967,587,8191,21,0,69,21,6.75245,58295,-878936126,2917,0,7447,2717842834
1350,4.92401,161,0,9,0,95.4,602,8191,9,0,270,9,7.48205,58565,1992201290,2926,0,7456,2871137416
1361,4.96396,142,0,3,0,166.472,620,8189,3,0,355,3,8.44877,58920,453964484,2929,0,7459,2756730490
1311,4.78143,367,0,7,0,119.234,631,8189,7,0,212,7,7.2121,59132,-1260178086,2936,0,7466,2580824726
1382,5.04061,137,0,7,0,101.288,643,8189,7,0,235,7,14.1834,59367,1767317098,2943,0,7473,3027495184
1216,4.43486,259,0,7,0,105.71,653,8191,7,0,218,7,10.4515,59585,-15762302,2950,0,7480,2511887896
397,1.44787,653,0,3,0,105.71,653,8191,3,0,0,3,10.4515,59585,-15762302,2953,0,7483,0
415,1.51358,57,0,653,0,43.416,57,8191,237,0,64,0,7.15008,59649,1544607722,3190,0,8136,5855337320
1199,4.37284,163,0,2,0,99.876,189,8191,2,0,512,2,7.70458,60161,16274282,3192,0,8138,2766633856
1255,4.57709,214,0,4,0,106,246,8190,4,0,386,4,5.4793,60547,-1602506046,3196,0,8142,2676186968
1388,5.06215,288,0,3,0,96.487,288,8189,3,0,348,3,7.25952,60895,1303665322,3199,0,8145,2906171368
1420,5.17872,211,0,3,0,163.039,350,8189,3,0,621,3,9.4009,61516,-180071050,3202,0,8148,2811230924
1361,4.96358,171,0,13,0,79.538,366,8191,13,0,180,13,9.13459,61696,-1752915432,3215,0,8161,2722122914
311,1.13422,366,0,6,0,77.882,366,8127,6,0,2,6,9.17837,61698,-1455815706,3221,0,8167,297099726
559,2.03881,87,0,366,0,77.927,87,8189,214,0,134,0,6.53722,61832,-383774894,3435,0,8533,5367008108
1325,4.83238,189,0,2,0,79.038,194,8189,2,0,471,2,8.56915,62303,-1878922384,3437,0,8535,2799819806
1214,4.42782,172,0,5,0,84.458,240,8191,5,0,309,5,8.2919,62612,893916118,3442,0,8540,2772838502
1376,5.01864,134,0,4,0,211.921,295,8191,4,0,466,4,8.09856,63078,-550312882,3446,0,8544,2850738296
1410,5.14237,225,0,4,0,132.05,337,8189,4,0,416,4,7.11725,63494,2079903434,3450,0,8548,2630216316
178,0.649183,337,0,1,0,128.859,337,8191,1,0,1,1,7.10995,63495,-2019459712,3451,0,8549,195604150
980,3.5743,133,0,338,0,84.942,135,8189,162,0,299,1,8.23354,63794,-756731116,3613,0,8887,5557695892
1218,4.44221,108,0,7,0,95.514,202,7994,7,0,356,7,7.52947,64150,1914036536,3620,0,8894,2670767652
1407,5.13143,122,0,6,0,119.297,251,8189,6,0,345,6,23.6974,64495,506421652,3626,0,8900,2887352412
1281,4.67184,144,0,6,0,94.017,277,8187,6,0,212,6,6.52262,64707,-974514942,3632,0,8906,2814030702
1363,4.97095,223,0,3,0,76.552,323,8189,3,0,437,3,6.61018,65144,1803589786,3635,0,8909,2778104728
1267,4.62087,164,0,4,0,105.943,365,8189,4,0,449,4,7.63891,65593,317234296,3639,0,8913,2808611806
1294,4.71935,125,0,11,0,82.321,383,8191,11,0,218,11,6.36576,65811,-1184051284,3650,0,8924,2793681716
1374,5.0111,182,0,4,0,82.71,419,8190,4,0,448,4,7.0151,66259,1591517750,3654,0,8928,2775569034
1382,5.04028,174,0,6,0,83.963,437,8191,6,0,241,6,6.88742,66500,121293718,3660,0,8934,2824743264
1379,5.02938,130,0,11,0,103.33,457,8189,11,0,280,11,7.03334,66780,-1383166950,3671,0,8945,2790506628
1391,5.07296,116,0,6,0,85.217,476,8191,6,0,281,6,136.282,67061,1406345874,3677,0,8951,2789512824
1345,4.90521,118,0,2,0,89.303,513,8189,2,0,569,2,8.7479,67630,-146752066,3679,0,8953,2741869356
1327,4.84016,116,0,7,0,109.21,529,8189,7,0,264,7,7.41638,67894,-1600689432,3686,0,8960,2841029930
1404,5.1209,114,0,7,0,107.597,547,8189,7,0,295,7,9.46291,68189,1183579700,3693,0,8967,2784269132
1352,4.93129,155,0,11,0,96.847,557,8189,11,0,177,11,8.3904,68366,-298891686,3704,0,8978,2812495910
470,1.71411,557,0,7,0,97.315,557,8138,7,0,6,7,8.13139,68372,-37111860,3711,0,8985,261779826
593,2.16261,24,0,557,0,78.868,24,8189,530,0,22,0,8.36122,68394,961579816,4241,0,9542,5293658972
1179,4.29971,107,0,1,0,93.596,177,8189,1,0,482,1,7.93075,68876,-547102972,4242,0,9543,2786284508
1359,4.95648,179,0,3,0,89.88,253,8191,3,0,514,3,6.98227,69390,-2091221790,4245,0,9546,2750848478
1347,4.91253,122,0,7,0,155.38,284,8189,7,0,262,7,10.0904,69652,778444128,4252,0,9553,2869665918
1265,4.6135,145,0,5,0,108.656,315,8187,5,0,291,5,7.49299,69943,-757592098,4257,0,9558,2758931070
1271,4.63542,265,0,6,0,111.52,339,8189,6,0,241,6,6.24902,70184,2044012218,4263,0,9564,2801604316
1323,4.82506,203,0,6,0,135.421,363,8189,6,0,268,6,8.18611,70452,550062288,4269,0,9570,2801017366
1334,4.86529,86,0,10,0,114.137,385,8191,10,0,259,10,6.84,70711,-917454676,4279,0,9580,2827450332
1413,5.15333,188,0,6,0,108.367,412,8191,6,0,335,6,8.02925,71046,1819785032,4285,0,9586,2737239708
1410,5.14248,213,0,8,0,154.309,434,8190,8,0,289,8,6.77434,71335,302217298,4293,0,9594,2777399562
1307,4.76658,174,0,10,0,102.444,449,8190,10,0,212,10,115.31,71547,-1166072984,4303,0,9604,2826677014
1446,5.27411,132,0,6,0,101.99,471,8191,6,0,309,6,16.7881,71856,1660578918,4309,0,9610,2826651902
1421,5.18283,202,0,28,0,80.161,473,8178,28,0,37,28,14.2418,71893,146631020,4337,0,9638,2781019398
1404,5.12082,446,0,16,0,137.919,489,8189,16,0,230,16,8.47066,72123,-1421170408,4353,0,9654,2727165868
1267,4.62117,176,0,10,0,100.203,502,8148,10,0,203,10,7.06618,72326,1466730314,4363,0,9664,2887900722
818,2.98335,502,0,21,0,83.006,502,8160,21,0,11,21,6.63571,72337,-1699915774,4384,0,9685,1128321208
505,1.84179,3,0,502,0,83.803,3,8191,502,0,1,0,6.62112,72338,-1911544412,4886,0,10187,4083338658
916,3.34071,141,0,1,0,124.843,141,8189,1,0,326,1,11.7575,72664,1215864110,4887,0,10188,3127408522
1190,4.33999,161,0,2,0,73.911,229,8189,2,0,512,2,7.49664,73176,-273758294,4889,0,10190,2805344892
1335,4.86887,241,0,6,0,128.374,261,8189,6,0,238,6,7.44557,73414,-1784213020,4895,0,10196,2784512570
1333,4.8614,262,0,3,0,138.665,302,8189,3,0,366,3,6.52262,73780,1051247650,4898,0,10199,2835460670
1177,4.293,101,0,4,0,223.085,335,8191,4,0,332,4,8.13139,74112,-448793498,4902,0,10203,2794926148
1246,4.54443,83,0,6,0,84.086,361,8189,6,0,277,6,7.20845,74389,-1961603080,4908,0,10209,2782157714
1556,5.67533,382,0,3,0,136.052,399,8187,3,0,452,3,8.09126,74841,845477154,4911,0,10212,2807080234
1452,5.2954,390,0,2,0,226.269,439,8189,2,0,529,2,71.3877,75370,-1156804740,4913,0,10214,2292685402
1309,4.77417,176,0,4,0,166.777,464,8191,4,0,352,4,7.96723,75722,2127922090,4917,0,10218,3284726830
1281,4.67189,143,0,5,0,180.682,487,8189,5,0,345,5,7.90522,76067,616662140,4922,0,10223,2783707346
1419,5.1752,213,0,4,0,120.809,506,8190,4,0,294,4,7.84685,76361,-1103281110,4926,0,10227,2575024046
1329,4.84736,88,0,8,0,115.141,523,8189,8,0,274,8,11.3745,76635,1924256102,4934,0,10235,3027537212
1238,4.51533,168,0,6,0,82.842,543,8189,6,0,330,6,6.86554,76965,279314044,4940,0,10241,2650025238
798,2.91049,544,0,27,0,91.019,544,8191,27,0,9,26,7.20115,76974,1334051168,4967,0,10268,1054737124
212,0.773233,20,0,544,0,61.72,20,8189,161,0,18,0,6.89472,76992,1699403592,5128,0,10812,4660319720
1212,4.42042,164,0,2,0,72.08,166,8191,2,0,428,2,8.40864,77420,175510784,5130,0,10814,2771074488
1031,3.76011,113,0,2,0,73.002,229,8189,2,0,386,2,8.64941,77806,-1891747224,5132,0,10816,2227709288
0,0,113,0,0,0,73.002,229,8189,0,0,0,0,8.64941,77806,-1891747224,5132,0,10816,0
1021,3.72378,112,0,116,0,87.807,162,8191,114,0,425,2,10.7397,78231,7317940,5246,0,10932,6194032460
1176,4.28897,174,0,4,0,110.274,219,8189,4,0,341,4,8.87558,78572,-1542465488,5250,0,10936,2745183868
1287,4.69392,260,0,4,0,218.369,271,8190,4,0,397,4,7.96358,78969,1229961610,5254,0,10940,2772427098
1331,4.8541,251,0,19,0,110.729,301,8159,19,0,274,19,7.09901,79243,-200999842,5273,0,10959,2864005844
340,1.24001,302,0,19,0,95.247,302,8156,19,0,9,19,6.98227,79252,339120298,5292,0,10978,540120140
650,2.3706,106,0,302,0,71.625,108,8189,160,0,197,0,8.1168,79449,1086101970,5452,0,11280,5041948968
1173,4.27796,188,0,4,0,91.963,188,8190,4,0,368,4,8.19706,79817,-603452404,5456,0,11284,2605412922
1303,4.75217,141,0,2,0,114.145,253,8189,2,0,455,2,6.58464,80272,-1942970462,5458,0,11286,2955449238
926,3.37729,268,0,11,0,105.299,268,8141,11,0,120,11,7.59514,80392,-218129666,5469,0,11297,1724840796
153,0.557994,19,0,268,0,55.464,19,8189,105,0,17,0,7.8359,80409,-636377612,5574,0,11565,3876719350
1331,4.85448,175,0,2,0,78.038,181,8190,2,0,511,2,7.97088,80920,-2111656092,5576,0,11567,2819688816
1200,4.37682,143,0,6,0,83.858,231,8191,6,0,319,6,8.1168,81239,676822706,5582,0,11573,2788478798
1239,4.51866,135,0,6,0,96.568,273,8189,6,0,337,6,9.36806,81576,-896346672,5588,0,11579,2721797918
1223,4.46066,229,0,4,0,144.969,311,8189,4,0,341,4,8.2007,81917,1926297586,5592,0,11583,2822644258
1296,4.72689,203,0,9,0,157.568,334,8190,9,0,234,9,6.84365,82151,384148862,5601,0,11592,2752818572
739,2.69528,336,0,14,0,101.787,336,8191,14,0,27,14,6.52992,82178,1838177382,5615,0,11606,1454028520
266,0.970109,21,0,336,0,73.694,21,8189,212,0,19,0,6.70867,82197,1694401648,5827,0,11942,4151191562
1061,3.86983,129,0,2,0,115.638,151,8189,2,0,353,2,12.7279,82550,249525400,5829,0,11944,2850091048
1203,4.38746,179,0,4,0,85.214,213,8191,4,0,352,4,6.26362,82902,-1265126316,5833,0,11948,2780315580
1162,4.23771,169,0,3,0,157.333,257,8189,3,0,324,3,6.76339,83226,1512802222,5836,0,11951,2777928538
1344,4.90169,114,0,6,0,116.078,290,8191,6,0,283,6,6.51168,83509,52493676,5842,0,11957,2834658750
1417,5.16619,174,0,5,0,72.777,321,8189,5,0,298,5,9.23309,83807,-1455781878,5847,0,11962,2786691742
1342,4.89438,320,0,2,0,153.504,362,8191,2,0,441,2,11.5386,84248,1279948628,5849,0,11964,2735730506
1418,5.17144,134,0,5,0,113.26,403,8189,5,0,491,5,10.4333,84739,-171985776,5854,0,11969,2843032892
1281,4.67187,152,0,7,0,90.155,424,8191,7,0,265,7,8.53997,85004,-1720331166,5861,0,11976,2746621906
1476,5.38302,103,0,17,0,75.659,447,8187,17,0,310,17,7.55866,85314,1096233998,5878,0,11993,2816565164
1348,4.9165,215,0,14,0,131.831,458,8138,14,0,154,14,6.35117,85468,-389823824,5892,0,12007,2808909474
1317,4.80328,409,0,50,0,82.497,461,8191,49,0,43,50,45.9575,85511,1977253826,5941,0,12057,2367077650
61,0.222469,461,0,8,0,82.497,461,8191,9,0,0,8,45.9575,85511,1977253826,5950,0,12065,0
858,3.1292,110,0,464,0,80.749,110,8189,350,0,203,3,6.67584,85714,-608233394,6300,0,12529,6004447372
1091,3.97796,183,0,6,0,102.869,183,8187,6,0,338,6,7.42003,86052,1903308156,6306,0,12535,2511541550
1267,4.62085,157,0,13,0,96.998,213,8154,13,0,184,13,6.82176,86236,667046104,6319,0,12548,3058705244
1354,4.93709,265,0,3,0,157.371,268,8189,3,0,417,3,7.39814,86653,-811922398,6322,0,12551,2815998794
1214,4.42712,242,0,3,0,97.713,300,8189,3,0,285,3,6.82906,86938,1945967884,6325,0,12554,2757890282
1271,4.63271,140,0,13,0,72.187,318,8191,13,0,172,13,5.77478,87110,447036538,6338,0,12567,2796035950
1366,4.98197,188,0,8,0,110.601,349,8191,8,0,319,8,11.4474,87429,-1154335512,6346,0,12575,2693595246
1261,4.59925,325,0,11,0,114.721,367,8190,11,0,203,11,45.3191,87632,1668802988,6357,0,12586,2823138500
1351,4.92695,259,0,14,0,118.54,391,8191,14,0,289,14,8.49254,87921,175866238,6371,0,12600,2802030546
997,3.63615,393,0,41,0,100.563,393,8160,41,0,26,41,4.94304,87947,1850007770,6412,0,12641,1674141532
137,0.499675,13,0,393,0,72.674,13,8189,106,0,11,0,5.08896,87958,1603567544,6518,0,13034,4048527070
1175,4.28553,155,0,3,0,78.543,160,8189,3,0,403,3,6.02285,88361,45496886,6521,0,13037,2736896638
1187,4.32904,186,0,6,0,97.1,216,8191,6,0,334,6,9.41184,88695,-1476363710,6527,0,13043,2773106700
1322,4.82141,164,0,32,0,95.748,225,8166,32,0,59,31,5.11085,88754,1363939014,6559,0,13075,2840302724
480,1.7506,231,0,14,0,111.833,231,8139,14,0,44,14,6.78163,88798,-1893743362,6573,0,13089,1037284920
320,1.16707,64,0,231,0,40.615,64,8191,105,0,79,0,7.68998,88877,-1677273112,6678,0,13320,4511437546
1235,4.5041,129,0,2,0,95.036,182,8191,2,0,456,2,6.41683,89333,1194256682,6680,0,13322,2871529794
1125,4.10288,157,0,4,0,95.206,238,8191,4,0,365,4,6.52262,89698,-425157874,6684,0,13326,2675552740
1402,5.11357,177,0,13,0,103.782,266,8189,13,0,224,13,6.74515,89922,-1807673726,6697,0,13339,2912451444
1163,4.24145,138,0,8,0,98.599,294,8191,8,0,241,8,7.04794,90163,871781066,6705,0,13347,2679454792
1321,4.81781,176,0,21,0,96.456,308,8140,21,0,136,21,9.6599,90299,-565920672,6726,0,13368,2857265558
652,2.37789,310,0,32,0,91.891,310,8191,32,0,18,32,7.25587,90317,663537684,6758,0,13400,1229458356
225,0.820656,20,0,310,0,72.727,20,8189,174,0,18,0,7.50394,90335,761419926,6932,0,13710,4392849538
1161,4.23446,120,0,2,0,79.306,164,8191,2,0,415,2,8.09491,90750,-730231876,6934,0,13712,2803315494
1211,4.41662,224,0,6,0,131.064,224,8190,6,0,367,6,5.76384,91117,1886123502,6940,0,13718,2616355378
1295,4.72292,143,0,7,0,131.62,258,8189,7,0,254,7,5.59968,91371,555245026,6947,0,13725,2964088820
1145,4.17579,218,0,8,0,108.923,285,8191,8,0,233,8,7.05158,91604,-1136770464,6955,0,13733,2602951806
1258,4.588,112,0,19,0,136.169,297,8189,19,0,110,19,6.22349,91714,1839673412,6974,0,13752,2976443876
1300,4.74162,143,0,4,0,90.802,330,8187,4,0,323,4,8.13869,92037,347061098,6978,0,13756,2802354982
1204,4.39109,174,0,4,0,107.503,364,8189,4,0,365,4,6.89107,92402,-1217520820,6982,0,13760,2730385378
1309,4.77393,244,0,3,0,170.914,388,8189,3,0,282,3,7.27776,92684,1556484120,6985,0,13763,2774004940
1283,4.67918,199,0,12,0,75.896,400,8190,12,0,147,12,82.0362,92831,24201042,6997,0,13775,2762684218
1289,4.70105,134,0,3,0,92.523,425,8189,3,0,331,3,8.08032,93162,-1405252106,7000,0,13778,2865514148
1273,4.64285,173,0,8,0,82.019,452,8189,8,0,366,8,6.53722,93528,1397573962,7008,0,13786,2802826068
1252,4.56632,246,0,7,0,96.735,470,8190,7,0,259,7,7.73011,93787,-168736606,7015,0,13793,2728656728
1281,4.67191,278,0,4,0,168.164,488,8189,4,0,267,4,7.21939,94054,-1607426422,7019,0,13797,2856277480
1214,4.42753,190,0,4,0,129.374,515,8189,4,0,426,4,9.16378,94480,1222340994,7023,0,13801,2829767416
1354,4.93807,150,0,12,0,108.66,527,8115,12,0,205,12,7.52582,94685,-290308090,7035,0,13813,2782318212
1282,4.67569,220,0,11,0,106.202,538,8183,10,0,168,11,6.76704,94853,-1833193118,7045,0,13824,2752082268
1181,4.30709,129,0,7,0,102.606,550,8187,8,0,204,7,7.6681,95057,980103774,7053,0,13831,2813296892
1286,4.69016,268,0,16,0,89.247,558,8190,16,0,148,16,6.33293,95205,-580969422,7069,0,13847,2733894100
1223,4.46034,131,0,6,0,177.403,572,8189,6,0,240,6,5.96813,95445,-2008286478,7075,0,13853,2867650240
1204,4.39106,296,0,5,0,97.737,589,8190,5,0,321,5,8.95584,95766,660285918,7080,0,13858,2668572396
1266,4.61751,128,0,5,0,101.562,608,8187,5,0,345,5,9.576,96111,-683840982,7085,0,13863,2950840396
1270,4.63206,183,0,20,0,104.119,615,8153,20,0,137,20,7.2048,96248,2057117238,7105,0,13883,2740958220
1378,5.02565,616,0,54,0,99.426,616,8191,54,0,28,53,7.08077,96276,-287756948,7159,0,13937,1950093110
104,0.379294,616,0,616,0,99.426,2,8191,104,0,0,0,7.08077,96276,-287756948,7263,0,14553,0
790,2.88119,124,0,1,0,100.951,129,8191,2,0,276,1,6.53722,96552,1897307356,7265,0,14554,6480031600
1106,4.03367,166,0,4,0,107.435,190,8189,4,0,304,4,7.48205,96856,394250048,7269,0,14558,2791909988
1046,3.81478,102,0,3,0,136.231,232,8135,3,0,275,3,5.53402,97131,-1191662956,7272,0,14561,2709054292
1299,4.73757,238,0,6,0,142.06,261,8191,6,0,228,6,6.78893,97359,1675726688,7278,0,14567,2867389644
1197,4.36554,229,0,10,0,109.875,289,8137,10,0,240,10,6.77434,97599,2206626,7288,0,14577,2621447234
1166,4.25252,303,0,28,0,77.094,303,8181,28,0,130,28,7.77389,97729,-1772858600,7316,0,14605,2519902070
108,0.393895,3,0,303,0,77.367,3,7888,105,0,1,0,7.46746,97730,1428710960,7421,0,14908,3201569560
843,3.07457,133,0,1,0,132.612,140,8191,1,0,320,1,6.61747,98050,-27205918,7422,0,14909,2839050418
1041,3.79669,182,0,4,0,128.851,204,8181,4,0,348,4,8.05843,98398,-1583133940,7426,0,14913,2739039274
1234,4.50041,256,0,5,0,160.813,256,8191,5,0,368,5,11.2212,98766,1246997252,7431,0,14918,2830131192
1183,4.31485,202,0,10,0,105.412,290,8190,10,0,297,10,7.90157,99063,-237387388,7441,0,14928,2810582656
344,1.25458,291,0,11,0,121.921,291,8148,11,0,6,11,7.56595,99069,457453794,7452,0,14939,694841182
319,1.16353,64,0,291,0,37.136,64,8191,105,0,79,0,5.83315,99148,1066747804,7557,0,15230,4904261306
1214,4.42783,169,0,4,0,103.769,169,8187,4,0,382,4,8.2007,99530,-651490582,7561,0,15234,2576728910
1207,4.40224,197,0,4,0,135.109,223,8189,4,0,332,4,8.32838,99862,-1956939682,7565,0,15238,2989518196
1113,4.05919,253,0,8,0,147.54,263,8189,8,0,308,8,6.38765,100170,830496438,7573,0,15246,2787436120
1304,4.75596,208,0,8,0,95.122,297,8191,8,0,293,8,8.21165,100463,-642656394,7581,0,15254,2821814464
1298,4.73396,121,0,6,0,114.766,327,8191,6,0,295,6,8.2992,100758,2127178604,7587,0,15260,2769834998
1289,4.70101,220,0,8,0,126.013,348,8190,8,0,225,8,7.40179,100983,596663432,7595,0,15268,2764452124
1326,4.83633,162,0,4,0,102.834,380,8189,4,0,363,4,57.6676,101346,-935175146,7599,0,15272,2763128718
1282,4.67558,392,0,11,0,99.328,392,8190,11,0,138,11,10.0758,101484,1717298290,7610,0,15283,2652473436
1413,5.15336,155,0,3,0,146.563,419,8185,3,0,351,3,8.77344,101835,403116882,7613,0,15286,2980785888
1278,4.66091,119,0,7,0,78.255,441,8191,7,0,291,7,8.23354,102126,-1084396246,7620,0,15293,2807454168
1229,4.48225,212,0,5,0,125.422,463,8189,5,0,316,5,7.58054,102442,1573131136,7625,0,15298,2657527382
255,0.930021,463,0,4,0,125.422,463,8189,4,0,0,4,7.58054,102442,1573131136,7629,0,15302,0
717,2.61495,117,0,463,0,94.6,123,8189,105,0,253,0,17.7512,102695,-1328605514,7734,0,15765,5688197942
1119,4.08134,182,0,7,0,72.168,183,8189,7,0,287,7,7.82131,102982,1539134704,7741,0,15772,2867740218
1113,4.05924,160,0,10,0,85.95,211,8189,10,0,173,10,7.46381,103155,22536092,7751,0,15782,2778368684
1218,4.44194,188,0,15,0,114.84,246,8136,15,0,247,15,6.61747,103402,-1554386504,7766,0,15797,2718044700
674,2.45822,249,0,26,0,89.245,249,8186,26,0,22,25,6.5737,103424,6029192,7792,0,15823,1560415696
280,1.02124,56,0,249,0,33.219,56,8189,105,0,63,0,7.40179,103487,-177108116,7897,0,16072,4111829988
1240,4.52269,145,0,3,0,89.929,174,8189,3,0,428,3,7.56595,103915,-1673000532,7900,0,16075,2799074880
1315,4.79615,136,0,2,0,107.52,256,8189,2,0,547,2,11.2212,104462,1115147516,7902,0,16077,2788148048
1364,4.97482,172,0,9,0,72.037,279,8187,9,0,195,9,8.05843,104657,-387532450,7911,0,16086,2792287330
1339,4.88377,193,0,11,0,87.964,293,8189,11,0,124,11,8.29555,104781,-1888255566,7922,0,16097,2794244180
1335,4.86888,250,0,4,0,158.563,341,8104,4,0,476,4,8.47795,105257,828464916,7926,0,16101,2716720482
1325,4.83244,361,0,1,0,124.943,375,8189,1,0,388,1,9.65626,105645,-614267950,7927,0,16102,2852234430
1223,4.46061,135,0,7,0,99.662,396,8191,7,0,249,7,8.22989,105894,-2120279450,7934,0,16109,2788955796
1224,4.46406,115,0,8,0,109.293,411,8191,8,0,182,8,6.57005,106076,619546002,7942,0,16117,2739825452
1368,4.98919,153,0,38,0,89.339,415,8189,38,0,61,37,10.3676,106137,-813412648,7980,0,16155,2862008646
1200,4.37666,162,0,9,0,222.575,437,8189,9,0,291,9,11.7502,106428,1965323956,7989,0,16164,2778736604
1209,4.40934,156,0,5,0,110.793,459,8189,5,0,302,5,6.79987,106730,424688800,7994,0,16169,2754332140
1362,4.96734,384,0,4,0,149.088,484,8189,4,0,375,4,6.88742,107105,-1046308886,7998,0,16173,2823969610
1340,4.88706,277,0,4,0,94.118,509,8191,4,0,395,4,8.01466,107500,1720023172,8002,0,16177,2766332058
1284,4.68284,195,0,5,0,126.365,528,8191,5,0,307,5,8.06208,107807,264873388,8007,0,16182,2839817512
1171,4.27096,534,0,23,0,132.41,534,8151,23,0,99,23,7.1063,107906,-2073240114,8030,0,16205,1956853794
0,0,534,0,0,0,132.41,534,8151,0,0,0,0,7.1063,107906,-2073240114,8030,0,16205,0
883,3.22065,99,0,536,0,94.039,130,8189,117,0,279,2,7.63526,108185,23466270,8147,0,16741,6391673680
1197,4.36584,111,0,5,0,104.866,198,8191,5,0,351,5,7.81402,108536,-1437991592,8152,0,16746,2833509434
1225,4.46802,118,0,6,0,148.582,239,8189,6,0,278,6,7.06618,108814,1370862274,8158,0,16752,2808853866
1148,4.1868,118,0,4,0,79.499,279,8189,4,0,322,4,7.28141,109136,-176899114,8162,0,16756,2747205908
1206,4.39844,180,0,8,0,124.225,303,8190,8,0,221,8,6.92026,109357,-1779443802,8170,0,16764,2692422608
1332,4.8579,152,0,13,0,90.587,311,8191,13,0,81,13,5.73101,109438,1152666806,8183,0,16777,2932110608
1246,4.54424,310,0,9,0,100.135,330,8191,9,0,184,9,7.24493,109622,-721097146,8192,0,16786,2421203344
1178,4.29623,179,0,4,0,107.506,360,8191,4,0,323,4,7.50394,109945,-1869425394,8196,0,16790,3146639048
658,2.39979,361,0,10,0,121.552,361,8191,10,0,18,10,6.60288,109963,-730897682,8206,0,16800,1138527712
449,1.63764,87,0,361,0,49.19,87,8189,104,0,133,0,5.90976,110096,-542402792,8310,0,17161,4483462186
1174,4.28163,153,0,4,0,79.918,181,8189,4,0,397,4,9.13824,110493,-2059883738,8314,0,17165,2777486350
1298,4.73393,133,0,6,0,84.59,229,8189,6,0,308,6,8.14963,110801,750289248,8320,0,17171,2810172986
1106,4.03369,128,0,5,0,132.011,271,8189,5,0,324,5,7.75565,111125,-843458562,8325,0,17176,2701219486
1250,4.55888,206,0,15,0,84.718,301,8191,15,0,267,15,8.14963,111392,1954882186,8340,0,17191,2798340748
1039,3.78933,305,0,38,0,94.453,305,8191,38,0,45,37,9.91162,111437,-209802732,8378,0,17229,2130282378
108,0.393886,3,0,305,0,93.421,3,7886,105,0,1,0,9.82406,111438,-1059584284,8483,0,17534,3445185744
1003,3.65819,147,0,2,0,113.227,150,8185,2,0,364,2,8.13869,111802,1815618760,8485,0,17536,2875203044
1188,4.33318,218,0,2,0,144.194,221,8189,2,0,416,2,6.85824,112218,319317474,8487,0,17538,2798666010
1159,4.22728,174,0,10,0,119.735,251,8189,10,0,216,10,8.96314,112434,-1198401706,8497,0,17548,2777248116
1288,4.69775,216,0,7,0,84.436,280,8189,7,0,247,7,8.13869,112681,1604624790,8504,0,17555,2803026496
1198,4.36948,128,0,6,0,145.747,312,8189,6,0,291,6,7.46746,112972,121103352,8510,0,17561,2811445858
1243,4.53348,248,0,4,0,164.152,347,8189,4,0,361,4,6.5737,113333,-1540152234,8514,0,17565,2633711710
1255,4.57701,206,0,12,0,117.03,362,8139,12,0,167,12,7.99642,113500,1320939412,8526,0,17577,2861091646
1246,4.54404,131,0,20,0,104.292,378,8187,20,0,185,20,5.55226,113685,-122131732,8546,0,17597,2851896152
1206,4.39853,221,0,13,0,90.974,396,8149,13,0,225,13,6.19066,113910,-1656988248,8559,0,17610,2760110780
310,1.13059,397,0,11,0,95.332,397,8156,11,0,3,11,6.25267,113913,-1381302502,8570,0,17621,275685746
692,2.5238,99,0,397,0,87.42,122,8187,105,0,249,0,5.80032,114162,-303205290,8675,0,18018,5373064508
1132,4.12856,185,0,7,0,105.69,185,8188,7,0,299,7,6.97133,114461,-1799796460,8682,0,18025,2798376126
1032,3.76002,134,0,3,0,118.325,237,8189,3,0,343,3,6.79622,114804,960785644,8685,0,18028,2760582104
1216,4.4348,147,0,9,0,173.734,270,8189,9,0,268,9,5.98272,115072,-531626386,8694,0,18037,2802555266
1202,4.38357,164,0,4,0,109.4,305,8189,4,0,308,4,6.94944,115380,-2025707384,8698,0,18041,2800886298
1317,4.80286,189,0,18,0,105.222,318,8133,18,0,132,18,8.79898,115512,755495194,8716,0,18059,2781202578
1100,4.01193,322,0,46,0,88.792,322,8182,46,0,34,46,7.2048,115546,-1279590006,8762,0,18105,2259882096
4,0.0145886,322,0,4,0,88.792,322,8182,4,0,0,4,7.2048,115546,-1279590006,8766,0,18109,0
900,3.28234,122,0,324,0,66.813,122,8189,118,0,247,2,6.21619,115793,566647100,8884,0,18433,6141204402
1033,3.76725,183,0,4,0,85.036,183,8189,4,0,289,4,6.66854,116082,-995353302,8888,0,18437,2732966894
1158,4.22305,103,0,4,0,94.575,237,8191,4,0,359,4,8.10586,116441,1846564546,8892,0,18441,2841917848
1381,5.03666,137,0,12,0,135.336,263,8191,12,0,206,12,27.6008,116647,380284524,8904,0,18453,2828687274
1122,4.09185,166,0,6,0,103.589,301,8102,6,0,328,6,9.83136,116975,-1165995390,8910,0,18459,2748687382
1206,4.39834,216,0,24,0,98.844,308,8152,24,0,69,24,6.36576,117044,1515809176,8934,0,18483,2681804566
267,0.973765,308,0,17,0,94.416,308,8166,17,0,6,17,6.12134,117050,2121451668,8951,0,18500,605642492
588,2.14445,99,0,312,0,81.665,99,8191,161,0,167,3,6.80352,117217,-1552639334,9112,0,18812,4915843590
1021,3.72367,102,0,5,0,95.956,177,8189,5,0,336,5,8.78803,117553,1450670640,9117,0,18817,3003309974
1228,4.47861,199,0,15,0,85.26,199,8191,15,0,131,15,6.37306,117684,-258034082,9132,0,18832,2586262574
45,0.164113,199,0,5,0,86.295,199,8191,5,0,1,4,6.37306,117685,149826000,9137,0,18837,407860082
638,2.32683,102,0,200,0,57.806,102,8187,106,0,178,1,6.53722,117863,1263805436,9243,0,19037,5408946732
1087,3.96454,166,0,6,0,101.491,175,8190,6,0,316,6,7.33613,118179,-265428414,9249,0,19043,2765733446
1068,3.89504,209,0,7,0,116.045,209,8191,7,0,203,7,60.0607,118382,-1973444392,9256,0,19050,2586951318
1192,4.34751,183,0,4,0,105.258,248,8189,3,0,279,4,9.26227,118661,1039129024,9259,0,19054,3012573416
1316,4.79959,109,0,16,0,91.801,259,8191,17,0,86,16,8.64941,118747,-446753295,9276,0,19070,2809084977
1240,4.52267,197,0,4,0,152.236,301,8189,4,0,367,4,8.80992,119114,-1957936740,9280,0,19074,2783783851
1389,5.06606,113,0,7,0,88.378,334,8189,7,0,327,7,6.94944,119441,838816968,9287,0,19081,2796753708
1155,4.21236,169,0,19,0,96.354,344,8168,19,0,113,19,6.4679,119554,-687328998,9306,0,19100,2768821330
227,0.827908,344,0,6,0,95.088,344,8145,6,0,1,6,49.8609,119555,-495509994,9312,0,19106,191819004
654,2.38518,100,0,344,0,63.921,110,8189,157,0,202,0,116.63,119757,625972174,9469,0,19450,5416449464
1219,4.44572,103,0,4,0,147.138,202,8067,4,0,453,4,7.62432,120210,-900960006,9473,0,19454,2768035116
1145,4.17591,172,0,9,0,120.032,240,8189,9,0,261,9,7.23034,120471,1850581458,9482,0,19463,2751541464
1118,4.07743,252,0,16,0,100.989,252,8150,16,0,95,16,8.75885,120566,-45952192,9498,0,19479,2398433646
109,0.397528,3,0,252,0,100.738,3,7939,106,0,1,0,8.6567,120567,-1166176266,9604,0,19731,3174743222
892,3.25314,130,0,1,0,78.033,141,8189,1,0,326,1,6.89107,120893,1701909346,9605,0,19732,2868085612
940,3.42808,118,0,4,0,127.283,199,8185,4,0,308,4,7.59878,121201,113865256,9609,0,19736,2706923206
1091,3.97919,224,0,10,0,114.234,224,8190,10,0,165,10,6.51898,121366,-1396113422,9619,0,19746,2784988618
1193,4.35123,239,0,5,0,102.42,270,8189,5,0,355,5,7.31059,121721,1375517860,9624,0,19751,2771631282
1136,4.1433,191,0,5,0,154.368,292,8189,5,0,195,5,7.21939,121916,6440578,9629,0,19756,2925890014
1160,4.23072,128,0,19,0,96.085,310,8189,18,0,165,19,5.54131,122081,-1515698882,9647,0,19775,2772827836
212,0.773168,310,0,8,0,94.941,310,8170,9,0,1,8,5.47565,122082,-1283045244,9656,0,19783,232653638
818,2.98332,113,0,313,0,60.764,123,8189,107,0,250,3,5.84045,122332,-194097542,9763,0,20096,5383914998
1085,3.9571,120,0,8,0,94.966,171,8190,8,0,221,8,6.41318,122553,-1780640476,9771,0,20104,2708424362
1253,4.56977,198,0,10,0,112.714,218,8190,10,0,286,10,9.2112,122839,1008500928,9781,0,20114,2789141404
1278,4.66058,235,0,4,0,122.514,258,8189,4,0,299,4,7.35072,123138,-415286126,9785,0,20118,2871180242
1537,5.60548,299,0,1,0,136.75,325,8189,1,0,608,1,12.1588,123746,-1956941210,9786,0,20119,2753312212
1182,4.31083,289,0,17,0,150.223,351,8191,17,0,282,17,9.37901,124028,700076496,9803,0,20136,2657017706
931,3.39544,354,0,53,0,101.268,354,8191,53,0,31,53,5.50118,124059,-1696360754,9856,0,20189,1898530046
108,0.393883,3,0,354,0,100.619,3,7837,105,0,1,0,5.5632,124060,1952147718,9961,0,20543,3648508472
736,2.68426,117,0,2,0,83.019,126,8189,2,0,263,2,6.31469,124323,606870998,9963,0,20545,2949690576
1106,4.03386,189,0,4,0,90.068,189,8187,4,0,308,4,7.66445,124631,-820757152,9967,0,20549,2867339146
1158,4.22316,107,0,11,0,92.132,224,8189,11,0,229,11,6.5591,124860,1929342886,9978,0,20560,2750100038
1185,4.32183,150,0,7,0,92.722,254,8190,7,0,221,7,7.24493,125081,472047364,9985,0,20567,2837671774
1162,4.23802,292,0,4,0,119.964,292,8189,4,0,325,4,8.208,125406,-1187571076,9989,0,20571,2635348856
1353,4.93488,219,0,4,0,128.321,337,8190,4,0,440,4,7.78483,125846,1711495724,9993,0,20575,2899066800
1174,4.28166,365,0,9,0,196.34,365,8060,9,0,314,9,10.5683,126160,-322383778,10002,0,20584,2261087794
1,0.00364703,365,0,1,0,196.34,365,8060,1,0,0,1,10.5683,126160,-322383778,10003,0,20585,0
799,2.91399,100,0,366,0,106.426,100,8189,280,0,172,1,8.13139,126332,1523084976,10283,0,20951,6140436050
1176,4.28926,142,0,3,0,72.793,184,8191,3,0,370,3,9.75475,126702,65952232,10286,0,20954,2837834552
1132,4.12841,130,0,6,0,134.503,220,8189,6,0,227,6,7.04064,126929,-1461796484,10292,0,20960,2767218580
1183,4.31448,116,0,5,0,118.901,271,8189,4,0,396,5,10.094,127325,1335794270,10296,0,20965,2797590754
390,1.42235,272,0,10,0,99.493,272,8131,11,0,11,10,8.88653,127336,1954860424,10307,0,20975,619066154
426,1.55366,74,0,272,0,49.536,74,8189,158,0,100,0,7.05888,127436,-1684186982,10465,0,21247,4950887186
1177,4.29254,141,0,3,0,78.269,180,8189,3,0,422,3,9.01056,127858,1130371898,10468,0,21250,2814558880
1049,3.82578,126,0,8,0,152.882,222,8138,8,0,267,8,10.5865,128125,-429251934,10476,0,21258,2735343464
1161,4.23462,228,0,7,0,100.918,258,8189,7,0,266,7,8.05478,128391,-1851247268,10483,0,21265,2872971962
1163,4.24156,219,0,7,0,157.126,300,8131,7,0,373,7,8.7479,128764,650184476,10490,0,21272,2501431744
1064,3.8805,307,0,18,0,88.189,307,8155,18,0,61,18,5.49754,128825,-1443451030,10508,0,21290,2201331790
113,0.412109,5,0,307,0,91.996,5,8189,105,0,3,0,5.29325,128828,2131190404,10613,0,21597,3574641434
789,2.87784,133,0,2,0,86.194,133,8190,2,0,287,2,7.3033,129115,659509448,10615,0,21599,2823286340
1137,4.147,195,0,3,0,80.728,195,8187,3,0,322,3,6.35482,129437,-1085403726,10618,0,21602,2550054122
1210,4.41336,140,0,4,0,105.11,239,8189,4,0,295,4,6.35482,129732,1997554978,10622,0,21606,3082958704
1148,4.18699,108,0,6,0,130.258,277,8191,6,0,312,6,7.93075,130044,483757682,10628,0,21612,2781170000
1179,4.29999,109,0,5,0,88.177,310,8189,5,0,304,5,5.97178,130348,-980137986,10633,0,21617,2831071628
1123,4.09567,118,0,5,0,112.478,343,8189,5,0,333,5,8.66035,130681,1736935422,10638,0,21622,2717073408
1271,4.63534,203,0,14,0,81.001,363,8137,14,0,224,14,6.40224,130905,300165678,10652,0,21636,2858197552
1225,4.46763,348,0,0,0,337.522,404,8191,0,0,489,0,8.62752,131394,-1273688090,10652,0,21636,2721113528
108,0.393896,405,0,3,0,342.582,405,8191,3,0,16,3,8.63117,131410,-367888650,10655,0,21639,905799440
636,2.31971,100,0,406,0,69.648,100,8189,106,0,172,1,6.77434,131582,75883248,10761,0,22045,4738739194
1009,3.6799,177,0,4,0,112.19,179,8191,4,0,344,4,5.49024,131926,-1440477168,10765,0,22049,2778606880
1148,4.18683,186,0,11,0,105.553,217,8191,11,0,233,11,7.34342,132159,1366705742,10776,0,22060,2807182910
1259,4.59183,144,0,13,0,110.689,247,8191,13,0,217,13,5.43552,132376,-113063448,10789,0,22073,2815198106
1195,4.3581,108,0,8,0,97.207,277,8191,8,0,248,8,8.59834,132624,-1616726774,10797,0,22081,2791303970
1230,4.48588,215,0,5,0,102.35,312,8190,5,0,323,5,8.25542,132947,1066891436,10802,0,22086,2683618210
1275,4.65041,213,0,5,0,154.252,338,8191,5,0,264,5,7.77754,133211,-308464340,10807,0,22091,2919611520


