SendPacket,SendRate(Mb/s),FlightSize,ReceiveRate(Mb/s),Send Loss,Recv Loss,RTT(ms),CWnd,FlowWindow,Retrans,PktSndPeriod(us),RecvACK,RecvNAK,EstimatedBandwidth(Mb/s),Retrans_Total,NAK_TotalRecv,Total Send Loss,Total Recv Loss
255,2.78894,13,0,57,0,96.581,13,8189,57,0,62,4,10.4366,57,4,57,0
225,2.62024,34,0,31,0,52.408,34,8191,31,0,80,2,8.33997,88,6,88,0
286,3.33082,25,0,53,0,69.928,25,8189,53,0,79,5,6.1152,141,11,141,0
282,3.28385,39,0,26,0,73.253,39,8189,26,0,105,1,4.08845,167,12,167,0
283,3.29554,31,0,42,0,68.279,31,8189,42,0,104,3,3.79725,209,15,209,0
173,2.01464,6,0,50,0,113.382,6,8189,50,0,39,7,3.87878,259,22,259,0
297,3.45864,33,0,6,0,83.103,33,8172,6,0,110,6,3.71571,265,28,265,0
302,3.51683,56,0,7,0,117.09,56,8139,7,0,64,7,4.03021,272,35,272,0
316,3.67983,81,0,8,0,176.775,90,8189,8,0,76,8,4.82227,280,43,280,0
187,2.17762,92,0,21,0,188.132,92,8191,21,0,7,21,4.89216,301,64,301,0
268,3.12107,46,0,95,0,107.969,46,8189,63,0,63,3,6.15014,364,67,396,0
261,3.03933,49,0,8,0,129.827,49,8189,8,0,87,8,6.56947,372,75,404,0
208,2.42221,26,0,52,0,71.019,26,8190,52,0,61,3,6.56947,424,78,456,0
327,3.80817,48,0,7,0,115.912,48,8191,7,0,106,7,7.04704,431,85,463,0
323,3.76157,76,0,14,0,165.213,76,8179,14,0,64,14,6.95386,445,99,477,0
347,4.04113,90,0,23,0,153.683,90,8179,23,0,38,23,6.70925,468,122,500,0
243,2.82977,42,0,102,0,75.597,42,8174,98,0,40,12,6.84902,566,134,602,0
293,3.41199,47,0,9,0,115.995,47,8190,9,0,76,9,5.90554,575,143,611,0
289,3.36539,52,0,10,0,144.041,52,8189,10,0,73,10,6.58112,585,153,621,0
288,3.35374,61,0,11,0,136.776,61,8190,11,0,63,11,6.60442,596,164,632,0
321,3.73805,73,0,12,0,153.315,73,8175,12,0,48,12,7.18682,608,176,644,0
224,2.60851,36,0,80,0,74.657,36,8189,65,0,50,7,6.87232,673,183,724,0
266,3.0976,41,0,7,0,112.91,41,8191,7,0,83,7,6.17344,680,190,731,0
287,3.34214,24,0,52,0,73.551,24,8189,52,0,70,5,6.39475,732,195,783,0
259,3.01607,10,0,34,0,65.705,10,8190,34,0,91,3,6.15014,766,198,817,0
331,3.85448,46,0,4,0,75.543,46,8189,4,0,126,4,5.57939,770,202,821,0
253,2.94622,73,0,9,0,155.36,73,8178,9,0,51,9,5.70752,779,211,830,0
213,2.4804,4,0,110,0,74.945,4,8190,95,0,46,1,5.00864,874,212,940,0
299,3.48202,39,0,2,0,78.202,39,8191,2,0,122,2,4.85722,876,214,942,0
282,3.28391,72,0,9,0,150.828,72,8190,9,0,73,9,5.06688,885,223,951,0
338,3.93626,89,0,19,0,179.949,89,8191,19,0,43,19,4.41459,904,242,970,0
243,2.82982,45,0,97,0,61.6,45,8191,97,0,52,7,3.86714,1001,249,1067,0
321,3.73807,48,0,10,0,109.012,48,8189,10,0,98,10,4.08845,1011,259,1077,0
315,3.66816,58,0,8,0,138.009,58,8191,8,0,81,8,3.48275,1019,267,1085,0
320,3.72643,63,0,9,0,147.906,69,8189,9,0,55,9,4.42624,1028,276,1094,0
203,2.36395,78,0,13,0,171.921,78,8182,13,0,36,13,4.67085,1041,289,1107,0
257,2.99278,39,0,81,0,93.564,39,8190,61,0,64,3,3.93702,1102,292,1188,0
302,3.5168,45,0,7,0,117.836,45,8191,7,0,93,7,4.25152,1109,299,1195,0
241,2.80648,55,0,8,0,139.528,55,8174,8,0,64,8,4.35635,1117,307,1203,0
279,3.24896,30,0,57,0,82.798,30,8189,57,0,90,2,4.28646,1174,309,1260,0
239,2.78316,19,0,39,0,49.011,19,8191,39,0,79,3,4.99699,1213,312,1299,0
259,3.01607,40,0,3,0,97.409,40,8191,3,0,85,3,3.41286,1216,315,1302,0
300,3.49352,69,0,10,0,148.934,69,8177,10,0,61,10,3.83219,1226,325,1312,0
323,3.76133,85,0,21,0,164.066,85,8181,21,0,38,21,4.6825,1247,346,1333,0
214,2.49195,42,0,91,0,70.542,42,8189,91,0,45,6,4.71744,1338,352,1424,0
225,2.62028,24,0,46,0,65.89,24,8191,46,0,74,4,6.4064,1384,356,1470,0
318,3.7034,50,0,7,0,107.157,50,8191,7,0,94,7,5.59104,1391,363,1477,0
229,2.6669,3,0,77,0,148.851,3,8122,67,0,39,8,5.02029,1458,371,1554,0
252,2.9347,16,0,36,0,68.164,16,8191,36,0,75,2,4.96205,1494,373,1590,0
319,3.71478,45,0,3,0,90.88,45,8189,3,0,124,3,5.29984,1497,376,1593,0
257,2.99276,69,0,11,0,155.999,69,8176,11,0,47,11,5.12512,1508,387,1604,0
136,1.58373,14,0,73,0,50.65,14,8189,73,0,28,1,5.11347,1581,388,1677,0
341,3.971,60,0,7,0,129.978,64,8189,7,0,81,7,4.75238,1588,395,1684,0
283,3.29551,83,0,20,0,189.15,83,8187,20,0,45,20,3.98362,1608,415,1704,0
216,2.5152,42,0,86,0,69.829,42,8191,86,0,44,2,3.85549,1694,417,1790,0
282,3.28386,44,0,8,0,106.043,44,8191,8,0,83,8,3.92538,1702,425,1798,0
264,3.07419,48,0,8,0,116.143,48,8191,8,0,45,8,4.20493,1710,433,1806,0
334,3.88943,56,0,7,0,146.309,59,8189,7,0,68,7,4.98534,1717,440,1813,0
237,2.75997,3,0,74,0,163.483,3,8122,64,0,43,5,5.17171,1781,445,1887,0
260,3.02781,53,0,6,0,90.676,53,8189,6,0,89,3,5.90554,1787,448,1893,0
290,3.37709,74,0,13,0,175.059,74,8178,13,0,40,13,6.33651,1800,461,1906,0
238,2.77161,18,0,100,0,140.551,4,8163,100,0,12,22,5.68422,1900,483,2006,0
269,3.13272,21,0,41,0,60.629,21,8191,41,0,94,2,4.70579,1941,485,2047,0
248,2.88818,16,0,34,0,59.896,16,8191,34,0,85,3,4.77568,1975,488,2081,0
276,3.21423,45,0,3,0,86.587,45,8191,3,0,100,3,4.84557,1978,491,2084,0
292,3.40047,28,0,47,0,68.961,28,8191,47,0,93,2,5.04358,2025,493,2131,0
295,3.4353,62,0,4,0,125.478,62,8189,4,0,99,4,5.38138,2029,497,2135,0
255,2.96947,45,0,88,0,155.969,3,8191,75,0,30,13,4.6359,2104,510,2223,0
276,3.2141,38,0,3,0,95.119,38,8191,16,0,86,3,4.72909,2120,513,2226,0
291,3.38871,29,0,42,0,70.313,29,8164,42,0,98,4,5.05523,2162,517,2268,0
270,3.14421,60,0,8,0,132.587,60,8189,8,0,79,8,5.27654,2170,525,2276,0
296,3.44699,3,0,89,0,147.725,3,8113,70,0,41,11,5.40467,2240,536,2365,0
261,3.03932,20,0,42,0,48.562,20,8172,42,0,79,3,4.49613,2282,539,2407,0
287,3.34209,43,0,5,0,84.496,43,8191,5,0,97,5,4.78733,2287,544,2412,0
287,3.34211,28,0,47,0,58.583,28,8191,47,0,93,4,4.79898,2334,548,2459,0
313,3.6449,57,0,7,0,137.012,58,8191,7,0,88,7,4.53107,2341,555,2466,0
278,3.23732,76,0,17,0,125.461,76,8189,17,0,39,17,5.13677,2358,572,2483,0
228,2.65509,12,0,116,0,68.128,12,8189,99,0,46,2,4.90381,2457,574,2599,0
302,3.51687,44,0,2,0,94.415,44,8191,2,0,130,2,4.44954,2459,576,2601,0
305,3.5518,68,0,15,0,143.573,68,8189,15,0,53,15,4.44954,2474,591,2616,0
220,2.56203,35,0,73,0,62.001,35,8189,62,0,46,3,3.87878,2536,594,2689,0
322,3.75002,40,0,46,0,86.999,2,8191,46,0,92,6,3.87878,2582,600,2735,0
281,3.27224,13,0,30,0,60.704,13,8191,30,0,105,2,5.09018,2612,602,2765,0
346,4.02921,57,0,2,0,114.469,57,8191,2,0,137,2,5.00864,2614,604,2767,0
302,3.51682,75,0,19,0,144.124,75,8191,19,0,38,19,4.88051,2633,623,2786,0
330,3.84282,88,0,37,0,140.765,88,8182,37,0,31,37,4.98534,2670,660,2823,0
261,3.03935,44,0,94,0,73.612,44,8189,94,0,46,5,4.21658,2764,665,2917,0
294,3.42366,46,0,8,0,108.698,46,8191,8,0,85,8,3.75066,2772,673,2925,0
266,3.0976,52,0,9,0,134.233,52,8190,9,0,64,9,3.42451,2781,682,2934,0
308,3.58669,64,0,10,0,142.639,64,8189,10,0,68,10,4.01856,2791,692,2944,0
197,2.29409,32,0,67,0,92.518,32,8191,62,0,57,3,5.02029,2853,695,3011,0
286,3.33043,3,0,43,0,93.035,3,8154,43,0,64,6,5.52115,2896,701,3054,0
299,3.48207,36,0,2,0,76.384,36,8191,2,0,116,2,6.79078,2898,703,3056,0
271,3.15582,4,0,70,0,66.421,4,8190,70,0,91,3,7.18682,2968,706,3126,0
286,3.33048,6,0,41,0,71.73,3,8160,41,0,101,4,6.34816,3009,710,3167,0
299,3.48178,33,0,4,0,71.976,33,8191,4,0,111,4,5.95213,3013,714,3171,0
323,3.7616,59,0,7,0,120.052,67,8176,7,0,73,7,5.76576,3020,721,3178,0
239,2.78334,79,0,18,0,160.004,79,8191,18,0,27,18,5.74246,3038,739,3196,0
279,3.24734,39,0,83,0,90.8,39,8190,80,0,70,4,5.8473,3118,743,3279,0
317,3.69142,45,0,7,0,115.843,45,8191,7,0,90,7,5.31149,3125,750,3286,0
324,3.77297,62,0,10,0,138.687,62,8191,10,0,84,10,5.18336,3135,760,3296,0
295,3.43546,73,0,11,0,160.472,78,8179,11,0,54,11,5.32314,3146,771,3307,0
230,2.67838,10,0,95,0,136.106,10,8189,95,0,18,13,5.2416,3241,784,3402,0
240,2.79495,20,0,45,0,63.794,20,8189,45,0,67,4,5.83565,3286,788,3447,0
268,3.1209,30,0,53,0,52.303,2,8189,53,0,100,2,4.98534,3339,790,3500,0
286,3.33046,34,0,36,0,65.941,2,8191,36,0,105,2,4.9504,3375,792,3536,0
207,2.41052,12,0,23,0,41.074,12,8189,23,0,86,2,5.88224,3398,794,3559,0
357,4.1573,58,0,4,0,125.467,63,8164,4,0,115,4,5.97542,3402,798,3563,0
329,3.83124,84,0,16,0,145.233,84,8187,16,0,50,16,6.55782,3418,814,3579,0
218,2.53857,19,0,108,0,84.652,19,8189,91,0,25,21,6.63936,3509,835,3687,0
306,3.5636,45,0,9,0,115.784,45,8190,9,0,103,9,4.89216,3518,844,3696,0
268,3.12105,51,0,11,0,127.693,51,8190,11,0,68,11,5.03194,3529,855,3707,0
234,2.72443,26,0,57,0,64.078,27,8189,57,0,56,3,5.28819,3586,858,3764,0
261,3.03928,34,0,5,0,89.881,34,8177,5,0,85,5,5.14842,3591,863,3769,0
312,3.63317,54,0,60,0,125.514,2,8190,60,0,72,6,5.8473,3651,869,3829,0
234,2.72496,31,0,3,0,79.757,31,8189,3,0,95,3,6.56947,3654,872,3832,0
277,3.22571,46,0,8,0,109.098,46,8189,8,0,73,8,5.81235,3662,880,3840,0
303,3.52844,58,0,10,0,140.037,62,8144,10,0,47,10,5.68422,3672,890,3850,0
289,3.36541,82,0,12,0,180.362,82,8159,12,0,45,12,5.40467,3684,902,3862,0
198,2.30572,41,0,87,0,67.764,41,8189,62,0,44,4,5.17171,3746,906,3949,0
305,3.55174,45,0,4,0,109.813,45,8189,4,0,96,4,4.69414,3750,910,3953,0
292,3.39993,54,0,8,0,120.835,54,8191,8,0,78,8,5.14842,3758,918,3961,0
259,3.01609,66,0,13,0,142.978,66,8178,13,0,47,13,5.5095,3771,931,3974,0
256,2.98129,34,0,67,0,85.395,34,8189,60,0,73,1,5.2416,3831,932,4041,0
238,2.77148,40,0,9,0,124.831,40,8189,9,0,68,9,5.5328,3840,941,4050,0
331,3.85463,56,0,8,0,127.844,56,8158,8,0,73,8,5.12512,3848,949,4058,0
258,3.00461,77,0,11,0,160.636,77,8191,11,0,58,11,3.68077,3859,960,4069,0
280,3.26087,83,0,27,0,160.973,83,8181,27,0,14,27,3.66912,3886,987,4096,0
211,2.45723,41,0,85,0,63.157,41,8191,84,0,47,2,3.72736,3970,989,4181,0
266,3.09768,43,0,9,0,109.176,43,8191,9,0,76,9,3.87878,3979,998,4190,0
319,3.71357,54,0,9,0,113.525,54,8191,9,0,90,9,5.2183,3988,1007,4199,0
296,3.44685,64,0,12,0,160.388,68,8189,12,0,61,12,4.83392,4000,1019,4211,0
252,2.93457,73,0,16,0,156.989,73,8191,16,0,20,16,4.72909,4016,1035,4227,0
238,2.77153,37,0,74,0,98.826,37,8191,60,0,76,1,3.83219,4076,1036,4301,0
251,2.92293,41,0,11,0,105.552,41,8189,11,0,64,11,3.50605,4087,1047,4312,0
310,3.60995,52,0,8,0,122.895,52,8191,8,0,65,8,3.86714,4095,1055,4320,0
269,3.13249,62,0,7,0,162.801,66,8163,7,0,51,7,3.63418,4102,1062,4327,0
227,2.64344,3,0,75,0,146.901,3,8123,66,0,9,7,3.84384,4168,1069,4402,0
287,3.34214,36,0,4,0,91.732,36,8191,4,0,99,4,4.23987,4172,1073,4406,0
269,3.13261,49,0,7,0,124.866,49,8185,7,0,91,7,4.20493,4179,1080,4413,0
324,3.77316,72,0,8,0,165.79,72,8190,8,0,72,8,4.71744,4187,1088,4421,0
315,3.66837,82,0,21,0,185.372,86,8183,21,0,37,21,5.36973,4208,1109,4442,0
182,2.1195,31,0,93,0,67.527,31,8189,93,0,29,7,5.81235,4301,1116,4535,0
273,3.17771,44,0,8,0,75.631,44,8173,8,0,71,8,6.3831,4309,1124,4543,0
316,3.67987,50,0,8,0,102.976,50,8143,8,0,80,8,7.53626,4317,1132,4551,0
281,3.27226,56,0,7,0,143.715,60,8189,7,0,63,7,6.23168,4324,1139,4558,0
156,1.81663,23,0,66,0,96.3,23,8189,66,0,28,4,5.10182,4390,1143,4624,0
261,3.03935,35,0,5,0,118.773,35,8189,5,0,84,5,4.44954,4395,1148,4629,0
237,2.76002,11,0,47,0,96.21,3,8162,47,0,39,7,4.30976,4442,1155,4676,0
226,2.63181,3,0,31,0,67.995,3,8189,31,0,85,2,4.3913,4473,1157,4707,0
284,3.30721,57,0,4,0,117.229,60,8189,4,0,99,4,5.12512,4477,1161,4711,0
160,1.86321,22,0,70,0,90.764,22,8190,65,0,29,6,5.42797,4542,1167,4781,0
255,2.96952,34,0,6,0,100.157,34,8189,6,0,67,6,5.35808,4548,1173,4787,0
256,2.98047,47,0,9,0,113.841,47,8185,9,0,93,9,5.16006,4557,1182,4796,0
274,3.19085,29,0,49,0,73.168,29,8190,49,0,96,2,4.58931,4606,1184,4845,0
282,3.28391,49,0,6,0,114.673,49,8160,6,0,70,6,4.44954,4612,1190,4851,0
251,2.9231,28,0,61,0,63.775,28,8189,61,0,64,4,4.56602,4673,1194,4912,0
245,2.85224,35,0,4,0,92.308,35,8191,4,0,79,4,4.49613,4677,1198,4916,0
236,2.74837,25,0,38,0,69.201,25,8191,38,0,82,3,4.91546,4715,1201,4954,0
242,2.8182,27,0,31,0,65.743,27,8191,31,0,98,2,4.69414,4746,1203,4985,0
279,3.24896,61,0,8,0,122.515,61,8190,8,0,72,8,4.40294,4754,1211,4993,0
279,3.24716,75,0,19,0,173.855,75,8191,19,0,28,19,4.32141,4773,1230,5012,0
213,2.48018,37,0,78,0,71.295,37,8191,62,0,44,3,4.26317,4835,1233,5090,0
247,2.87633,6,0,47,0,103.531,6,8189,47,0,69,8,4.56602,4882,1241,5137,0
222,2.5852,19,0,25,0,35.828,19,8191,25,0,89,1,4.32141,4907,1242,5162,0
332,3.86615,57,0,6,0,125.234,70,8189,5,0,86,6,5.75411,4912,1248,5168,0
257,2.9929,76,0,21,0,142.875,76,8185,22,0,12,21,4.82227,4934,1269,5189,0
251,2.92208,38,0,79,0,101.925,38,8189,79,0,55,3,3.4944,5013,1272,5268,0
282,3.28406,42,0,7,0,99.978,42,8189,7,0,77,7,3.61088,5020,1279,5275,0
244,2.84141,23,0,51,0,65.966,23,8189,51,0,66,4,3.30803,5071,1283,5326,0
257,2.99279,33,0,6,0,79.312,33,8191,6,0,94,6,3.71571,5077,1289,5332,0
264,3.07428,22,0,40,0,48.808,22,8189,40,0,83,3,4.12339,5117,1292,5372,0
298,3.46816,41,0,6,0,112.869,51,8189,6,0,90,6,5.11347,5123,1298,5378,0
310,3.60989,83,0,8,0,125.506,83,8191,8,0,69,8,5.2183,5131,1306,5386,0
205,2.38724,35,0,88,0,67.442,35,8189,63,0,35,4,4.76403,5194,1310,5474,0
283,3.29559,44,0,7,0,121.913,44,8190,7,0,78,7,4.12339,5201,1317,5481,0
306,3.56363,47,0,7,0,125.807,49,8189,7,0,67,7,3.89043,5208,1324,5488,0
298,3.47019,60,0,7,0,138.265,60,8189,7,0,66,7,3.44781,5215,1331,5495,0
120,1.3974,63,0,8,0,165.336,63,8155,8,0,10,8,3.4711,5223,1339,5503,0
190,2.2125,4,0,95,0,75.765,4,8190,95,0,35,1,5.09018,5318,1340,5598,0
262,3.051,36,0,2,0,80.922,36,8191,2,0,106,2,5.78906,5320,1342,5600,0
329,3.83123,67,0,9,0,130.371,67,8190,9,0,64,9,4.99699,5329,1351,5609,0
328,3.81972,84,0,23,0,168.389,84,8181,23,0,41,23,4.30976,5352,1374,5632,0
168,1.95633,3,0,139,0,162.044,3,8149,139,0,5,12,4.27482,5491,1386,5771,0
221,2.57362,27,0,3,0,75.696,27,8191,3,0,84,3,3.62253,5494,1389,5774,0
277,3.22571,4,0,50,0,92.676,4,8183,50,0,65,5,3.57594,5544,1394,5824,0
257,2.99279,30,0,3,0,77.228,30,8189,3,0,100,3,3.5177,5547,1397,5827,0
207,2.41053,3,0,66,0,64.904,3,8159,66,0,60,1,3.15661,5613,1398,5893,0
293,3.41202,40,0,2,0,70.042,40,8191,2,0,119,2,3.24979,5615,1400,5895,0
262,3.05106,26,0,46,0,66.058,26,8189,46,0,91,3,3.27309,5661,1403,5941,0
304,3.5401,53,0,6,0,115.721,53,8189,6,0,89,6,3.92538,5667,1409,5947,0
314,3.65661,69,0,9,0,189.288,79,8180,9,0,54,9,4.61261,5676,1418,5956,0
308,3.58665,63,0,15,0,138.992,86,8191,15,0,19,15,4.71744,5691,1433,5971,0
145,1.68853,4,0,99,0,154.487,4,8190,66,0,16,8,4.84557,5757,1441,6070,0
213,2.4804,12,0,48,0,88.273,12,8189,48,0,54,3,4.41459,5805,1444,6118,0
301,3.50508,38,0,2,0,96.456,38,8189,2,0,124,2,4.15834,5807,1446,6120,0
297,3.45852,64,0,10,0,139.317,65,8189,10,0,65,10,4.01856,5817,1456,6130,0
326,3.79654,84,0,31,0,140.166,84,8191,31,0,44,30,3.4944,5848,1486,6161,0
234,2.7251,42,0,96,0,62.684,42,8191,95,0,48,11,3.07507,5943,1497,6257,0
269,3.13256,44,0,11,0,124.306,44,8191,11,0,79,11,3.01683,5954,1508,6268,0
201,2.34064,49,0,9,0,130.145,49,8181,9,0,51,9,3.05178,5963,1517,6277,0
242,2.81809,27,0,50,0,88.385,27,8191,50,0,79,1,3.52934,6013,1518,6327,0
317,3.69155,53,0,4,0,107.741,53,8191,4,0,103,4,4.9271,6017,1522,6331,0
264,3.07441,76,0,10,0,148.713,76,8156,10,0,49,10,5.12512,6027,1532,6341,0
226,2.63186,38,0,78,0,103.818,38,8187,61,0,53,2,5.94048,6088,1534,6419,0
235,2.73658,41,0,6,0,103.774,41,8189,6,0,65,6,5.17171,6094,1540,6425,0
247,2.87629,23,0,49,0,70.78,23,8189,49,0,73,3,5.09018,6143,1543,6474,0
287,3.34209,34,0,6,0,86.593,34,8190,6,0,96,6,4.81062,6149,1549,6480,0
266,3.09759,23,0,41,0,65.29,23,8189,41,0,88,1,4.12339,6190,1550,6521,0
192,2.23585,15,0,31,0,50.43,15,8189,31,0,64,2,4.60096,6221,1552,6552,0
270,3.14417,47,0,6,0,102.68,47,8191,6,0,98,6,4.90381,6227,1558,6558,0
162,1.88654,24,0,49,0,69.022,24,8189,49,0,43,1,5.14842,6276,1559,6607,0
282,3.28389,37,0,6,0,96.85,37,8189,6,0,88,6,5.11347,6282,1565,6613,0
274,3.19101,59,0,7,0,136.779,59,8191,7,0,66,7,5.34643,6289,1572,6620,0
211,2.45723,3,0,81,0,149.556,3,8190,69,0,28,7,4.85722,6358,1579,6701,0
230,2.6785,8,0,40,0,81.409,8,8189,40,0,69,3,4.03021,6398,1582,6741,0
264,3.07443,10,0,31,0,77.938,10,8189,31,0,99,2,4.0768,6429,1584,6772,0
306,3.56338,49,0,3,0,86.38,49,8191,3,0,126,3,4.00691,6432,1587,6775,0
283,3.29556,72,0,17,0,153.243,72,8183,17,0,45,17,5.04358,6449,1604,6792,0
195,2.27077,36,0,75,0,83.803,36,8189,75,0,47,3,6.9888,6524,1607,6867,0
263,3.06263,19,0,42,0,68.004,19,8189,42,0,74,4,6.49958,6566,1611,6909,0
249,2.89962,19,0,26,0,52.43,19,8189,26,0,111,1,6.46464,6592,1612,6935,0
339,3.94769,62,0,5,0,110.415,62,8189,5,0,91,5,5.57939,6597,1617,6940,0
209,2.4338,32,0,67,0,79.202,32,8191,62,0,62,3,4.86886,6659,1620,7007,0
284,3.30727,40,0,46,0,101.685,2,8152,46,0,85,6,5.40467,6705,1626,7053,0
236,2.74816,30,0,2,0,70.208,30,8189,2,0,100,2,5.77741,6707,1628,7055,0
328,3.81955,64,0,7,0,124.582,64,8191,7,0,89,7,4.56602,6714,1635,7062,0
246,2.86496,84,0,12,0,164.251,84,8189,12,0,46,12,4.62426,6726,1647,7074,0
217,2.52697,42,0,87,0,81.03,42,8189,87,0,48,3,4.04186,6813,1650,7161,0
206,2.39886,24,0,44,0,70.886,24,8190,44,0,69,2,3.65747,6857,1652,7205,0
255,2.96961,33,0,25,0,87.578,33,8190,25,0,94,1,4.3913,6882,1653,7230,0
285,3.31883,64,0,7,0,141.975,64,8174,7,0,59,7,4.30976,6889,1660,7237,0
250,2.91143,1,0,89,0,136.632,3,8123,80,0,10,21,4.22822,6969,1681,7326,0
178,2.07285,34,0,4,0,67.524,34,8191,4,0,61,1,4.58931,6973,1682,7330,0
217,2.52697,5,0,77,0,62.988,2,8190,77,0,60,2,4.77568,7050,1684,7407,0
202,2.3523,17,0,23,0,70.34,17,8191,23,0,89,0,4.6592,7073,1684,7430,0
354,4.12237,85,0,2,0,145.242,85,8190,2,0,148,2,5.10182,7075,1686,7432,0
191,2.22417,92,0,12,0,217.602,92,8170,12,0,21,12,4.85722,7087,1698,7444,0
189,2.20096,46,0,94,0,78.556,46,8190,61,0,47,2,4.56602,7148,1700,7538,0
246,2.86474,47,0,4,0,143.831,47,8191,4,0,63,4,3.75066,7152,1704,7542,0
306,3.56339,56,0,6,0,137.935,56,8191,6,0,105,6,3.70406,7158,1710,7548,0
220,2.56198,13,0,64,0,109.877,13,8191,63,0,35,5,3.52934,7221,1715,7612,0
286,3.33053,35,0,6,0,93.438,35,8191,6,0,108,6,4.25152,7227,1721,7618,0
266,3.09754,52,0,6,0,123.322,52,8191,6,0,71,6,5.38138,7233,1727,7624,0
324,3.77314,77,0,8,0,177.709,78,8191,8,0,68,8,4.69414,7241,1735,7632,0
176,2.04956,7,0,90,0,170.491,7,8190,90,0,8,11,4.98534,7331,1746,7722,0
320,3.72625,41,0,6,0,109.591,41,8167,6,0,93,6,4.9271,7337,1752,7728,0
258,3.00443,49,0,6,0,118.267,49,8191,6,0,85,6,5.11347,7343,1758,7734,0
287,3.34228,62,0,6,0,138.246,62,8191,6,0,63,6,5.97542,7349,1764,7740,0
328,3.81942,74,0,13,0,193.653,83,8166,12,0,65,13,6.10355,7361,1777,7753,0
174,2.02625,30,0,93,0,78.824,30,8189,80,0,29,9,5.85894,7441,1786,7846,0
253,2.94622,43,0,6,0,135.219,43,8178,6,0,64,6,5.47456,7447,1792,7852,0
214,2.49205,46,0,7,0,132.025,46,8176,7,0,59,7,5.2649,7454,1799,7859,0
254,2.95784,29,0,46,0,84.942,29,8191,46,0,96,0,3.94867,7500,1799,7905,0
274,3.19072,51,0,8,0,130.822,51,8190,8,0,76,8,3.50605,7508,1807,7913,0
280,3.26051,81,0,13,0,162.527,81,8189,13,0,67,13,4.62426,7521,1820,7926,0
115,1.33923,9,0,84,0,177.995,9,8191,61,0,10,2,4.78733,7582,1822,8010,0
225,2.62017,18,0,44,0,75.805,18,8189,44,0,66,3,5.35808,7626,1825,8054,0
249,2.89962,23,0,23,0,57.213,23,8189,23,0,109,1,4.61261,7649,1826,8077,0
251,2.9229,58,0,6,0,127.283,58,8189,6,0,70,6,4.54272,7655,1832,8083,0
215,2.5037,37,0,62,0,61.779,37,8189,62,0,67,1,4.57766,7717,1833,8145,0
224,2.6084,3,0,64,0,124.147,3,8132,64,0,34,5,4.77568,7781,1838,8209,0
185,2.1544,46,0,3,0,97.899,46,8191,3,0,77,0,5.2416,7784,1838,8212,0
294,3.42386,73,0,5,0,139.956,74,8189,5,0,54,5,6.88397,7789,1843,8217,0
311,3.62172,84,0,27,0,150.668,84,8184,27,0,24,27,6.26662,7816,1870,8244,0
199,2.31738,41,0,89,0,64.711,41,8189,89,0,39,5,5.09018,7905,1875,8333,0
253,2.94622,44,0,10,0,110.67,44,8189,10,0,68,10,4.00691,7915,1885,8343,0
259,3.01608,47,0,9,0,138.88,48,8191,9,0,57,9,3.57594,7924,1894,8352,0
363,4.2271,73,0,2,0,162.992,76,8189,2,0,141,2,3.62253,7926,1896,8354,0
305,3.55178,78,0,10,0,169.852,94,8191,10,0,48,10,3.69242,7936,1906,8364,0
170,1.97966,3,0,148,0,176.968,3,8145,148,0,3,7,3.87878,8084,1913,8512,0
230,2.67837,28,0,2,0,92.037,28,8189,2,0,87,2,4.00691,8086,1915,8514,0
302,3.51682,56,0,4,0,139.054,56,8189,4,0,99,4,4.33306,8090,1919,8518,0
241,2.80643,65,0,77,0,140.494,2,8191,70,0,17,12,4.60096,8160,1931,8595,0
213,2.48055,34,0,1,0,84.62,34,8189,1,0,81,1,3.29638,8161,1932,8596,0
275,3.20241,47,0,4,0,107.523,47,8190,4,0,99,4,4.1001,8165,1936,8600,0
294,3.42365,66,0,10,0,160.157,66,8191,10,0,62,10,4.53107,8175,1946,8610,0
247,2.8759,86,0,12,0,177.937,86,8191,12,0,48,12,4.64755,8187,1958,8622,0
181,2.10792,43,0,86,0,68.458,43,8189,59,0,44,0,5.62598,8246,1958,8708,0
241,2.80655,45,0,6,0,147.372,45,8164,6,0,69,6,5.824,8252,1964,8714,0
336,3.91296,55,0,6,0,132.404,55,8190,6,0,101,6,5.85894,8258,1970,8720,0
227,2.64342,66,0,9,0,143.433,66,8191,9,0,54,9,5.92883,8267,1979,8729,0
326,3.79626,80,0,18,0,183.835,80,8181,18,0,50,18,5.25325,8285,1997,8747,0
218,2.53869,85,0,110,0,157.564,2,8191,83,0,13,25,5.2649,8368,2022,8857,0
182,2.11943,3,0,46,0,73.54,3,8149,47,0,42,4,3.90208,8415,2026,8903,0
217,2.52696,5,0,36,0,92.845,5,8189,36,0,75,2,3.63418,8451,2028,8939,0
299,3.48214,64,0,1,0,117.395,72,8189,0,0,128,1,3.86714,8451,2029,8940,0
189,2.20103,75,0,8,0,147.312,75,8149,9,0,7,8,3.92538,8460,2037,8948,0
247,2.87634,37,0,79,0,107.763,37,8189,79,0,55,4,4.20493,8539,2041,9027,0
272,3.16765,40,0,9,0,108.172,40,8159,9,0,68,9,4.23987,8548,2050,9036,0
196,2.28241,16,0,47,0,117.49,16,8189,47,0,48,3,4.12339,8595,2053,9083,0
227,2.64341,14,0,27,0,53.914,14,8189,27,0,91,2,3.70406,8622,2055,9110,0
271,3.15579,48,0,4,0,115.629,48,8191,4,0,91,4,3.82054,8626,2059,9114,0
269,3.13253,70,0,13,0,156.192,70,8177,13,0,41,13,3.45946,8639,2072,9127,0
188,2.18918,35,0,77,0,57.828,35,8189,65,0,40,6,3.82054,8704,2078,9204,0
210,2.44556,13,0,40,0,94.55,13,8190,40,0,52,4,3.8089,8744,2082,9244,0
245,2.85323,7,0,33,0,76.404,7,8189,33,0,99,1,4.53107,8777,2083,9277,0
269,3.13253,33,0,2,0,74.762,33,8191,2,0,100,2,6.17344,8779,2085,9279,0
265,3.08617,59,0,11,0,132.611,59,8168,11,0,55,11,4.3447,8790,2096,9290,0
160,1.86333,23,0,62,0,48.22,23,8189,61,0,43,0,4.42624,8851,2096,9352,0
303,3.52847,27,0,56,0,80.536,27,8190,56,0,103,4,4.6825,8907,2100,9408,0
177,2.06119,16,0,30,0,74.712,16,8190,30,0,60,2,4.42624,8937,2102,9438,0
297,3.45857,56,0,3,0,131.801,56,8191,3,0,105,3,4.91546,8940,2105,9441,0
290,3.37701,71,0,17,0,157.138,71,8167,17,0,29,17,4.3913,8957,2122,9458,0
165,1.92142,35,0,73,0,71.294,35,8189,61,0,39,2,4.25152,9018,2124,9531,0
261,3.03937,32,0,35,0,83.041,32,8189,35,0,104,0,4.51942,9053,2124,9566,0
231,2.69025,26,0,35,0,59.318,26,8191,35,0,85,2,4.32141,9088,2126,9601,0
257,2.99283,20,0,46,0,96.605,20,8191,46,0,66,3,4.28646,9134,2129,9647,0
235,2.73668,13,0,31,0,74.239,13,8189,31,0,88,3,3.70406,9165,2132,9678,0
306,3.56332,42,0,3,0,75.1,42,8150,3,0,108,3,3.14496,9168,2135,9681,0
255,2.9696,72,0,10,0,151.353,72,8190,10,0,59,10,3.2032,9178,2145,9691,0
226,2.63181,10,0,86,0,150.321,10,8189,65,0,26,6,3.13331,9243,2151,9777,0
267,3.10924,4,0,44,0,113.308,4,8191,44,0,69,4,3.04013,9287,2155,9821,0
229,2.66687,27,0,5,0,67.967,27,8190,5,0,89,5,2.85376,9292,2160,9826,0
276,3.21396,20,0,61,0,45.986,20,8191,61,0,80,2,2.86541,9353,2162,9887,0
185,2.15435,14,0,37,0,53.564,14,8191,37,0,58,3,3.16826,9390,2165,9924,0
337,3.92308,69,0,5,0,112.559,70,8191,5,0,94,5,3.96032,9395,2170,9929,0
260,3.02774,35,0,110,0,66.338,2,8191,98,0,51,4,3.62253,9493,2174,10039,0
250,2.91038,31,0,3,0,94.406,31,8189,3,0,102,3,3.97197,9496,2177,10042,0
297,3.45858,71,0,8,0,141.129,71,8189,8,0,87,8,3.59923,9504,2185,10050,0
300,3.49351,35,0,87,0,80.953,35,8191,87,0,60,7,3.24979,9591,2192,10137,0
254,2.95746,20,0,47,0,62.593,20,8189,47,0,78,6,3.43616,9638,2198,10184,0
280,3.26088,45,0,2,0,100.503,45,8189,2,0,111,2,5.07853,9640,2200,10186,0
187,2.17775,26,0,54,0,83.877,26,8189,54,0,54,2,5.97542,9694,2202,10240,0
292,3.40038,37,0,4,0,92.1,37,8189,4,0,101,4,5.16006,9698,2206,10244,0
279,3.24891,53,0,8,0,124.273,53,8190,8,0,53,8,5.09018,9706,2214,10252,0
367,4.27403,80,0,6,0,190.07,99,8158,6,0,116,6,4.29811,9712,2220,10258,0
209,2.43399,4,0,117,0,164.981,4,8172,117,0,8,16,4.33306,9829,2236,10375,0
270,3.14455,50,0,8,0,133.431,50,8191,8,0,69,8,5.17171,9837,2244,10383,0
229,2.66679,52,0,7,0,146.897,52,8176,7,0,61,7,4.43789,9844,2251,10390,0
227,2.64351,28,0,55,0,75.756,28,8191,55,0,68,3,4.67085,9899,2254,10445,0
249,2.89968,24,0,30,0,51.023,24,8189,30,0,92,1,4.83392,9929,2255,10475,0
312,3.63327,60,0,6,0,117.675,60,8191,6,0,80,6,4.99699,9935,2261,10481,0
295,3.43529,80,0,16,0,174.746,80,8171,16,0,42,16,6.49958,9951,2277,10497,0
277,3.22574,27,0,121,0,135.965,4,8146,111,0,22,32,6.52288,10062,2309,10618,0
225,2.62014,25,0,28,0,61.824,25,8191,38,0,77,1,5.96378,10100,2310,10646,0
235,2.73662,22,0,36,0,58.657,22,8191,36,0,84,2,3.96032,10136,2312,10682,0
231,2.69,18,0,36,0,61.302,18,8191,30,0,81,2,3.07507,10166,2314,10718,0
305,3.55176,48,0,2,0,111.252,48,8189,2,0,111,2,3.26144,10168,2316,10720,0
292,3.40036,63,0,15,0,127.845,68,8191,15,0,36,15,3.21485,10183,2331,10735,0
243,2.82981,88,0,19,0,163.805,88,8178,19,0,50,19,3.57594,10202,2350,10754,0
291,3.38872,44,0,91,0,110.097,44,8189,72,0,74,3,4.88051,10274,2353,10845,0
263,3.06266,47,0,9,0,106.55,47,8189,9,0,69,9,4.20493,10283,2362,10854,0
276,3.21398,54,0,11,0,127.483,54,8191,11,0,66,11,4.70579,10294,2373,10865,0
301,3.50514,60,0,5,0,153.748,68,8189,5,0,68,5,4.70579,10299,2378,10870,0
212,2.46882,34,0,71,0,71.942,34,8189,61,0,40,3,4.51942,10360,2381,10941,0
272,3.16749,40,0,5,0,102.559,40,8190,5,0,102,5,4.76403,10365,2386,10946,0
297,3.45858,53,0,5,0,139.283,53,8191,5,0,65,5,4.11174,10370,2391,10951,0
320,3.72637,76,0,11,0,151.654,76,8191,11,0,69,11,4.15834,10381,2402,10962,0
156,1.81662,26,0,83,0,82.901,26,8189,64,0,26,6,4.25152,10445,2408,11045,0
257,2.99279,40,0,10,0,109.871,40,8181,10,0,84,10,4.46118,10455,2418,11055,0
316,3.67982,49,0,7,0,128.554,49,8160,7,0,80,7,5.45126,10462,2425,11062,0
198,2.3058,62,0,6,0,154.533,62,8164,6,0,56,6,5.11347,10468,2431,11068,0
241,2.80662,32,0,64,0,81.395,32,8189,61,0,65,2,4.89216,10529,2433,11132,0
222,2.58519,17,0,35,0,55.382,17,8189,35,0,60,2,5.46291,10564,2435,11167,0
251,2.9229,42,0,2,0,96.749,42,8189,2,0,89,2,4.9737,10566,2437,11169,0
294,3.42363,87,0,8,0,143.994,87,8189,8,0,98,8,4.62426,10574,2445,11177,0
322,3.74992,104,0,19,0,198.012,104,8163,19,0,50,19,4.9737,10593,2464,11196,0
150,1.74674,26,0,110,0,89.323,26,8189,83,0,24,5,4.86886,10676,2469,11306,0
288,3.3538,53,0,11,0,117.773,53,8191,11,0,85,11,4.64755,10687,2480,11317,0
353,4.11091,55,0,9,0,136.501,56,8189,9,0,75,9,4.93875,10696,2489,11326,0
308,3.58666,61,0,8,0,122.615,62,8191,8,0,56,8,4.91546,10704,2497,11334,0
292,3.40036,61,0,10,0,161.601,70,8175,10,0,56,10,5.29984,10714,2507,11344,0
244,2.8414,81,0,9,0,201.558,81,8177,9,0,50,9,6.0919,10723,2516,11353,0
198,2.30588,40,0,81,0,97.297,40,8189,58,0,56,0,6.58112,10781,2516,11434,0
299,3.482,45,0,4,0,109.959,45,8189,4,0,94,4,6.31322,10785,2520,11438,0
293,3.41216,56,0,10,0,117.325,56,8191,10,0,74,10,6.03366,10795,2530,11448,0
298,3.47022,64,0,9,0,165.186,70,8189,9,0,57,9,4.77568,10804,2539,11457,0
214,2.4921,76,0,89,0,175.394,2,8155,71,0,16,13,4.50778,10875,2552,11546,0
214,2.49206,39,0,3,0,80.054,39,8190,4,0,75,3,3.83219,10879,2555,11549,0
235,2.7366,25,0,41,0,70.342,25,8189,41,0,82,2,3.91373,10920,2557,11590,0
258,3.00441,20,0,47,0,68.82,20,8191,47,0,69,6,3.61088,10967,2563,11637,0
267,3.10929,38,0,2,0,93.659,38,8191,2,0,111,2,4.01856,10969,2565,11639,0
303,3.52852,74,0,6,0,145.899,74,8189,6,0,80,6,4.15834,10975,2571,11645,0
174,2.02626,83,0,10,0,190.536,83,8191,10,0,24,10,3.89043,10985,2581,11655,0
250,2.91127,41,0,84,0,104.186,41,8189,60,0,62,1,3.31968,11045,2582,11739,0
229,2.66683,21,0,45,0,71.776,21,8191,45,0,69,3,4.49613,11090,2585,11784,0
261,3.03952,36,0,4,0,97.933,36,8191,4,0,93,4,4.48448,11094,2589,11788,0
212,2.46888,61,0,5,0,137.193,61,8175,5,0,61,5,4.01856,11099,2594,11793,0
239,2.78323,15,0,93,0,67.897,15,8191,91,0,61,2,4.32141,11190,2596,11886,0
275,3.20241,4,0,42,0,79.763,3,8157,42,0,93,4,3.92538,11232,2600,11928,0
202,2.35236,11,0,24,0,59.583,11,8189,24,0,71,2,4.27482,11256,2602,11952,0
255,2.9695,40,0,4,0,92.205,40,8189,4,0,91,4,4.368,11260,2606,11956,0
233,2.71329,6,0,69,0,91.509,6,8191,69,0,52,3,4.67085,11329,2609,12025,0
224,2.60849,17,0,36,0,57.143,17,8189,36,0,80,2,4.82227,11365,2611,12061,0
310,3.60995,54,0,2,0,118.959,54,8189,2,0,127,2,3.77395,11367,2613,12063,0
290,3.37705,79,0,16,0,148.67,79,8191,16,0,52,16,3.69242,11383,2629,12079,0
295,3.43545,97,0,18,0,134.663,97,8191,18,0,49,18,3.91373,11401,2647,12097,0
218,2.53883,45,0,99,0,72.32,45,8189,96,0,43,2,4.0535,11497,2649,12196,0
296,3.44713,50,0,6,0,129.432,50,8190,6,0,80,6,5.46291,11503,2655,12202,0
293,3.41197,54,0,8,0,144.907,54,8189,8,0,74,8,5.32314,11511,2663,12210,0
295,3.43534,63,0,6,0,148.735,63,8189,6,0,64,6,5.46291,11517,2669,12216,0
279,3.24902,74,0,15,0,162.581,74,8178,15,0,48,15,5.2183,11532,2684,12231,0
73,0.85007,3,0,75,0,162.184,3,8117,70,0,1,1,5.20666,11602,2685,12306,0
217,2.52718,38,0,4,0,100.024,38,8189,4,0,78,4,5.31149,11606,2689,12310,0
297,3.45851,45,0,7,0,120.661,45,8146,7,0,86,7,5.81235,11613,2696,12317,0
159,1.85155,22,0,51,0,88.934,22,8189,51,0,38,3,5.47456,11664,2699,12368,0
233,2.71334,3,0,33,0,81.356,3,8191,33,0,77,3,5.03194,11697,2702,12401,0
200,2.32902,9,0,39,0,78.941,9,8189,39,0,68,2,4.48448,11736,2704,12440,0
240,2.79472,6,0,32,0,74.078,6,8191,32,0,98,1,4.25152,11768,2705,12472,0
259,3.01618,3,0,36,0,77.549,3,8156,36,0,103,1,4.44954,11804,2706,12508,0
216,2.51554,29,0,2,0,73.057,29,8191,2,0,95,2,3.75066,11806,2708,12510,0
299,3.48187,61,0,8,0,136.505,61,8183,8,0,72,8,3.79725,11814,2716,12518,0
188,2.18925,73,0,12,0,157.35,73,8167,12,0,27,12,3.70406,11826,2728,12530,0
259,3.01614,17,0,111,0,68.685,17,8191,111,0,56,2,3.28474,11937,2730,12641,0
313,3.64491,45,0,2,0,98.095,45,8189,2,0,126,2,3.27309,11939,2732,12643,0
204,2.3756,6,0,67,0,131.913,6,8191,66,0,34,7,3.28474,12005,2739,12710,0
254,2.95785,33,0,4,0,97.759,33,8191,4,0,90,4,4.08845,12009,2743,12714,0
307,3.57507,48,0,7,0,120.282,48,8191,7,0,85,7,4.61261,12016,2750,12721,0
316,3.67984,66,0,9,0,132.991,67,8189,9,0,58,9,4.99699,12025,2759,12730,0
302,3.5168,84,0,15,0,177.724,84,8177,15,0,40,15,5.49786,12040,2774,12745,0
220,2.56189,93,0,6,0,123.778,93,8189,6,0,25,6,4.77568,12046,2780,12751,0
222,2.58539,46,0,96,0,118.751,46,8191,62,0,48,3,4.9737,12108,2783,12847,0
260,3.02735,49,0,6,0,134.978,49,8190,6,0,99,6,5.06688,12114,2789,12853,0
233,2.7133,26,0,51,0,75.567,26,8189,51,0,71,2,3.89043,12165,2791,12904,0
358,4.16914,55,0,4,0,124.154,57,8189,4,0,122,4,4.40294,12169,2795,12908,0
300,3.49369,80,0,12,0,165.681,80,8166,12,0,49,12,4.88051,12181,2807,12920,0
166,1.93302,8,0,94,0,163.693,8,8191,66,0,21,8,4.9737,12247,2815,13014,0
269,3.13135,18,0,42,0,57.174,21,8191,42,0,87,3,4.21658,12289,2818,13056,0
255,2.96943,46,0,4,0,111.362,46,8189,4,0,89,4,3.97197,12293,2822,13060,0
271,3.15572,71,0,9,0,165.478,71,8164,9,0,53,9,3.72736,12302,2831,13069,0
201,2.34064,35,0,71,0,93.927,35,8191,71,0,52,0,3.61088,12373,2831,13140,0
221,2.57355,40,0,4,0,122.678,40,8189,4,0,76,4,3.92538,12377,2835,13144,0
327,3.80792,55,0,9,0,126.628,55,8189,9,0,84,9,4.75238,12386,2844,13153,0
313,3.64507,71,0,9,0,177.594,71,8190,9,0,54,9,5.16006,12395,2853,13162,0
195,2.27094,36,0,74,0,58.698,36,8189,61,0,39,2,5.28819,12456,2855,13236,0
250,2.91152,39,0,4,0,100.129,39,8191,4,0,72,4,4.75238,12460,2859,13240,0
304,3.54004,54,0,6,0,136.504,54,8190,6,0,102,6,5.13677,12466,2865,13246,0
259,3.01612,62,0,14,0,139.599,62,8176,14,0,29,14,5.02029,12480,2879,13260,0
215,2.50368,31,0,63,0,87.02,31,8189,59,0,52,1,4.9737,12539,2880,13323,0
259,3.01614,36,0,6,0,102.501,36,8157,6,0,68,6,5.36973,12545,2886,13329,0
323,3.76133,57,0,6,0,142.795,62,8189,6,0,111,6,5.10182,12551,2892,13335,0
251,2.92283,75,0,13,0,175.518,75,8191,13,0,27,13,5.04358,12564,2905,13348,0
150,1.74679,27,0,79,0,92.096,27,8189,63,0,26,4,4.93875,12627,2909,13427,0
272,3.16754,39,0,7,0,109.995,39,8176,7,0,81,7,5.09018,12634,2916,13434,0
260,3.02774,50,0,8,0,121.466,50,8190,8,0,86,8,4.89216,12642,2924,13442,0
189,2.20098,7,0,63,0,136.157,7,8189,63,0,30,8,5.19501,12705,2932,13505,0
281,3.27241,39,0,0,0,96.546,39,8191,0,0,134,0,7.0121,12705,2932,13505,0
273,3.17904,57,0,4,0,133.981,57,8191,4,0,65,4,6.65101,12709,2936,13509,0
184,2.14267,29,0,60,0,76.555,29,8191,60,0,52,2,6.03366,12769,2938,13569,0
224,2.60847,16,0,34,0,74.622,16,8189,34,0,63,2,6.23168,12803,2940,13603,0
273,3.17915,40,0,3,0,85.316,40,8189,3,0,102,3,5.63763,12806,2943,13606,0
215,2.50384,25,0,44,0,70.203,25,8189,44,0,79,3,5.5328,12850,2946,13650,0
282,3.28414,37,0,26,0,69.027,37,8189,26,0,100,1,5.83565,12876,2947,13676,0
236,2.74837,24,0,49,0,66.138,24,8189,49,0,77,4,6.4297,12925,2951,13725,0
279,3.24899,51,0,5,0,109.955,51,8191,5,0,112,5,4.96205,12930,2956,13730,0
327,3.80794,78,0,8,0,178.908,80,8176,8,0,64,8,4.76403,12938,2964,13738,0
333,3.87788,102,0,17,0,214.569,102,8162,17,0,61,17,4.76403,12955,2981,13755,0
297,3.45872,113,0,36,0,174.69,113,8186,36,0,37,34,4.16998,12991,3015,13791,0
231,2.69003,44,0,116,0,67.487,44,8190,116,0,42,3,4.44954,13107,3018,13907,0
293,3.41191,57,0,11,0,152.092,57,8185,11,0,70,11,4.60096,13118,3029,13918,0
233,2.71329,3,0,66,0,152.727,3,8133,66,0,31,8,4.78733,13184,3037,13984,0
176,2.04952,14,0,30,0,62.67,14,8191,30,0,58,1,5.03194,13214,3038,14014,0
296,3.44694,52,0,3,0,89.456,52,8189,3,0,124,3,4.67085,13217,3041,14017,0
260,3.02749,60,0,9,0,161.23,76,8191,8,0,49,9,4.37965,13225,3050,14026,0
330,3.84259,91,0,15,0,202.243,91,8187,16,0,40,15,3.7623,13241,3065,14041,0
131,1.52551,25,0,94,0,85.562,25,8190,67,0,23,3,3.44781,13308,3068,14135,0
264,3.07223,22,0,49,0,64.356,22,8191,49,0,71,4,3.41286,13357,3072,14184,0
247,2.87657,16,0,28,0,54.34,16,8189,28,0,88,2,3.5177,13385,3074,14212,0
316,3.67986,57,0,4,0,133.531,57,8162,4,0,100,4,3.63418,13389,3078,14216,0
309,3.59855,82,0,9,0,161.029,82,8190,9,0,54,9,3.8089,13398,3087,14225,0
176,2.04954,28,0,96,0,156.658,4,8191,94,0,8,12,3.79725,13492,3099,14321,0
211,2.4571,42,0,4,0,92.423,42,8191,6,0,66,4,4.43789,13498,3103,14325,0
252,2.93401,45,0,6,0,108.057,45,8191,6,0,66,6,3.82054,13504,3109,14331,0
315,3.66728,59,0,8,0,158.245,59,8189,8,0,106,8,3.89043,13512,3117,14339,0
265,3.08597,67,0,77,0,147.474,2,8191,70,0,29,10,4.16998,13582,3127,14416,0
199,2.31738,3,0,36,0,86.725,3,8191,43,0,52,3,4.29811,13625,3130,14452,0
185,2.15435,3,0,37,0,67.13,3,8158,37,0,61,1,4.85722,13662,3131,14489,0
292,3.40014,38,0,2,0,82.866,38,8191,2,0,116,2,4.60096,13664,3133,14491,0
173,2.0148,22,0,45,0,100.924,22,8189,45,0,56,2,4.77568,13709,3135,14536,0
269,3.13271,42,0,3,0,109.673,42,8189,3,0,98,3,3.69242,13712,3138,14539,0
260,3.02791,70,0,10,0,144.816,70,8190,10,0,65,10,3.41286,13722,3148,14549,0
243,2.82994,18,0,83,0,118.75,18,8191,83,0,31,6,3.7856,13805,3154,14632,0
324,3.77328,41,0,7,0,116.336,41,8155,7,0,101,7,3.56429,13812,3161,14639,0
292,3.40036,48,0,8,0,108.908,48,8191,8,0,64,8,5.04358,13820,3169,14647,0
281,3.27226,58,0,10,0,103.293,58,8191,10,0,49,10,5.27654,13830,3179,14657,0
262,3.05108,51,0,8,0,154.016,71,8189,8,0,48,8,4.99699,13838,3187,14665,0
315,3.66845,82,0,13,0,179.921,82,8163,13,0,27,13,4.91546,13851,3200,14678,0
197,2.29409,34,0,91,0,61.122,34,8191,67,0,34,8,4.28646,13918,3208,14769,0
263,3.06274,11,0,49,0,103.202,3,8160,49,0,69,7,4.33306,13967,3215,14818,0
195,2.27078,12,0,23,0,73.807,12,8191,23,0,78,1,4.368,13990,3216,14841,0
249,2.89964,49,0,3,0,122.153,49,8170,3,0,93,3,4.04186,13993,3219,14844,0
283,3.29569,77,0,8,0,166.053,77,8189,8,0,57,8,3.83219,14001,3227,14852,0
297,3.45845,97,0,12,0,210.02,97,8173,12,0,53,12,3.82054,14013,3239,14864,0
136,1.58374,28,0,101,0,71.997,28,8189,63,0,26,4,3.56429,14076,3243,14965,0
267,3.10923,49,0,8,0,118.861,49,8173,8,0,71,8,3.79725,14084,3251,14973,0
229,2.66699,26,0,50,0,71.23,26,8189,50,0,70,1,4.14669,14134,3252,15023,0
261,3.03925,46,0,6,0,95.382,46,8191,6,0,89,6,4.25152,14140,3258,15029,0
235,2.73655,26,0,54,0,69.281,26,8189,54,0,58,2,5.25325,14194,3260,15083,0
275,3.20247,36,0,5,0,90.863,36,8190,5,0,89,5,4.9271,14199,3265,15088,0
276,3.21417,51,0,8,0,128.209,51,8191,8,0,55,8,5.33478,14207,3273,15096,0
318,3.70293,69,0,9,0,164.129,78,8191,9,0,65,9,5.47456,14216,3282,15105,0
204,2.37569,85,0,18,0,153.865,85,8182,18,0,18,18,5.33478,14234,3300,15123,0
286,3.33059,42,0,88,0,88.058,42,8189,88,0,65,3,5.60269,14322,3303,15211,0
257,2.99276,45,0,52,0,107.324,2,8189,52,0,64,7,5.35808,14374,3310,15263,0
218,2.53861,28,0,1,0,82.162,28,8164,1,0,90,1,4.88051,14375,3311,15264,0
231,2.69,3,0,53,0,112.66,3,8145,53,0,67,7,4.3913,14428,3318,15317,0
235,2.73653,28,0,3,0,80.364,28,8189,3,0,88,3,3.97197,14431,3321,15320,0
305,3.55174,59,0,8,0,119.018,59,8190,8,0,102,8,3.72736,14439,3329,15328,0
302,3.51687,75,0,12,0,193.874,83,8191,12,0,54,12,3.57594,14451,3341,15340,0
192,2.23585,14,0,97,0,139.362,14,8189,67,0,29,8,3.52934,14518,3349,15437,0
299,3.48194,45,0,6,0,119.427,45,8189,6,0,76,6,3.44781,14524,3355,15443,0
282,3.28401,49,0,7,0,122.25,49,8189,7,0,76,7,3.45946,14531,3362,15450,0
280,3.26079,57,0,8,0,145.759,57,8189,8,0,63,8,4.08845,14539,3370,15458,0
276,3.21409,72,0,11,0,145.333,72,8189,11,0,68,11,5.04358,14550,3381,15469,0
131,1.52549,3,0,78,0,169.67,3,8118,64,0,5,4,5.19501,14614,3385,15547,0
269,3.13275,38,0,4,0,105.603,38,8191,4,0,89,4,5.38138,14618,3389,15551,0
282,3.28422,46,0,9,0,118.325,46,8189,9,0,80,9,6.76749,14627,3398,15560,0
234,2.72504,25,0,52,0,67.01,25,8189,52,0,75,3,7.03539,14679,3401,15612,0
281,3.27223,41,0,5,0,111.86,41,8189,5,0,91,5,6.59277,14684,3406,15617,0
270,3.14406,66,0,10,0,143.071,66,8191,10,0,64,10,5.48621,14694,3416,15627,0
187,2.17764,33,0,69,0,77.882,33,8191,69,0,49,3,4.32141,14763,3419,15696,0
280,3.2607,40,0,4,0,100.731,40,8189,4,0,92,4,4.1001,14767,3423,15700,0
281,3.27227,51,0,6,0,119.878,51,8189,6,0,55,6,4.25152,14773,3429,15706,0
300,3.49352,63,0,11,0,137.105,63,8191,11,0,42,11,4.03021,14784,3440,15717,0
171,1.9913,29,0,70,0,71.971,29,8191,63,0,35,4,3.72736,14847,3444,15787,0
227,2.64341,6,0,39,0,104.631,6,8189,39,0,50,5,4.27482,14886,3449,15826,0
266,3.09765,32,0,4,0,89.557,32,8184,4,0,102,4,3.90208,14890,3453,15830,0
278,3.23742,67,0,8,0,153.229,67,8190,8,0,74,8,3.91373,14898,3461,15838,0
169,1.96807,33,0,69,0,78.888,33,8191,61,0,33,2,4.11174,14959,3463,15907,0
252,2.93458,35,0,6,0,97.398,35,8189,6,0,66,6,4.3913,14965,3469,15913,0
238,2.77159,24,0,39,0,64.872,24,8189,39,0,95,2,3.7856,15004,3471,15952,0
299,3.48206,56,0,6,0,116.262,58,8189,6,0,92,6,4.21658,15010,3477,15958,0
275,3.20259,70,0,20,0,140.32,70,8176,20,0,24,20,3.72736,15030,3497,15978,0
166,1.93309,35,0,74,0,75.722,35,8189,62,0,38,4,3.40122,15092,3501,16052,0
263,3.06267,18,0,42,0,59.251,18,8191,42,0,76,5,4.35635,15134,3506,16094,0
232,2.70167,4,0,34,0,87.294,4,8183,34,0,77,4,4.6592,15168,3510,16128,0
238,2.77152,32,0,33,0,73.342,2,8191,33,0,97,1,4.22822,15201,3511,16161,0
255,2.96948,38,0,1,0,88.951,38,8189,1,0,116,1,4.0768,15202,3512,16162,0
176,2.04954,21,0,42,0,60.645,21,8189,42,0,59,3,4.0768,15244,3515,16204,0
250,2.91129,27,0,27,0,55.934,27,8191,27,0,100,3,3.58758,15271,3518,16231,0
319,3.71476,65,0,4,0,165.838,71,8191,4,0,86,4,3.73901,15275,3522,16235,0
215,2.50368,38,0,80,0,67.511,38,8191,62,0,56,4,4.54272,15337,3526,16315,0
169,1.96799,4,0,65,0,71.84,4,8189,65,0,48,2,4.71744,15402,3528,16380,0
248,2.88797,55,0,4,0,95.352,55,8189,4,0,85,4,4.70579,15406,3532,16384,0
291,3.38893,79,0,11,0,181.206,79,8180,11,0,50,11,5.69587,15417,3543,16395,0
185,2.15435,39,0,79,0,82.043,39,8189,59,0,49,0,4.75238,15476,3543,16474,0
280,3.26048,43,0,7,0,98.189,43,8191,7,0,85,7,4.37965,15483,3550,16481,0
197,2.29418,23,0,50,0,63.079,23,8189,50,0,65,3,3.94867,15533,3553,16531,0
241,2.8066,16,0,29,0,45.266,16,8191,29,0,94,2,3.34298,15562,3555,16560,0
288,3.35397,53,0,5,0,107.345,53,8191,5,0,96,5,3.24979,15567,3560,16565,0
283,3.29563,70,0,10,0,169.439,79,8189,10,0,52,10,3.42451,15577,3570,16575,0
277,3.22571,91,0,26,0,176.972,91,8191,26,0,33,26,3.33133,15603,3596,16601,0
214,2.49205,44,0,93,0,64.442,44,8189,93,0,42,2,3.04013,15696,3598,16694,0
241,2.80646,46,0,10,0,111.087,46,8190,10,0,59,10,2.77222,15706,3608,16704,0
206,2.39889,25,0,48,0,69.415,25,8190,48,0,61,2,3.16826,15754,3610,16752,0
140,1.63041,8,0,35,0,67.685,8,8189,35,0,51,1,3.84384,15789,3611,16787,0
288,3.3539,56,0,6,0,98.576,56,8161,6,0,79,6,3.65747,15795,3617,16793,0
176,2.04954,28,0,64,0,75.078,28,8191,64,0,31,5,3.82054,15859,3622,16857,0
250,2.91128,32,0,4,0,81.646,32,8191,4,0,71,4,3.82054,15863,3626,16861,0
223,2.59693,20,0,37,0,65.749,20,8189,37,0,73,2,3.75066,15900,3628,16898,0
249,2.89957,25,0,27,0,55.284,25,8189,27,0,104,1,3.8089,15927,3629,16925,0
243,2.82948,21,0,49,0,82.584,21,8191,49,0,65,6,4.27482,15976,3635,16974,0
241,2.80647,33,0,3,0,105.596,33,8189,3,0,94,3,4.83392,15979,3638,16977,0
299,3.48184,58,0,11,0,110.848,58,8189,11,0,67,11,4.71744,15990,3649,16988,0
165,1.92156,72,0,9,0,161.802,72,8182,9,0,29,9,4.93875,15999,3658,16997,0
224,2.60749,36,0,75,0,92.393,36,8191,62,0,52,3,4.1001,16061,3661,17072,0
303,3.52836,42,0,3,0,93.661,42,8189,3,0,99,3,3.62253,16064,3664,17075,0
244,2.84154,23,0,50,0,75.13,23,8190,48,0,71,3,3.68077,16112,3667,17125,0
178,2.07293,20,0,29,0,45.747,20,8189,29,0,60,1,3.84384,16141,3668,17154,0
265,3.0861,59,0,9,0,130.893,59,8190,9,0,60,9,4.19328,16150,3677,17163,0
249,2.89963,31,0,60,0,86.118,31,8191,60,0,77,1,4.71744,16210,3678,17223,0
272,3.16745,43,0,7,0,95.086,43,8189,7,0,85,7,4.42624,16217,3685,17230,0
303,3.5284,62,0,8,0,143.666,65,8189,8,0,68,8,4.78733,16225,3693,17238,0
167,1.94474,24,0,71,0,99.905,24,8189,71,0,25,4,5.35808,16296,3697,17309,0
240,2.79489,25,0,34,0,66.572,25,8189,34,0,95,1,5.22995,16330,3698,17343,0
217,2.52688,36,0,34,0,57.07,36,8191,34,0,80,1,4.13504,16364,3699,17377,0
331,3.85455,69,0,8,0,161.796,75,8160,8,0,69,8,3.4711,16372,3707,17385,0
236,2.74828,92,0,12,0,194.075,92,8162,12,0,45,12,3.5177,16384,3719,17397,0
242,2.81672,5,0,139,0,82.766,5,8189,106,0,47,2,3.50605,16490,3721,17536,0
225,2.62023,30,0,1,0,98.627,30,8189,1,0,97,1,4.25152,16491,3722,17537,0
266,3.09764,22,0,49,0,67.041,22,8189,49,0,80,4,5.81235,16540,3726,17586,0
276,3.21404,38,0,4,0,99.152,38,8191,4,0,108,4,4.42624,16544,3730,17590,0
304,3.54011,65,0,4,0,106.409,71,8189,4,0,78,4,3.75066,16548,3734,17594,0
246,2.86484,3,0,87,0,165.017,3,8111,66,0,21,7,4.22822,16614,3741,17681,0
226,2.63177,20,0,43,0,68.388,20,8191,43,0,68,3,3.5177,16657,3744,17724,0
252,2.93459,3,0,34,0,77.622,3,8160,34,0,80,3,4.12339,16691,3747,17758,0
266,3.0977,37,0,1,0,79.868,37,8191,1,0,110,1,4.64755,16692,3748,17759,0
291,3.38865,59,0,11,0,159.755,70,8189,11,0,68,11,4.26317,16703,3759,17770,0
202,2.35229,76,0,14,0,155.237,76,8180,14,0,13,14,4.18163,16717,3773,17784,0
228,2.6551,3,0,117,0,76.804,3,8153,99,0,49,3,3.89043,16816,3776,17901,0
270,3.14439,34,0,2,0,81.453,34,8189,2,0,113,2,3.23814,16818,3778,17903,0
221,2.57353,27,0,35,0,61.53,27,8191,35,0,87,1,3.72736,16853,3779,17938,0
226,2.63195,27,0,29,0,70.598,27,8189,29,0,82,2,5.10182,16882,3781,17967,0
281,3.27243,61,0,9,0,139.595,61,8191,9,0,68,9,5.67258,16891,3790,17976,0
323,3.76164,84,0,17,0,154.633,84,8181,17,0,52,17,5.63763,16908,3807,17993,0
223,2.59699,42,0,90,0,63.541,42,8189,90,0,49,6,4.44954,16998,3813,18083,0
278,3.23738,45,0,7,0,107.574,45,8189,7,0,79,7,3.72736,17005,3820,18090,0
303,3.52845,54,0,7,0,104.701,54,8189,7,0,82,7,4.40294,17012,3827,18097,0
266,3.09761,60,0,8,0,139.678,60,8179,8,0,34,8,4.21658,17020,3835,18105,0
305,3.55176,72,0,7,0,189.866,74,8191,7,0,56,7,4.37965,17027,3842,18112,0
324,3.773,94,0,15,0,122.974,94,8190,15,0,53,15,4.83392,17042,3857,18127,0
292,3.40038,105,0,29,0,186.224,105,8185,29,0,33,29,4.29811,17071,3886,18156,0
208,2.42229,41,0,110,0,68.668,41,8186,99,0,39,5,4.86886,17170,3891,18266,0
295,3.4353,53,0,10,0,125.463,53,8190,10,0,81,10,4.79898,17180,3901,18276,0
333,3.87798,56,0,8,0,125.203,56,8189,8,0,66,8,5.47456,17188,3909,18284,0
219,2.55026,61,0,10,0,166.567,61,8190,10,0,52,10,6.1152,17198,3919,18294,0
186,2.16607,6,0,70,0,153.783,6,8189,67,0,10,8,5.62598,17265,3927,18364,0
283,3.29555,35,0,4,0,83.126,35,8189,4,0,104,4,6.3831,17269,3931,18368,0
288,3.35368,50,0,8,0,117.474,50,8191,8,0,82,8,5.76576,17277,3939,18376,0


