SendPacket,SendRate(Mb/s),FlightSize,ReceiveRate(Mb/s),Send Loss,Recv Loss,RTT(ms),CWnd,FlowWindow,Retrans,PktSndPeriod(us),RecvACK,RecvNAK,EstimatedBandwidth(Mb/s),Retrans_Total,NAK_TotalRecv,Total Send Loss,Total Recv Loss
785,4.22951,104,0,2,0,146.602,229,8189,2,0,227,2,7.13907,2,2,2,0
831,4.69201,65,0,8,0,78.165,479,8137,8,0,250,8,9.48299,10,10,10,0
893,5.04238,94,0,4,0,149.771,752,8189,4,0,273,4,8.51718,14,14,14,0
919,5.18933,143,0,6,0,87.187,957,8190,6,0,205,6,9.92354,20,20,20,0
921,5.20049,74,0,7,0,66.749,1182,8189,7,0,225,7,9.10458,27,27,27,0
846,4.77709,147,0,2,0,134.949,1441,8181,2,0,259,2,8.11618,29,29,29,0
912,5.14941,111,0,3,0,113.466,1708,8189,3,0,267,3,9.26272,32,32,32,0
848,4.78842,142,0,6,0,122.074,1885,8189,6,0,177,6,7.25768,38,38,38,0
862,4.86768,66,0,5,0,87.575,2172,8190,5,0,287,5,8.54542,43,43,43,0
884,4.99186,186,0,2,0,181.71,2478,8189,2,0,306,2,8.23478,45,45,45,0
926,5.22874,155,0,2,0,221.87,2723,8189,2,0,245,2,6.99222,47,47,47,0
826,4.66409,61,0,3,0,173.182,2948,8189,3,0,225,3,7.46666,50,50,50,0
884,4.99156,227,0,2,0,226.114,3171,8187,2,0,223,2,6.0716,52,52,52,0
931,5.25694,67,0,4,0,181.422,3404,7960,4,0,233,4,9.20059,56,56,56,0
858,4.84476,107,0,2,0,127.356,3702,8189,2,0,298,2,6.19021,58,58,58,0
890,5.02541,123,0,7,0,77.647,3909,8189,7,0,207,7,9.72021,65,65,65,0
1014,5.72578,90,0,2,0,262.047,4300,8187,2,0,391,2,10.2398,67,67,67,0
1030,5.81601,235,0,1,0,121.346,4707,8189,1,0,407,1,8.94078,68,68,68,0
879,4.96356,107,0,5,0,86.536,4978,8189,5,0,271,5,8.6132,73,73,73,0
1004,5.66924,295,0,0,0,282.595,5345,8189,0,0,367,0,13.2672,73,73,73,0
957,5.40379,85,0,3,0,95.575,5724,8189,3,0,379,3,9.86706,76,76,76,0
832,4.6979,62,0,4,0,192.195,5998,8189,4,0,274,4,8.07664,80,80,80,0
1457,8.22709,733,0,1,0,186.297,6364,8189,1,0,366,1,8.60755,81,81,81,0
890,5.02582,123,0,1,0,140.657,6684,8189,1,0,320,1,10.7312,82,82,82,0
885,4.99761,88,0,1,0,167.55,7070,8189,1,0,386,1,8.7431,83,83,83,0
822,4.64186,64,0,3,0,95.577,7391,8189,3,0,321,3,8.14442,86,86,86,0
833,4.70395,71,0,2,0,149.989,7711,8189,2,0,320,2,8.96338,88,88,88,0
946,5.34184,159,0,7,0,108.253,8042,8185,7,0,331,6,7.79424,95,94,95,0
896,5.05927,137,0,2,0,95.369,8364,8189,2,0,322,2,7.13907,97,96,97,0
1013,5.71998,79,0,4,0,87.926,8685,8189,4,0,321,4,10.381,101,100,101,0
922,5.20595,66,0,3,0,92.432,9010,8189,3,0,325,3,8.13877,104,103,104,0
931,5.25749,158,0,2,0,82.233,9342,8191,2,0,332,2,8.42117,106,105,106,0
906,5.11582,142,0,1,0,123.799,9690,8187,1,0,348,1,8.24043,107,106,107,0
936,5.28516,98,0,3,0,84.688,10015,8189,3,0,325,3,9.1893,110,109,110,0
866,4.88988,88,0,2,0,80.997,10415,8190,2,0,400,2,8.23478,112,111,112,0
880,4.96906,380,0,2,0,138.008,10622,8191,2,0,207,2,7.58526,114,113,114,0
972,5.48878,69,0,2,0,169.811,10975,8189,2,0,353,2,7.95238,116,115,116,0
971,5.48273,180,0,2,0,148.051,11320,8189,2,0,345,2,9.26272,118,117,118,0
917,5.17813,94,0,4,0,100.371,11627,8189,4,0,307,4,10.8442,122,121,122,0
1134,6.40368,365,0,2,0,128.538,12019,8189,2,0,392,2,8.71486,124,123,124,0
1018,5.74827,652,0,1,0,374.192,12311,8191,1,0,292,1,11.9681,125,124,125,0
977,5.51705,1625,0,4,0,374.192,12311,8191,4,0,0,4,11.9681,129,128,129,0
750,4.23521,31,0,2203,0,79.374,31,8189,89,0,29,1,9.03115,218,129,2332,0
1396,7.88332,481,0,0,0,113.592,507,8189,0,0,476,0,8.78829,218,129,2332,0
1009,5.69779,659,0,1,0,362.953,777,8191,1,0,270,1,31.369,219,130,2333,0
454,2.56349,78,0,778,0,53.708,105,8189,60,0,103,1,8.64144,279,131,3111,0
875,4.94105,89,0,5,0,92.55,309,8189,5,0,204,5,8.61885,284,136,3116,0
998,5.63531,187,0,2,0,161.351,388,8189,2,0,380,2,9.84446,286,138,3118,0
849,4.79394,190,0,5,0,108.397,389,8189,5,0,276,5,9.27402,291,143,3123,0
993,5.60741,77,0,2,0,52.276,392,8189,2,0,343,2,8.07664,293,145,3125,0
887,5.00839,65,0,3,0,132.402,396,8081,3,0,323,3,9.41522,296,148,3128,0
998,5.63552,207,0,1,0,179.684,405,8187,1,0,391,1,10.4375,297,149,3129,0
905,5.11017,77,0,1,0,126.25,419,8191,1,0,352,1,11.6857,298,150,3130,0
922,5.20637,263,0,2,0,91.948,437,8189,2,0,251,2,9.03115,300,152,3132,0
963,5.43768,144,0,5,0,248.752,459,7942,5,0,301,5,8.9069,305,157,3137,0
988,5.57877,293,0,3,0,116.817,478,8190,3,0,275,3,10.477,308,160,3140,0
918,5.18305,72,0,2,0,161.223,501,8191,2,0,361,2,8.98597,310,162,3142,0
1633,9.22141,503,0,1,0,205.508,535,8189,1,0,548,1,13.3688,311,163,3143,0
348,1.96508,5,0,539,0,278.306,5,8191,93,0,73,0,15.1197,404,163,3682,0
808,4.56272,164,0,0,0,158.018,269,8189,0,0,328,0,10.9967,404,163,3682,0
903,5.09911,90,0,2,0,89.375,270,8189,2,0,321,2,10.2794,406,165,3684,0
913,5.15554,56,0,2,0,113.798,275,8189,2,0,366,2,8.3421,408,167,3686,0
869,4.90705,152,0,2,0,133.691,283,8189,2,0,313,2,8.67533,410,169,3688,0
889,5.01981,114,0,3,0,98.51,295,8189,3,0,236,3,9.14976,413,172,3691,0
985,5.56208,153,0,2,0,92.315,326,8185,2,0,350,2,9.64114,415,174,3693,0
909,5.13277,179,0,1,0,114.767,357,8189,1,0,327,1,9.07634,416,175,3694,0
895,5.05407,72,0,3,0,92.225,384,8181,3,0,321,3,9.05939,419,178,3697,0
1028,5.80455,136,0,0,0,172.253,423,8189,0,0,486,0,8.24608,419,178,3697,0
869,4.90723,151,0,2,0,116.957,444,8189,2,0,285,2,10.4996,421,180,3699,0
872,4.9238,66,0,5,0,112.828,462,8189,5,0,257,5,10.3245,426,185,3704,0
1140,6.43708,163,0,2,0,163.973,484,8189,2,0,325,2,9.56206,428,187,3706,0
902,5.09323,98,0,3,0,235.785,500,8189,3,0,247,3,7.18426,431,190,3709,0
883,4.98612,103,0,1,0,61.723,524,8189,1,0,392,1,8.472,432,191,3710,0
1006,5.68041,96,0,2,0,170.483,544,8189,2,0,335,2,11.2,434,193,3712,0
1027,5.79919,226,0,2,0,113.095,565,8189,2,0,363,2,9.92918,436,195,3714,0
1462,8.25559,273,0,0,0,316.422,600,8189,0,0,627,0,14.1087,436,195,3714,0
1233,6.96269,347,0,0,0,342.055,629,8189,0,0,552,0,10.8555,436,195,3714,0
868,4.90124,121,0,1,0,106.052,654,8190,1,0,510,1,10.0365,437,196,3715,0
895,5.05402,56,0,2,0,194.917,671,8011,2,0,357,2,7.38758,439,198,3717,0
887,5.00871,86,0,1,0,146.569,687,8189,1,0,339,1,9.37003,440,199,3718,0
927,5.23454,91,0,184,0,85.239,91,8189,99,0,377,1,7.38194,539,200,3902,0
703,3.96963,10,0,102,0,86.629,10,8189,68,0,230,3,9.10458,607,203,4004,0
856,4.83363,91,0,1,0,72.079,93,8189,1,0,366,1,10.7594,608,204,4005,0
893,5.04246,172,0,1,0,148.816,176,8189,1,0,350,1,11.6801,609,205,4006,0
952,5.37555,109,0,7,0,66.955,231,8150,7,0,352,7,11.4654,616,212,4013,0
883,4.98592,155,0,2,0,100.782,261,8189,2,0,232,2,9.95178,618,214,4015,0
896,5.05911,287,0,3,0,101.498,288,8189,3,0,229,3,10.2681,621,217,4018,0
887,5.00877,227,0,6,0,112.593,309,8190,6,0,197,6,9.96307,627,223,4024,0
988,5.57926,214,0,2,0,162.025,336,8189,2,0,273,2,11.392,629,225,4026,0
1065,6.01362,244,0,1,0,96.115,373,8189,1,0,409,1,9.21754,630,226,4027,0
898,5.07064,133,0,2,0,100.306,403,8190,2,0,363,2,10.189,632,228,4029,0
912,5.14968,101,0,2,0,120.438,431,8189,2,0,362,2,7.60786,634,230,4031,0
871,4.91819,78,0,7,0,66.868,448,8189,7,0,237,7,8.31386,641,237,4038,0
931,5.25678,232,0,2,0,184.236,469,8190,2,0,305,2,7.8959,643,239,4040,0
898,5.07091,177,0,1,0,92.835,490,8189,1,0,310,1,7.99192,644,240,4041,0
937,5.29115,117,0,5,0,137.406,507,8189,5,0,266,5,11.392,649,245,4046,0
1089,6.14913,356,0,4,0,81.853,523,8189,4,0,265,4,7.2125,653,249,4050,0
1687,9.52572,245,0,0,0,339.265,571,8189,0,0,809,0,40.9706,653,249,4050,0
860,4.85602,182,0,2,0,422.348,593,8189,2,0,404,2,8.73746,655,251,4052,0
1010,5.70351,162,0,2,0,100.582,610,8189,2,0,328,2,7.22944,657,253,4054,0
904,5.10455,130,0,1,0,97.212,631,8189,1,0,406,1,10.0478,658,254,4055,0
924,5.2174,62,0,3,0,95.888,646,8189,3,0,306,3,7.30286,661,257,4058,0
1444,8.15368,477,0,0,0,251.317,672,8189,0,0,519,0,10.7594,661,257,4058,0
1052,5.94018,126,0,1,0,145.182,694,8189,1,0,477,1,55.0962,662,258,4059,0
878,4.95778,92,0,1,0,172.791,711,8189,1,0,376,1,5.0719,663,259,4060,0
999,5.64093,315,0,3,0,108.709,724,8187,3,0,300,3,8.55672,666,262,4063,0
1144,6.45963,310,0,1,0,434.013,747,8190,1,0,507,1,12.5103,667,263,4064,0
1429,8.06891,277,0,0,0,249.229,768,8189,0,0,511,0,14.6396,667,263,4064,0
831,4.69232,116,0,3,0,110.323,785,8190,3,0,417,3,9.21189,670,266,4067,0
938,5.29628,96,0,2,0,103.75,799,8189,2,0,341,2,11.8213,672,268,4069,0
991,5.59606,239,0,244,0,84.852,2,8190,38,0,298,5,10.0873,710,273,4313,0
899,5.07659,77,0,2,0,81.726,120,8189,176,0,278,2,12.1601,886,275,4315,0
856,4.83381,126,0,2,0,110.168,133,8187,2,0,323,2,8.32515,888,277,4317,0
876,4.94635,183,0,1,0,148.98,184,8189,1,0,340,1,8.15571,889,278,4318,0
1026,5.79336,157,0,3,0,163.397,245,8189,3,0,410,3,11.0983,892,281,4321,0
911,5.14436,88,0,2,0,286.863,281,8191,2,0,294,2,11.1548,894,283,4323,0
890,5.02543,59,0,1,0,275.795,314,7878,1,0,305,1,10.9006,895,284,4324,0
806,4.55111,123,0,2,0,113.09,344,8189,2,0,305,2,9.20059,897,286,4326,0
974,5.49974,165,0,3,0,111.737,370,8189,3,0,292,3,9.27966,900,289,4329,0
996,5.62444,101,0,2,0,85.545,404,8189,2,0,421,2,9.27966,902,291,4331,0
952,5.3756,187,0,2,0,100.759,436,8190,2,0,410,2,10.1833,904,293,4333,0
923,5.21179,127,0,4,0,92.041,456,8189,4,0,287,4,9.76539,908,297,4337,0
818,4.61912,135,0,5,0,119.231,468,8191,5,0,171,5,7.99192,913,302,4342,0
977,5.51672,106,0,1,0,154.981,488,8189,1,0,298,1,8.73746,914,303,4343,0
1043,5.88939,116,0,3,0,99.778,511,8189,3,0,353,3,9.48299,917,306,4346,0
935,5.27978,402,0,3,0,260.81,528,8189,3,0,276,3,9.6016,920,309,4349,0
907,5.12151,112,0,2,0,156.625,545,8165,2,0,299,2,8.39858,922,311,4351,0
916,5.17046,79,0,4,0,103.555,561,8189,4,0,271,4,8.68662,926,315,4355,0
914,5.16134,99,0,1,0,193.592,582,8189,1,0,370,1,10.0478,927,316,4356,0
888,5.01436,166,0,10,0,111.391,591,8191,10,0,162,10,8.13877,937,326,4366,0
955,5.39265,574,0,0,0,160.24,601,8189,0,0,194,0,7.81683,937,326,4366,0
850,4.79963,155,0,2,0,77.924,616,8189,2,0,294,2,7.52878,939,328,4368,0
1047,5.91235,336,0,4,0,120.808,630,8189,4,0,261,4,8.56802,943,332,4372,0
978,5.51966,111,0,2,0,419.845,649,8189,2,0,388,2,12.1658,945,334,4374,0
911,5.1439,264,0,0,0,231.277,668,8189,0,0,384,0,8.45506,945,334,4374,0
852,4.81094,116,0,6,0,105.035,678,8187,6,0,217,6,8.12182,951,340,4380,0
1184,6.686,434,0,0,0,141.715,698,8189,0,0,437,0,7.71517,951,340,4380,0
845,4.77138,88,0,3,0,106.079,714,8189,3,0,334,3,11.1379,954,343,4383,0
909,5.13271,136,0,2,0,62.913,730,8189,2,0,376,2,9.22883,956,345,4385,0
806,4.55114,83,0,5,0,106.14,738,8189,5,0,184,5,7.20685,961,350,4390,0
800,4.51715,122,0,15,0,106.282,744,8191,15,0,140,15,6.02642,976,365,4405,0
933,5.26841,74,0,8,0,245.573,750,8189,8,0,132,8,7.32546,984,373,4413,0
870,4.91252,128,0,1,0,156.45,762,8189,1,0,280,1,10.6804,985,374,4414,0
998,5.63524,279,0,0,0,172.391,780,8189,0,0,428,0,9.35874,985,374,4414,0
965,5.44894,410,0,1,0,171.241,791,8189,1,0,271,1,8.79958,986,375,4415,0
925,5.22345,152,0,4,0,125.218,803,8189,4,0,317,4,11.9907,990,379,4419,0
989,5.58466,142,0,1,0,198.366,820,8189,1,0,427,1,10.6013,991,380,4420,0
962,5.43212,315,0,2,0,269.4,833,8189,2,0,329,2,11.7252,993,382,4422,0
870,4.9125,180,0,1,0,187.387,846,8189,1,0,352,1,12.6063,994,383,4423,0
907,5.12142,118,0,3,0,119.632,858,8189,3,0,304,3,10.8555,997,386,4426,0
884,4.99166,134,0,3,0,93.217,868,8189,3,0,270,3,9.7541,1000,389,4429,0
939,5.30216,241,0,1,0,228.01,881,8189,1,0,361,1,8.52283,1001,390,4430,0
800,4.51727,105,0,6,0,133.877,889,8190,6,0,210,6,8.40987,1007,396,4436,0
1064,6.00785,438,0,0,0,164.208,900,8189,0,0,319,0,11.9003,1007,396,4436,0
707,3.99208,904,0,1,0,294.965,904,8191,1,0,111,1,11.5897,1008,397,4437,0
540,3.04937,121,0,905,0,66.165,162,8189,60,0,160,1,9.08763,1068,398,5342,0
906,5.11575,182,0,3,0,112.718,452,8189,3,0,304,3,10.3867,1071,401,5345,0
935,5.2796,70,0,7,0,112.902,452,8108,7,0,257,7,7.10518,1078,408,5352,0
946,5.34202,60,0,191,0,87.243,22,8189,112,0,305,3,9.69762,1190,411,5543,0
717,4.0488,98,0,1,0,84.394,98,8189,26,0,290,1,10.3415,1216,412,5544,0
945,5.33632,152,0,0,0,100.024,159,8189,0,0,452,0,7.44971,1216,412,5544,0
880,4.96916,142,0,1,0,131.03,223,8189,1,0,381,1,8.46635,1217,413,5545,0
869,4.90685,174,0,6,0,149.061,253,8191,6,0,227,6,7.41582,1223,419,5551,0
920,5.19487,177,0,2,0,90.938,283,8189,2,0,247,2,8.37034,1225,421,5553,0
1220,6.88911,297,0,0,0,189.045,340,8189,0,0,555,0,10.494,1225,421,5553,0
1036,5.85033,349,0,0,0,286.385,382,8189,0,0,478,0,13.222,1225,421,5553,0
908,5.12711,97,0,3,0,103.268,411,8110,3,0,361,3,8.85606,1228,424,5556,0
900,5.08198,111,0,2,0,58.191,436,8189,2,0,336,2,6.47826,1230,426,5558,0
907,5.12139,77,0,3,0,129.989,459,8189,3,0,309,3,9.17235,1233,429,5561,0
909,5.13307,112,0,2,0,90.887,479,8189,2,0,304,2,10.6804,1235,431,5563,0
926,5.22906,176,0,1,0,138.905,502,8189,1,0,342,1,9.12717,1236,432,5564,0
1016,5.73712,120,0,1,0,72.271,534,8189,1,0,517,1,7.55138,1237,433,5565,0
866,4.89029,238,0,4,0,112.072,549,8189,4,0,255,4,8.55107,1241,437,5569,0
907,5.12145,80,0,4,0,82.681,562,8189,4,0,237,4,9.14411,1245,441,5573,0
946,5.34161,86,0,1,0,239.59,583,8189,1,0,368,1,9.49994,1246,442,5574,0
931,5.25689,98,0,2,0,149.516,602,8189,2,0,354,2,6.86232,1248,444,5576,0
879,4.96374,124,0,2,0,131.354,621,8189,2,0,356,2,6.96963,1250,446,5578,0
767,4.33114,172,0,2,0,209.495,635,8189,2,0,292,2,11.0418,1252,448,5580,0
889,5.02006,78,0,4,0,91.056,648,8189,4,0,247,4,7.00352,1256,452,5584,0
799,4.51179,99,0,5,0,148.494,661,8189,5,0,269,5,9.14411,1261,457,5589,0
968,5.46608,109,0,4,0,221.398,670,8189,4,0,186,4,8.40987,1265,461,5593,0
921,5.20048,309,0,2,0,220.032,680,8190,2,0,212,2,9.38133,1267,463,5595,0
943,5.32473,129,0,4,0,118.766,692,8189,4,0,267,4,10.2624,1271,467,5599,0
926,5.22913,72,0,4,0,70.462,705,8189,4,0,282,4,8.88995,1275,471,5603,0
956,5.39819,76,0,2,0,76.942,722,8185,2,0,371,2,10.7651,1277,473,5605,0
903,5.099,114,0,2,0,128.112,732,8189,2,0,240,2,10.8159,1279,475,5607,0
1204,6.79868,354,0,0,0,187.634,753,8189,0,0,486,0,10.8555,1279,475,5607,0
957,5.40381,181,0,2,0,104.828,768,8189,2,0,353,2,9.28531,1281,477,5609,0
858,4.84498,81,0,1,0,112.932,784,8189,1,0,393,1,9.19494,1282,478,5610,0
810,4.57383,78,0,6,0,101.86,793,8189,6,0,204,6,7.44406,1288,484,5616,0
888,5.01415,231,0,2,0,138.411,805,8189,2,0,307,2,7.29722,1290,486,5618,0
909,5.13274,79,0,4,0,143.051,816,8189,4,0,291,4,8.13312,1294,490,5622,0
1093,6.17171,242,0,4,0,102.741,826,8189,4,0,256,4,10.1043,1298,494,5626,0
974,5.49976,89,0,2,0,142.458,841,8189,2,0,385,2,11.9229,1300,496,5628,0
862,4.8678,174,0,2,0,155.62,852,8189,2,0,289,2,9.3192,1302,498,5630,0
1110,6.26818,218,0,1,0,172.907,870,8189,1,0,471,1,9.42651,1303,499,5631,0
990,5.59046,123,0,3,0,80.951,881,8189,3,0,326,3,8.55672,1306,502,5634,0
953,5.38159,94,0,3,0,95.504,893,8189,3,0,307,3,8.47765,1309,505,5637,0
988,5.5792,180,0,1,0,178.867,907,8189,1,0,409,1,12.1376,1310,506,5638,0
837,4.72618,122,0,10,0,77.252,915,8191,10,0,232,10,9.48864,1320,516,5648,0
941,5.31345,150,0,5,0,112.539,923,8189,5,0,219,5,9.09893,1325,521,5653,0
846,4.77687,61,0,181,0,97.488,67,8189,112,0,218,4,7.72646,1437,525,5834,0
790,4.46105,90,0,3,0,105.744,95,8189,3,0,296,3,11.0531,1440,528,5837,0
840,4.74335,85,0,2,0,108.541,144,8189,2,0,317,2,8.8956,1442,530,5839,0
855,4.82789,123,0,3,0,82.434,194,8189,3,0,264,3,8.6019,1445,533,5842,0
830,4.68667,74,0,3,0,138.492,233,8189,3,0,259,3,9.6016,1448,536,5845,0
817,4.61325,98,0,3,0,144.033,269,8189,3,0,288,3,9.11022,1451,539,5848,0
930,5.25123,129,0,4,0,88.745,298,8189,4,0,258,4,9.35874,1455,543,5852,0
987,5.57312,332,0,0,0,158.007,334,8189,0,0,347,0,9.65243,1455,543,5852,0
425,2.3998,11,0,347,0,210.414,11,8189,73,0,146,1,9.62419,1528,544,6199,0
798,4.50597,158,0,1,0,141.209,173,8189,1,0,269,1,8.30256,1529,545,6200,0
898,5.07094,110,0,1,0,167.931,179,8190,1,0,398,1,9.09893,1530,546,6201,0
904,5.1047,106,0,2,0,95.36,195,8189,2,0,296,2,8.79958,1532,548,6203,0
873,4.92979,178,0,3,0,107.574,225,8190,3,0,251,3,8.19525,1535,551,6206,0
906,5.11577,115,0,2,0,109.989,265,8189,2,0,312,2,8.40987,1537,553,6208,0
888,5.01416,135,0,3,0,90.509,299,8189,3,0,296,3,10.7425,1540,556,6211,0
968,5.46588,192,0,2,0,161.677,331,8189,2,0,315,2,9.64678,1542,558,6213,0
914,5.1611,79,0,4,0,105.961,360,8189,4,0,316,4,7.44406,1546,562,6217,0
905,5.11053,66,0,3,0,80.01,387,8190,3,0,317,3,8.66968,1549,565,6220,0
842,4.7547,97,0,2,0,75.491,412,8189,2,0,316,2,9.24013,1551,567,6222,0
912,5.1495,131,0,2,0,84.042,440,8189,2,0,364,2,10.0873,1553,569,6224,0
895,5.05395,73,0,2,0,81.635,464,8187,2,0,349,2,8.07664,1555,571,6226,0
1147,6.47723,376,0,0,0,316.363,492,8189,0,0,408,0,10.4206,1555,571,6226,0
353,1.99326,3,0,497,0,386.374,3,7696,61,0,58,2,10.8103,1616,573,6723,0
411,2.32075,12,0,104,0,79.1,12,8191,92,0,110,1,8.11053,1708,574,6827,0
749,4.22943,69,0,2,0,77.075,72,8189,2,0,291,2,5.59717,1710,576,6829,0
849,4.79391,147,0,3,0,94.929,148,8189,3,0,289,3,6.90186,1713,579,6832,0
902,5.0931,105,0,2,0,82.592,204,8189,2,0,307,2,9.12717,1715,581,6834,0
802,4.52844,147,0,3,0,98.609,242,8189,3,0,269,3,9.3192,1718,584,6837,0
794,4.4836,130,0,5,0,140.598,265,8191,5,0,179,5,7.28027,1723,589,6842,0
862,4.86771,114,0,3,0,76.375,299,8191,3,0,300,3,6.83408,1726,592,6845,0
904,5.10453,143,0,2,0,98.329,331,8189,2,0,313,2,7.98062,1728,594,6847,0
854,4.82245,89,0,6,0,78.825,348,8189,6,0,185,6,9.07069,1734,600,6853,0
862,4.86737,91,0,5,0,90.436,373,8189,5,0,280,5,10.0478,1739,605,6858,0
958,5.40938,124,0,2,0,90.539,403,8189,2,0,359,2,8.39293,1741,607,6860,0
931,5.25698,107,0,2,0,89.984,428,8189,2,0,332,2,8.97467,1743,609,6862,0
955,5.39294,101,0,3,0,106.726,447,8189,3,0,266,3,9.34744,1746,612,6865,0
912,5.14962,96,0,3,0,99.311,468,8189,3,0,298,3,8.39858,1749,615,6868,0
871,4.91853,209,0,1,0,164.176,490,8191,1,0,323,1,11.0023,1750,616,6869,0
825,4.65842,84,0,4,0,136.781,508,8189,4,0,279,4,9.40957,1754,620,6873,0
1008,5.69193,178,0,3,0,208.642,531,8189,3,0,373,3,8.09923,1757,623,6876,0
881,4.97478,135,0,5,0,94.327,544,8189,5,0,225,5,8.59061,1762,628,6881,0
1172,6.61783,109,0,4,0,331.353,565,8189,4,0,363,4,9.54512,1766,632,6885,0
834,4.70917,112,0,2,0,93.754,581,8189,2,0,292,2,9.3305,1768,634,6887,0
852,4.81086,106,0,3,0,142.455,597,8189,3,0,287,3,8.19525,1771,637,6890,0
884,4.99154,163,0,0,0,210.526,619,8189,0,0,417,0,9.8727,1771,637,6890,0
900,5.08229,70,0,5,0,86.855,631,8189,5,0,238,5,8.34774,1776,642,6895,0
1689,9.53708,350,0,0,0,290.461,663,8189,0,0,643,0,21.3438,1776,642,6895,0
936,5.28517,409,0,0,0,318.388,681,8189,0,0,387,0,11.0192,1776,642,6895,0
782,4.4156,132,0,4,0,115.524,691,8190,4,0,209,4,9.68632,1780,646,6899,0
980,5.53359,264,0,2,0,87.067,701,8189,2,0,229,2,8.15006,1782,648,6901,0
842,4.75475,157,0,6,0,116.523,712,8191,6,0,244,6,5.20181,1788,654,6907,0
895,5.05365,161,0,2,0,105.174,725,8189,2,0,278,2,5.92475,1790,656,6909,0
960,5.42071,317,0,1,0,85.921,740,8189,1,0,342,1,9.0255,1791,657,6910,0
870,4.91253,101,0,3,0,108.14,751,8189,3,0,259,3,8.64709,1794,660,6913,0
884,4.99151,162,0,1,0,202.675,766,8189,1,0,353,1,9.40392,1795,661,6914,0
895,5.05371,118,0,3,0,126.122,780,8189,3,0,334,3,8.0371,1798,664,6917,0
925,5.22352,158,0,2,0,156.33,793,8189,2,0,334,2,7.72646,1800,666,6919,0
903,5.0989,74,0,7,0,94.136,802,8111,7,0,231,7,7.98062,1807,673,6926,0
776,4.38175,111,0,2,0,125.671,813,8191,2,0,256,2,9.21189,1809,675,6928,0
907,5.12142,182,0,4,0,131.452,824,8189,4,0,282,4,9.11587,1813,679,6932,0
911,5.14396,69,0,0,0,81.419,841,8189,0,0,440,0,9.11587,1813,679,6932,0
889,5.0199,169,0,2,0,129.373,851,8189,2,0,285,2,7.98062,1815,681,6934,0
887,5.00879,71,0,3,0,105.202,862,8189,3,0,276,3,8.96338,1818,684,6937,0
885,4.99754,181,0,2,0,100.283,871,8191,2,0,245,2,8.17266,1820,686,6939,0
866,4.89007,76,0,3,0,72.122,882,8133,3,0,307,3,7.90155,1823,689,6942,0
797,4.50031,76,0,6,0,133.129,887,8189,6,0,151,6,7.31416,1829,695,6948,0
853,4.81652,83,0,2,0,102.518,896,8189,2,0,255,2,8.51154,1831,697,6950,0
895,5.05362,159,0,4,0,122.056,904,8189,4,0,218,4,7.42712,1835,701,6954,0
966,5.45448,221,0,3,0,182.337,913,8189,3,0,236,3,8.98597,1838,704,6957,0
974,5.49967,84,0,2,0,277.79,921,8189,2,0,235,2,9.60725,1840,706,6959,0
956,5.39812,176,0,4,0,64.399,930,8189,4,0,263,4,9.52253,1844,710,6963,0
811,4.57933,165,0,1,0,199.011,940,8187,1,0,311,1,7.98627,1845,711,6964,0
863,4.87297,90,0,3,0,79.288,952,8189,3,0,348,3,9.00856,1848,714,6967,0
877,4.95202,101,0,2,0,126.571,963,8189,2,0,313,2,8.83347,1850,716,6969,0
986,5.56752,70,0,7,0,165.106,970,8189,7,0,232,7,8.50024,1857,723,6976,0
824,4.653,107,0,7,0,67.544,977,8189,7,0,213,7,8.59626,1864,730,6983,0
1023,5.77666,81,0,2,0,87.186,988,8189,2,0,330,2,9.90659,1866,732,6985,0
851,4.80522,114,0,3,0,111.384,997,8189,3,0,281,3,7.54008,1869,735,6988,0
794,4.48366,145,0,5,0,105.537,1001,8191,5,0,135,5,7.90155,1874,740,6993,0
814,4.5961,137,0,5,0,107.309,1007,8189,5,0,188,5,7.25203,1879,745,6998,0
905,5.1101,151,0,3,0,86.651,1017,8190,3,0,298,3,8.66403,1882,748,7001,0
869,4.90718,113,0,1,0,102.01,1029,8189,1,0,376,1,9.76539,1883,749,7002,0
968,5.46619,100,0,3,0,81.895,1038,8191,3,0,298,3,8.6019,1886,752,7005,0
1077,6.08139,413,0,3,0,165.083,1047,8189,3,0,300,3,8.55107,1889,755,7008,0
1456,8.22135,331,0,0,0,356.538,1066,8189,0,0,634,0,17.5201,1889,755,7008,0
889,5.01983,185,0,0,0,199.675,1082,8189,0,0,522,0,8.20654,1889,755,7008,0
932,5.26263,103,0,2,0,111.307,1092,8189,2,0,349,2,10.9515,1891,757,7010,0
885,4.99723,603,0,2,0,247.176,1098,8189,2,0,193,2,9.98002,1893,759,7012,0
997,5.62964,92,0,2,0,75.877,1106,8189,2,0,298,2,9.24578,1895,761,7014,0
904,5.10494,142,0,2,0,105.75,1116,8189,2,0,347,2,8.53978,1897,763,7016,0
855,4.82804,94,0,5,0,121.211,1123,8189,5,0,233,5,7.70387,1902,768,7021,0
886,5.00282,66,0,3,0,92.44,1132,8189,3,0,330,3,7.67563,1905,771,7024,0
927,5.2344,153,0,4,0,106.413,1138,8190,4,0,214,4,7.55138,1909,775,7028,0
898,5.07066,96,0,2,0,95.436,1148,8189,2,0,332,2,9.39827,1911,777,7030,0
1194,6.74246,488,0,0,0,221.555,1159,8183,0,0,404,0,11.8439,1911,777,7030,0
842,4.75469,86,0,3,0,136.736,1165,8189,3,0,237,3,8.51154,1914,780,7033,0
897,5.06531,81,0,4,0,104.799,1172,8189,4,0,258,4,6.57427,1918,784,7037,0
856,4.83369,266,0,4,0,155.286,1179,8189,4,0,226,4,6.73806,1922,788,7041,0
831,4.69262,251,0,1,0,263.219,1186,8189,1,0,278,1,8.97467,1923,789,7042,0
877,4.95231,148,0,3,0,110.83,1194,8189,3,0,308,3,8.86171,1926,792,7045,0
886,5.00301,95,0,2,0,150.66,1203,8189,2,0,337,2,11.4146,1928,794,7047,0
846,4.77702,127,0,3,0,77.231,1209,8189,3,0,193,3,7.91285,1931,797,7050,0
866,4.88996,357,0,2,0,179.257,1215,8189,2,0,247,2,8.87866,1933,799,7052,0
963,5.43762,121,0,3,0,122.567,1223,8191,3,0,291,3,9.48299,1936,802,7055,0
865,4.88437,88,0,2,0,70.08,1232,8189,2,0,348,2,6.56862,1938,804,7057,0
895,5.0537,120,0,2,0,151.271,1240,8189,2,0,307,2,6.74371,1940,806,7059,0
857,4.83914,121,0,3,0,134.903,1247,8191,3,0,275,3,7.85072,1943,809,7062,0
858,4.84478,72,0,4,0,99.399,1254,8189,4,0,276,4,10.093,1947,813,7066,0
841,4.74874,63,0,5,0,89.838,1260,8189,5,0,256,5,8.16136,1952,818,7071,0
880,4.9691,121,0,2,0,71.252,1269,8189,2,0,343,2,9.96872,1954,820,7073,0
878,4.95773,444,0,1,0,216.016,1275,8191,1,0,221,1,8.43246,1955,821,7074,0
975,5.50542,202,0,2,0,107.005,1284,8189,2,0,369,2,9.13846,1957,823,7076,0
904,5.10481,71,0,4,0,65.368,1293,8190,4,0,352,4,9.77104,1961,827,7080,0
879,4.96372,263,0,0,0,121.636,1300,8189,0,0,315,0,11.7365,1961,827,7080,0
856,4.83376,157,0,4,0,177.165,1305,8189,4,0,174,4,11.3242,1965,831,7084,0
869,4.90717,212,0,5,0,89.058,1310,8190,5,0,220,5,9.82187,1970,836,7089,0
955,5.39285,67,0,1,0,248.598,1319,8189,1,0,379,1,9.77104,1971,837,7090,0
918,5.18364,64,0,2,0,92.098,1328,8189,2,0,350,2,7.50619,1973,839,7092,0
811,4.57969,172,0,2,0,148.112,1333,8189,2,0,243,2,9.22318,1975,841,7094,0
841,4.74876,91,0,2,0,103.533,1340,8189,2,0,255,2,7.66434,1977,843,7096,0
868,4.90088,61,0,2,0,173.727,1348,8191,2,0,352,2,8.28562,1979,845,7098,0
906,5.11601,224,0,2,0,167.395,1355,8189,2,0,296,2,8.7544,1981,847,7100,0
1861,10.5082,814,0,0,0,285.433,1369,8189,0,0,585,0,28.24,1981,847,7100,0
1026,5.79336,112,0,1,0,289.762,1380,8189,1,0,498,1,14.6904,1982,848,7101,0
905,5.1106,59,0,3,0,82.992,1387,8189,3,0,309,3,9.80493,1985,851,7104,0
866,4.89,87,0,5,0,95.99,1394,8190,5,0,267,5,8.4607,1990,856,7109,0
801,4.52285,214,0,4,0,100.99,1398,8189,4,0,192,4,8.63014,1994,860,7113,0
917,5.1779,168,0,4,0,147.167,1404,8189,4,0,241,4,10.6747,1998,864,7117,0
889,5.01982,87,0,6,0,83.655,1408,8189,6,0,193,6,9.57901,2004,870,7123,0
779,4.39873,140,0,1,0,104.508,1415,8189,1,0,320,1,10.2624,2005,871,7124,0
890,5.02549,70,0,4,0,126.176,1422,8189,4,0,300,4,9.20059,2009,875,7128,0
798,4.5062,134,0,6,0,138.48,1426,8189,6,0,174,6,8.30256,2015,881,7134,0
897,5.06525,78,0,1,0,140.662,1435,8189,1,0,403,1,9.70891,2016,882,7135,0
875,4.94077,103,0,3,0,106.89,1441,8189,3,0,290,3,6.83408,2019,885,7138,0
860,4.85608,79,0,3,0,100.506,1448,8189,3,0,291,3,7.17861,2022,888,7141,0
879,4.96351,254,0,4,0,157.736,1453,8189,4,0,231,4,8.09358,2026,892,7145,0
926,5.22906,66,0,5,0,110.856,1459,8189,5,0,278,5,10.1212,2031,897,7150,0
941,5.31344,156,0,2,0,106.828,1466,8189,2,0,335,2,8.93514,2033,899,7152,0
866,4.88988,147,0,3,0,97.478,1476,8189,3,0,439,3,7.08259,2036,902,7155,0
933,5.26713,68,0,3,0,88.201,1483,8190,3,0,328,3,5.59152,2039,905,7158,0
918,5.18401,110,0,2,0,79.999,1491,8189,2,0,355,2,6.63075,2041,907,7160,0
895,5.05374,260,0,3,0,114.816,1496,8189,3,0,236,3,7.3311,2044,910,7163,0
841,4.7488,99,0,3,0,95.143,1502,8189,3,0,311,3,8.51154,2047,913,7166,0
1076,6.076,102,0,2,0,201.86,1513,8189,2,0,489,2,10.2907,2049,915,7168,0
925,5.22346,176,0,2,0,284.812,1517,8189,2,0,227,2,10.2624,2051,917,7170,0
883,4.98615,120,0,2,0,93.977,1525,8189,2,0,376,2,9.884,2053,919,7172,0
1027,5.79911,228,0,1,0,166.05,1533,8189,1,0,357,1,9.07069,2054,920,7173,0
833,4.70295,317,0,0,0,337.253,1540,8189,0,0,367,0,8.84477,2054,920,7173,0
917,5.17821,1224,0,1,0,346.638,1540,8191,1,0,1,1,8.82782,2055,921,7174,0
760,4.29178,96,0,1450,0,85.836,202,8189,58,0,200,0,8.9069,2113,921,8624,0
922,5.20613,108,0,2,0,102.975,535,8189,2,0,333,2,7.40453,2115,923,8626,0
862,4.86704,73,0,0,0,163.274,725,8189,0,0,455,0,12.3352,2115,923,8626,0
890,5.02337,149,0,2,0,146.965,725,8189,2,0,302,2,8.63579,2117,925,8628,0
909,5.13278,250,0,3,0,115.115,726,8189,3,0,305,3,9.92918,2120,928,8631,0
932,5.26276,156,0,4,0,79.786,726,8189,4,0,207,4,8.85606,2124,932,8635,0
859,4.85043,180,0,1,0,112.094,727,8189,1,0,319,1,7.44406,2125,933,8636,0
962,5.43187,65,0,2,0,641.773,728,8191,2,0,208,2,7.63045,2127,935,8638,0
883,4.98613,181,0,2,0,157.603,730,8191,2,0,271,2,7.2125,2129,937,8640,0
791,4.46665,115,0,4,0,145.417,731,8189,4,0,271,4,11.5953,2133,941,8644,0
893,5.04244,334,0,1,0,142.531,734,8189,1,0,283,1,9.54512,2134,942,8645,0
891,5.03112,96,0,6,0,75.464,737,8189,6,0,230,6,8.65838,2140,948,8651,0
967,5.45849,94,0,2,0,91.628,740,8189,2,0,293,2,9.7428,2142,950,8653,0
978,5.51735,240,0,1,0,171.615,748,8189,1,0,375,1,8.97467,2143,951,8654,0
965,5.44894,299,0,4,0,79.885,753,8191,4,0,220,4,8.35339,2147,955,8658,0
862,4.86738,68,0,3,0,80.777,763,8189,3,0,295,3,8.15006,2150,958,8661,0
891,5.03134,438,0,1,0,186.294,770,8189,1,0,182,1,8.34774,2151,959,8662,0
1200,6.77629,91,0,2,0,264.352,789,8189,2,0,448,2,11.9738,2153,961,8664,0
1233,6.96203,477,0,0,0,136.536,806,8189,0,0,429,0,8.60755,2153,961,8664,0
980,5.53358,282,0,4,0,133.195,825,8191,3,0,495,4,15.0293,2156,965,8668,0
919,5.18918,91,0,3,0,137.339,834,8189,4,0,222,3,9.35874,2160,968,8671,0
892,5.03673,101,0,2,0,94.908,844,8189,2,0,274,2,9.7428,2162,970,8673,0
906,5.11579,102,0,4,0,87.346,853,8189,4,0,231,4,8.20654,2166,974,8677,0
901,5.08744,105,0,4,0,278.909,864,8189,4,0,283,4,9.05939,2170,978,8681,0
883,4.98616,72,0,3,0,113.194,872,8189,3,0,240,3,7.96368,2173,981,8684,0
849,4.79425,70,0,3,0,95.218,883,8189,3,0,296,3,7.43842,2176,984,8687,0
680,3.83994,61,0,127,0,60.033,61,8187,96,0,184,5,7.97498,2272,989,8814,0
847,4.78304,90,0,2,0,73.861,99,8189,2,0,350,2,7.89026,2274,991,8816,0
890,5.0255,160,0,3,0,161.553,175,8189,3,0,328,3,7.17861,2277,994,8819,0
914,5.16095,195,0,3,0,101.711,217,8189,3,0,260,3,8.3308,2280,997,8822,0
858,4.84469,66,0,3,0,73.201,259,8189,3,0,311,3,8.82782,2283,1000,8825,0
884,4.99198,280,0,4,0,108.595,283,8189,4,0,199,4,8.94078,2287,1004,8829,0
819,4.62459,141,0,5,0,111.987,309,8190,5,0,242,5,9.3192,2292,1009,8834,0
835,4.71488,63,0,2,0,76.186,339,8187,2,0,303,2,8.30821,2294,1011,8836,0
807,4.55681,83,0,6,0,79.831,360,8189,6,0,230,6,7.52314,2300,1017,8842,0
883,4.98594,104,0,1,0,109.757,390,8189,1,0,360,1,8.94078,2301,1018,8843,0
848,4.78825,61,0,2,0,77.911,419,8189,2,0,358,2,10.4883,2303,1020,8845,0
831,4.69227,107,0,3,0,123.619,438,8189,3,0,266,3,9.0368,2306,1023,8848,0
928,5.24002,56,0,2,0,109.241,465,8189,2,0,377,2,7.79424,2308,1025,8850,0
809,4.56807,71,0,2,0,94.236,486,8191,2,0,304,2,7.6248,2310,1027,8852,0
873,4.92918,129,0,2,0,284.315,499,8191,2,0,206,2,8.11618,2312,1029,8854,0
909,5.133,157,0,2,0,103.513,513,8191,2,0,222,2,6.31446,2314,1031,8856,0
844,4.76595,96,0,2,0,97.839,535,8189,2,0,368,2,7.99757,2316,1033,8858,0
854,4.82246,116,0,1,0,83.49,553,8189,1,0,296,1,7.66434,2317,1034,8859,0
1031,5.82217,272,0,0,0,179.375,578,8189,0,0,442,0,7.92979,2317,1034,8859,0
928,5.24029,67,0,2,0,105.103,598,8189,2,0,374,2,11.8552,2319,1036,8861,0
825,4.65847,77,0,1,0,82.231,616,8189,1,0,333,1,8.70922,2320,1037,8862,0
930,5.25113,88,0,3,0,56.465,630,8189,3,0,269,3,7.60221,2323,1040,8865,0
869,4.90702,148,0,2,0,181.634,648,8189,2,0,364,2,7.60221,2325,1042,8867,0
805,4.54551,108,0,4,0,97.226,660,8191,4,0,253,4,7.42712,2329,1046,8871,0
897,5.06497,152,0,3,0,127.541,674,8191,3,0,287,3,11.9512,2332,1049,8874,0
916,5.17238,295,0,2,0,142.671,686,8191,2,0,257,2,12.3296,2334,1051,8876,0
805,4.54551,128,0,3,0,150.871,700,8187,3,0,294,3,10.1551,2337,1054,8879,0
833,4.70362,105,0,2,0,104.597,714,8189,2,0,323,2,6.96398,2339,1056,8881,0
944,5.33034,85,0,196,0,97.433,96,8191,103,0,274,3,9.62419,2442,1059,9077,0
718,4.0542,102,0,4,0,106.793,102,8189,4,0,256,4,11.3977,2446,1063,9081,0
820,4.63029,98,0,1,0,107.482,152,8189,1,0,364,1,7.93544,2447,1064,9082,0
879,4.96349,145,0,6,0,126.597,189,8191,6,0,201,6,7.31416,2453,1070,9088,0
879,4.96322,170,0,3,0,113.472,230,8191,3,0,264,3,8.56237,2456,1073,9091,0
781,4.41024,97,0,1,0,98.483,266,8189,1,0,282,1,7.6361,2457,1074,9092,0
842,4.7547,100,0,4,0,89.502,304,8189,4,0,336,4,10.1099,2461,1078,9096,0
857,4.83919,151,0,4,0,93.356,330,8189,4,0,258,4,8.80523,2465,1082,9100,0
864,4.87891,131,0,1,0,156.583,367,8191,1,0,406,1,9.86706,2466,1083,9101,0
879,4.96352,92,0,5,0,115.027,388,8191,5,0,249,5,8.38728,2471,1088,9106,0
877,4.9523,81,0,3,0,226.845,410,8189,3,0,280,3,8.44376,2474,1091,9109,0
885,4.99728,266,0,0,0,139.088,437,8189,0,0,352,0,9.70326,2474,1091,9109,0
784,4.42707,112,0,5,0,97.122,456,8189,5,0,264,5,7.65304,2479,1096,9114,0
851,4.80543,114,0,22,0,76.139,465,8190,22,0,132,22,7.70387,2501,1118,9136,0
841,4.74879,199,0,5,0,116.492,478,8189,5,0,191,5,8.7431,2506,1123,9141,0
780,4.40433,142,0,2,0,107.664,493,8191,2,0,225,2,9.52253,2508,1125,9143,0
834,4.70923,72,0,3,0,107.296,510,8189,3,0,264,3,8.44941,2511,1128,9146,0
843,4.76026,130,0,1,0,140.341,532,8189,1,0,360,1,5.97558,2512,1129,9147,0
880,4.96899,136,0,2,0,80.906,551,8189,2,0,328,2,8.78829,2514,1131,9149,0
875,4.94118,121,0,3,0,109.813,570,8189,2,0,326,3,10.8216,2516,1134,9152,0
866,4.88997,69,0,169,0,80.223,84,8189,170,0,274,2,8.08794,2686,1136,9321,0
828,4.67531,66,0,4,0,71.685,99,8189,4,0,260,4,9.70891,2690,1140,9325,0
762,4.30293,95,0,2,0,108.361,156,8189,2,0,273,2,10.8442,2692,1142,9327,0
863,4.87334,90,0,3,0,149.681,204,8191,3,0,274,3,8.44941,2695,1145,9330,0
815,4.60221,192,0,2,0,98.656,246,8190,2,0,293,2,8.81653,2697,1147,9332,0
839,4.73744,213,0,2,0,147.045,283,8189,2,0,309,2,8.26302,2699,1149,9334,0
899,5.0763,79,0,2,0,100.621,313,8189,2,0,282,2,9.92354,2701,1151,9336,0
949,5.35857,282,0,4,0,112.546,338,8190,4,0,252,4,9.66938,2705,1155,9340,0
847,4.78262,127,0,3,0,117.753,359,8191,3,0,229,3,7.92979,2708,1158,9343,0
784,4.42689,72,0,4,0,81.136,379,8191,4,0,224,4,8.8843,2712,1162,9347,0
964,5.44327,286,0,3,0,101.676,401,8189,3,0,270,3,9.39827,2715,1165,9350,0
912,5.14964,288,0,0,0,267.303,430,8189,0,0,387,0,9.57901,2715,1165,9350,0
786,4.43832,87,0,4,0,75.497,450,8189,4,0,270,4,8.26867,2719,1169,9354,0
942,5.31906,141,0,1,0,146.656,474,8191,1,0,345,1,9.69197,2720,1170,9355,0
921,5.20049,285,0,3,0,81.077,489,8191,3,0,224,3,8.16136,2723,1173,9358,0
884,4.99154,103,0,3,0,97.97,506,8189,3,0,266,3,8.99726,2726,1176,9361,0
815,4.60191,95,0,4,0,96.613,520,8189,4,0,220,4,7.90155,2730,1180,9365,0
891,5.03107,68,0,5,0,119.072,533,8189,5,0,215,5,8.15571,2735,1185,9370,0
916,5.17233,115,0,5,0,134.379,545,8189,5,0,201,5,6.96398,2740,1190,9375,0
862,4.86765,184,0,0,0,178.853,568,8189,0,0,402,0,9.3192,2740,1190,9375,0
791,4.46682,135,0,1,0,139.481,585,8189,1,0,312,1,8.08229,2741,1191,9376,0
864,4.87912,78,0,4,0,76.966,598,8189,4,0,240,4,7.59656,2745,1195,9380,0
781,4.41027,80,0,7,0,118.976,606,8191,7,0,142,7,7.08824,2752,1202,9387,0
874,4.93538,68,0,3,0,150.977,620,8189,3,0,272,3,7.26898,2755,1205,9390,0
837,4.72631,63,0,3,0,59.353,635,8189,3,0,308,3,6.60251,2758,1208,9393,0
904,5.10457,214,0,2,0,171.539,649,8189,2,0,268,2,6.13938,2760,1210,9395,0
805,4.54554,70,0,3,0,181.97,660,8191,3,0,229,3,6.26363,2763,1213,9398,0
912,5.14967,100,0,4,0,137.033,675,8189,4,0,304,4,9.44346,2767,1217,9402,0
873,4.92939,144,0,3,0,170.806,686,8191,3,0,236,3,9.43781,2770,1220,9405,0
817,4.61329,111,0,4,0,115.763,696,8189,4,0,226,4,7.60221,2774,1224,9409,0
996,5.62402,94,0,2,0,325.223,710,8039,2,0,311,2,10.8893,2776,1226,9411,0
898,5.0711,174,0,1,0,105.436,726,8189,1,0,343,1,8.3308,2777,1227,9412,0
838,4.73186,113,0,1,0,152.074,739,8191,1,0,302,1,10.2229,2778,1228,9413,0
920,5.19507,126,0,1,0,137.252,755,8187,1,0,373,1,8.10488,2779,1229,9414,0
903,5.09919,97,0,1,0,106.364,770,8191,1,0,365,1,7.64739,2780,1230,9415,0
837,4.72657,105,0,2,0,91.27,784,8189,2,0,333,2,7.25768,2782,1232,9417,0
812,4.58541,87,0,5,0,132.818,793,8189,5,0,241,5,8.59061,2787,1237,9422,0
824,4.65314,81,0,3,0,73.088,805,8189,3,0,294,3,8.83347,2790,1240,9425,0
800,4.51756,82,0,4,0,91.007,816,8189,4,0,267,4,7.6135,2794,1244,9429,0
860,4.85624,142,0,2,0,116.189,827,8189,2,0,289,2,9.95742,2796,1246,9431,0
832,4.69791,85,0,2,0,103.735,842,8189,2,0,393,2,8.70922,2798,1248,9433,0
1037,5.85589,327,0,2,0,110.793,853,8189,2,0,294,2,10.4657,2800,1250,9435,0
902,5.09334,107,0,1,0,462.134,866,8189,1,0,336,1,12.6685,2801,1251,9436,0
892,5.03675,76,0,6,0,149.043,874,8187,6,0,224,6,8.54542,2807,1257,9442,0
878,4.9577,87,0,2,0,118.051,887,8190,2,0,349,2,9.77669,2809,1259,9444,0
836,4.72083,111,0,2,0,70.515,897,8189,2,0,281,2,6.5065,2811,1261,9446,0
794,4.48337,120,0,2,0,135.732,908,8189,2,0,313,2,8.37598,2813,1263,9448,0
914,5.16092,100,0,3,0,119.282,917,8189,3,0,262,3,9.34179,2816,1266,9451,0
869,4.90688,86,0,2,0,89.582,928,8106,2,0,317,2,8.91819,2818,1268,9453,0
819,4.62494,85,0,2,0,100.74,938,8189,2,0,293,2,9.36438,2820,1270,9455,0
895,5.05373,67,0,3,0,84.076,947,8191,3,0,273,3,10.6917,2823,1273,9458,0
803,4.53431,179,0,3,0,105.407,953,8189,3,0,169,3,7.50054,2826,1276,9461,0
847,4.78235,220,0,2,0,158.951,962,8189,2,0,276,2,8.41552,2828,1278,9463,0
876,4.94657,63,0,3,0,117.71,971,8189,3,0,262,3,10.4544,2831,1281,9466,0
867,4.89585,149,0,4,0,100.79,980,8189,4,0,266,4,10.3358,2835,1285,9470,0
920,5.19524,259,0,2,0,125.426,989,8191,2,0,299,2,9.7541,2837,1287,9472,0
1464,8.26655,585,0,0,0,197.256,1008,8189,0,0,575,0,17.6726,2837,1287,9472,0
919,5.18919,1012,0,0,0,386.56,1012,8191,0,0,132,0,45.9126,2837,1287,9472,0
279,1.57542,55,0,1012,0,69.451,90,8189,58,0,88,0,14.12,2895,1287,10484,0
805,4.54543,82,0,4,0,118.706,288,8189,4,0,198,4,5.19616,2899,1291,10488,0
860,4.85607,136,0,4,0,113.629,506,8189,4,0,256,4,9.40392,2903,1295,10492,0
793,4.47774,71,0,4,0,132.147,506,8191,4,0,218,4,7.17296,2907,1299,10496,0
870,4.91249,303,0,4,0,131.486,506,8190,4,0,206,4,6.22974,2911,1303,10500,0
834,4.70925,109,0,1,0,106.864,508,8189,1,0,363,1,8.43246,2912,1304,10501,0
879,4.96358,80,0,3,0,123.938,509,8189,3,0,265,3,10.5335,2915,1307,10504,0
815,4.60197,135,0,2,0,117.09,512,8189,2,0,329,2,9.95178,2917,1309,10506,0
800,4.51725,135,0,4,0,109.818,514,8094,4,0,175,4,8.43811,2921,1313,10510,0
828,4.67553,187,0,192,0,91.221,2,8189,38,0,184,5,7.54573,2959,1318,10702,0
679,3.83403,66,0,0,0,122.366,96,8189,32,0,295,0,10.0817,2991,1318,10702,0
711,4.01482,82,0,3,0,86.33,112,8189,3,0,224,3,9.83317,2994,1321,10705,0
795,4.48903,66,0,6,0,70.063,149,8189,6,0,190,6,8.37034,3000,1327,10711,0
893,5.04242,92,0,4,0,84.387,198,8189,4,0,270,4,8.37034,3004,1331,10715,0
847,4.78293,127,0,4,0,100.884,234,8190,4,0,241,4,9.00291,3008,1335,10719,0
822,4.64176,58,0,3,0,157.414,255,8191,3,0,159,3,9.11587,3011,1338,10722,0
780,4.4043,76,0,3,0,109.08,286,8189,3,0,266,3,8.96338,3014,1341,10725,0
850,4.79976,161,0,3,0,94.309,313,8189,3,0,248,3,9.77669,3017,1344,10728,0
792,4.47204,89,0,5,0,178.346,334,8189,5,0,218,5,8.99162,3022,1349,10733,0
970,5.47716,155,0,7,0,108.583,353,8189,7,0,198,7,9.83882,3029,1356,10740,0
784,4.42689,105,0,4,0,104.175,374,8191,4,0,247,4,10.59,3033,1360,10744,0
783,4.42134,81,0,2,0,85.164,400,8189,2,0,313,2,7.23509,3035,1362,10746,0
883,4.98567,147,0,4,0,124.652,420,8189,4,0,253,4,8.11618,3039,1366,10750,0
859,4.85039,428,0,2,0,251.719,430,8189,2,0,133,2,10.5222,3041,1368,10752,0
774,4.37041,106,0,2,0,104.818,449,8189,2,0,267,2,11.0305,3043,1370,10754,0
853,4.81655,121,0,5,0,193.142,464,8189,5,0,217,5,12.3465,3048,1375,10759,0
1027,5.79933,90,0,1,0,113.963,494,8189,1,0,441,1,10.6634,3049,1376,10760,0
799,4.51167,156,0,5,0,87.608,508,8191,5,0,218,5,9.22883,3054,1381,10765,0
1174,6.62907,256,0,0,0,198.907,537,8189,0,0,475,0,9.884,3054,1381,10765,0
905,5.11004,137,0,3,0,71.326,555,8189,3,0,306,3,11.6462,3057,1384,10768,0
1000,5.64703,160,0,2,0,89.92,576,8189,2,0,375,2,10.7256,3059,1386,10770,0
923,5.21181,313,0,0,0,298.399,597,8189,0,0,390,0,9.70326,3059,1386,10770,0
812,4.58501,138,0,6,0,175.326,608,8191,6,0,197,6,9.3305,3065,1392,10776,0
862,4.86736,69,0,6,0,115.957,620,8189,6,0,238,6,6.20715,3071,1398,10782,0
857,4.83931,192,0,4,0,113.857,630,8189,4,0,198,4,7.2125,3075,1402,10786,0
785,4.4327,88,0,9,0,114.502,637,8144,9,0,132,9,7.39323,3084,1411,10795,0
842,4.75438,101,0,5,0,160.705,647,8190,5,0,194,5,8.02016,3089,1416,10800,0
842,4.75439,84,0,3,0,117.069,661,8189,3,0,290,3,9.48864,3092,1419,10803,0
814,4.5963,141,0,4,0,90.166,670,8189,4,0,190,4,9.73715,3096,1423,10807,0
935,5.27958,126,0,256,0,104.774,126,8189,125,0,263,4,10.0308,3221,1427,11063,0
830,4.68666,138,0,2,0,90.538,138,8189,2,0,372,2,9.40957,3223,1429,11065,0
816,4.60801,105,0,6,0,133.614,156,8191,6,0,197,6,9.40392,3229,1435,11071,0
790,4.46112,66,0,2,0,118.472,211,8191,2,0,318,2,9.77104,3231,1437,11073,0
727,4.10497,108,0,222,0,90.713,110,8189,95,0,193,1,10.398,3326,1438,11295,0
763,4.30858,114,0,2,0,109.488,115,8189,2,0,276,2,11.6857,3328,1440,11297,0
781,4.41,110,0,7,0,76.969,134,8191,7,0,244,7,10.076,3335,1447,11304,0
855,4.82783,143,0,4,0,71.464,176,8189,4,0,233,4,6.99787,3339,1451,11308,0
1056,5.9631,217,0,0,0,229.752,250,8189,0,0,494,0,8.82218,3339,1451,11308,0
825,4.65876,77,0,1,0,232.426,296,8189,1,0,388,1,11.5897,3340,1452,11309,0
773,4.36511,110,0,2,0,222.831,318,8189,2,0,212,2,9.32485,3342,1454,11311,0
818,4.61924,91,0,6,0,116.409,341,8189,6,0,234,6,6.96963,3348,1460,11317,0
837,4.72656,97,0,6,0,98.701,364,8189,6,0,258,6,7.79989,3354,1466,11323,0
802,4.52887,81,0,3,0,94.074,386,8189,3,0,253,3,9.80493,3357,1469,11326,0
817,4.61368,112,0,4,0,137.37,401,8189,4,0,193,4,8.38163,3361,1473,11330,0
779,4.39872,131,0,5,0,93.618,420,8191,5,0,246,5,8.27432,3366,1478,11335,0
801,4.5229,135,0,21,0,87.221,427,8169,21,0,89,21,5.41078,3387,1499,11356,0
863,4.87302,108,0,4,0,196.497,449,8189,4,0,304,4,8.55107,3391,1503,11360,0
842,4.75442,205,0,1,0,198.695,472,8189,1,0,322,1,10.7256,3392,1504,11361,0
772,4.35915,95,0,7,0,114.427,486,8189,7,0,214,7,10.1946,3399,1511,11368,0
859,4.8504,70,0,5,0,95.52,500,8189,5,0,221,5,9.25707,3404,1516,11373,0
848,4.78817,79,0,160,0,76.413,79,8189,118,0,290,3,10.5279,3522,1519,11533,0
748,4.22379,94,0,3,0,95.59,95,8191,3,0,260,3,8.01451,3525,1522,11536,0
842,4.75467,135,0,4,0,90.616,151,8189,4,0,262,4,8.65838,3529,1526,11540,0
878,4.95774,90,0,2,0,175.351,202,8189,2,0,284,2,9.34179,3531,1528,11542,0
901,5.08789,117,0,3,0,95.726,236,8191,3,0,229,3,7.64739,3534,1531,11545,0
813,4.59063,207,0,3,0,206.073,263,8189,3,0,213,3,6.73242,3537,1534,11548,0
870,4.9128,134,0,4,0,83.729,286,8189,4,0,195,4,6.79454,3541,1538,11552,0
759,4.28601,197,0,3,0,92.72,311,8189,3,0,233,3,7.13907,3544,1541,11555,0
794,4.48354,137,0,8,0,105.67,328,8189,8,0,175,8,7.3311,3552,1549,11563,0
808,4.56265,119,0,15,0,126.353,341,8189,15,0,135,15,5.52939,3567,1564,11578,0
890,5.02525,132,0,5,0,123.052,371,8190,5,0,329,5,7.83378,3572,1569,11583,0
793,4.47774,99,0,4,0,120.35,390,8189,4,0,235,4,6.75501,3576,1573,11587,0
1000,5.64648,366,0,4,0,159.993,404,8189,4,0,166,4,7.64739,3580,1577,11591,0
910,5.13833,96,0,3,0,96.569,429,8189,3,0,334,3,9.53382,3583,1580,11594,0
856,4.83347,82,0,3,0,118.665,450,8189,3,0,277,3,8.99726,3586,1583,11597,0
821,4.63563,113,0,3,0,73.814,468,8189,3,0,264,3,8.26302,3589,1586,11600,0
935,5.27959,183,0,3,0,145.955,485,8189,3,0,258,3,7.80554,3592,1589,11603,0
870,4.91253,217,0,1,0,110.293,506,8189,1,0,323,1,8.50024,3593,1590,11604,0
818,4.61881,108,0,2,0,116.23,525,8189,2,0,301,2,6.82278,3595,1592,11606,0
861,4.86169,98,0,5,0,91.492,542,8189,5,0,285,5,7.10518,3600,1597,11611,0
845,4.77137,122,0,8,0,96.076,554,8189,8,0,212,8,9.25707,3608,1605,11619,0
888,5.01382,160,0,1,0,294.686,571,8191,1,0,303,1,7.3311,3609,1606,11620,0
827,4.67006,139,0,3,0,90.322,586,8189,3,0,265,3,8.57931,3612,1609,11623,0
840,4.74337,163,0,5,0,109.144,598,8189,5,0,227,5,8.97467,3617,1614,11628,0
837,4.72624,396,0,4,0,119.788,609,8145,4,0,196,4,8.40422,3621,1618,11632,0
594,3.3543,78,0,429,0,98.969,165,8189,66,0,163,1,7.81683,3687,1619,12061,0
874,4.93556,102,0,4,0,121.957,214,8189,4,0,245,4,7.45536,3691,1623,12065,0
824,4.65319,135,0,5,0,78.125,217,8190,5,0,260,5,8.3308,3696,1628,12070,0
832,4.69796,187,0,2,0,95.77,225,8189,2,0,331,2,12.8718,3698,1630,12072,0
857,4.83934,198,0,4,0,93.9,243,8190,4,0,303,4,10.7594,3702,1634,12076,0
810,4.57372,74,0,3,0,247.669,276,8189,3,0,279,3,10.3697,3705,1637,12079,0
834,4.70923,129,0,11,0,109.643,291,8189,11,0,134,11,8.72051,3716,1648,12090,0
843,4.76028,76,0,4,0,145.522,321,8189,4,0,285,4,7.92979,3720,1652,12094,0
805,4.54556,92,0,2,0,106.339,346,8189,2,0,261,2,9.53382,3722,1654,12096,0
678,3.82839,76,0,352,0,47.849,76,8189,102,0,92,7,9.44346,3824,1661,12448,0
831,4.69228,84,0,4,0,90.573,174,8187,4,0,295,4,8.82782,3828,1665,12452,0
633,3.57438,176,0,5,0,139.858,176,8189,5,0,171,5,9.57901,3833,1670,12457,0
719,4.05982,89,0,178,0,83.693,89,8189,60,0,216,2,9.74845,3893,1672,12635,0
750,4.23489,120,0,1,0,99.565,120,8190,1,0,363,1,9.67502,3894,1673,12636,0
879,4.96325,103,0,1,0,122.179,191,8189,1,0,347,1,8.94078,3895,1674,12637,0
909,5.13306,75,0,2,0,259.492,244,7964,2,0,360,2,7.766,3897,1676,12639,0
800,4.51728,140,0,4,0,100.433,275,8189,4,0,251,4,9.60725,3901,1680,12643,0
836,4.72077,308,0,1,0,261.841,308,8190,1,0,298,1,7.51749,3902,1681,12644,0
888,5.01404,74,0,2,0,129.678,338,8189,2,0,303,2,9.42651,3904,1683,12646,0
905,5.11025,271,0,0,0,185.904,370,8189,0,0,359,0,7.65304,3904,1683,12646,0
869,4.9069,108,0,3,0,93.751,395,8189,3,0,295,3,5.75531,3907,1686,12649,0
857,4.83921,140,0,3,0,73.869,414,8189,3,0,237,3,9.52818,3910,1689,12652,0
868,4.90126,173,0,3,0,122.561,434,8188,3,0,267,3,9.27966,3913,1692,12655,0
846,4.77657,97,0,4,0,100.7,449,8189,4,0,212,4,8.96338,3917,1696,12659,0
866,4.89033,119,0,1,0,153.271,473,8189,1,0,352,1,9.95178,3918,1697,12660,0
946,5.3417,161,0,2,0,343.93,488,8189,2,0,226,2,6.74371,3920,1699,12662,0
845,4.77135,118,0,1,0,331.948,506,8189,1,0,278,1,6.7776,3921,1700,12663,0
1224,6.91167,260,0,0,0,285.618,540,8189,0,0,544,0,13.4027,3921,1700,12663,0
891,5.03111,105,0,2,0,89.697,556,8189,2,0,285,2,8.64144,3923,1702,12665,0
897,5.06492,153,0,2,0,98.538,577,8189,2,0,368,2,9.7428,3925,1704,12667,0
892,5.03655,86,0,3,0,70.503,592,8189,3,0,277,3,8.56802,3928,1707,12670,0
848,4.78855,346,0,0,0,255.919,608,8189,0,0,299,0,7.40453,3928,1707,12670,0
890,5.0258,162,0,4,0,163.528,620,8191,4,0,231,4,8.52283,3932,1711,12674,0


