SendPacket,SendRate(Mb/s),FlightSize,ReceiveRate(Mb/s),Send Loss,Recv Loss,RTT(ms),CWnd,FlowWindow,Retrans,PktSndPeriod(us),RecvACK,RecvNAK,EstimatedBandwidth(Mb/s),Retrans_Total,NAK_TotalRecv,Total Send Loss,Total Recv Loss,Timeout,ExpCount,usSndDuration
477,2.45276,60,0,4,0,139.114,91,8118,4,0,144,4,4.89117,4,4,4,0,0,1,-1131722305184097
182,1.02764,104,0,4,0,127.426,104,8151,4,0,41,4,4.942,8,8,8,0,0,1,791222194
359,2.02711,80,0,105,0,90.186,80,8190,60,0,115,1,5.11144,68,9,113,0,1,1,4794231484
633,3.57429,107,0,15,0,111.131,116,8176,15,0,111,15,6.41613,83,24,128,0,1,1,2784962068
373,2.10619,122,0,23,0,87.863,122,8178,23,0,21,23,6.52344,106,47,151,0,1,1,1376368602
147,0.830048,12,0,122,0,80.349,12,8189,122,0,10,0,6.16197,228,47,273,0,2,1,4245669876
564,3.18469,67,0,6,0,131.269,101,8189,6,0,163,6,5.68189,234,53,279,0,2,1,2802040010
470,2.65384,120,0,18,0,101.725,120,8174,18,0,66,18,5.57458,252,71,297,0,2,1,2122468894
66,0.372705,5,0,120,0,98.323,5,8189,58,0,3,0,5.66494,310,71,417,0,3,1,3386224576
565,3.19052,95,0,9,0,102.883,101,8191,9,0,171,9,6.28622,319,80,426,0,3,1,2869817580
633,3.57431,105,0,12,0,118.024,130,8164,12,0,104,12,5.99253,331,92,438,0,3,1,2756054994
255,1.43988,132,0,15,0,103.672,132,8191,15,0,9,14,5.91346,346,106,453,0,3,1,769898542
277,1.5641,65,0,132,0,63.578,65,8189,61,0,80,0,4.69349,407,106,585,0,4,1,4807445146
541,3.05481,103,0,21,0,94.826,103,8181,21,0,100,20,4.71043,428,126,606,0,4,1,2417861670
58,0.327503,103,0,103,0,94.826,2,8181,58,0,0,0,4.71043,486,126,709,0,5,1,0
454,2.56353,62,0,2,0,103.459,95,8191,20,0,155,2,6.01512,506,128,711,0,5,1,5973353064
658,3.71529,112,0,26,0,90.562,122,8183,26,0,91,26,4.93635,532,154,737,0,5,1,2836628060
105,0.592888,123,0,11,0,90.061,123,8191,11,0,6,11,4.68219,543,165,748,0,5,1,341561346
274,1.54716,62,0,124,0,53.187,62,8191,71,0,74,1,4.13998,614,166,872,0,6,1,5203624748
635,3.58556,105,0,11,0,96.684,105,8160,11,0,113,11,5.23005,625,177,883,0,6,1,2772255304
584,3.29749,122,0,35,0,91.85,122,8179,35,0,62,35,6.54038,660,212,918,0,6,1,2383298050
0,0,122,0,0,0,91.85,122,8179,0,0,0,0,6.54038,660,212,918,0,6,1,0
525,2.96444,79,0,124,0,116.086,92,8191,108,0,146,2,6.35965,768,214,1042,0,7,1,5935843900
616,3.47847,114,0,15,0,113.049,114,8173,15,0,72,15,6.29187,783,229,1057,0,7,1,2873175578
264,1.49073,120,0,12,0,89.13,120,8171,12,0,20,12,6.0716,795,241,1069,0,7,1,1042497904
308,1.73923,71,0,123,0,73.241,71,8190,63,0,92,3,6.19586,858,244,1192,0,8,1,4488704066
618,3.48978,107,0,16,0,114.317,107,8175,16,0,101,16,7.00917,874,260,1208,0,8,1,2897063540
13,0.0734055,107,0,1,0,114.21,107,8179,1,0,1,1,7.00917,875,261,1209,0,8,1,24841432
466,2.6312,86,0,114,0,86.98,86,8191,66,0,131,7,6.51214,941,268,1323,0,9,1,5429349940
607,3.42746,94,0,17,0,124.529,117,8159,17,0,99,17,5.58022,958,285,1340,0,9,1,2793726334
464,2.62002,125,0,42,0,88.757,125,8186,42,0,29,41,5.12838,1000,326,1382,0,9,1,1949527034
123,0.694531,6,0,125,0,90.058,6,8189,114,0,4,0,5.10579,1114,326,1507,0,10,1,3761720074
500,2.82329,95,0,7,0,106.579,95,8167,7,0,152,7,4.56923,1121,333,1514,0,10,1,2636619314
552,3.11691,97,0,17,0,142.058,123,8173,17,0,96,17,3.9649,1138,350,1531,0,10,1,2881697378
655,3.69847,133,0,22,0,89.336,141,8189,22,0,72,22,5.92475,1160,372,1553,0,10,1,2747057712
296,1.67131,152,0,17,0,201.667,152,8191,17,0,51,17,6.51214,1177,389,1570,0,10,1,1409170924
138,0.779231,24,0,153,0,80.437,24,8191,76,0,22,1,5.3656,1253,390,1723,0,11,1,4304880566
563,3.1793,97,0,5,0,106.977,108,8189,5,0,176,5,4.92506,1258,395,1728,0,11,1,2796120726
227,1.28179,114,0,8,0,122.213,114,8189,8,0,20,8,4.71043,1266,403,1736,0,11,1,827531642
219,1.23654,46,0,114,0,55.687,46,8189,87,0,47,0,4.25859,1353,403,1850,0,12,1,4723472600
578,3.26391,61,0,4,0,117.82,113,8189,4,0,168,4,3.55824,1357,407,1854,0,12,1,2842489468
671,3.78917,101,0,9,0,149.942,158,8124,9,0,192,9,3.78981,1366,416,1863,0,12,1,2589082776
125,0.705725,159,0,8,0,140.629,159,8191,8,0,3,8,3.99878,1374,424,1871,0,12,1,391658792
312,1.7617,71,0,161,0,76.008,71,8189,63,0,94,2,5.29218,1437,426,2032,0,13,1,5089475986
599,3.38231,90,0,12,0,139.094,124,8191,12,0,160,12,5.53504,1449,438,2044,0,13,1,2997988868
312,1.76167,127,0,20,0,110.161,127,8178,20,0,12,20,5.65365,1469,458,2064,0,13,1,1260833798
175,0.988139,33,0,127,0,45.69,33,8189,87,0,31,0,5.45597,1556,458,2191,0,14,1,4375633822
629,3.55166,105,0,9,0,115.877,106,8189,9,0,159,9,6.08854,1565,467,2200,0,14,1,2833446756
560,3.1622,130,0,12,0,170.096,133,8165,12,0,101,12,5.99253,1577,479,2212,0,14,1,2609204010
7,0.039525,133,0,4,0,170.096,133,8165,4,0,0,4,5.99253,1581,483,2216,0,14,1,0
464,2.62003,77,0,137,0,89.686,88,8191,63,0,135,4,4.35461,1644,487,2353,0,15,1,5791073778
321,1.81255,115,0,9,0,94.901,115,8191,9,0,87,9,4.86293,1653,496,2362,0,15,1,1223210926
196,1.10673,31,0,115,0,45.251,31,8191,115,0,29,0,5.85698,1768,496,2477,0,16,1,4357268328
612,3.45571,102,0,4,0,114.886,114,8189,4,0,190,4,6.82843,1772,500,2481,0,16,1,2802436686
347,1.95937,129,0,15,0,121.735,129,8191,15,0,55,15,6.24104,1787,515,2496,0,16,1,1477658546
92,0.519434,14,0,129,0,87.867,14,8189,59,0,12,0,5.84568,1846,515,2625,0,17,1,4004999740
567,3.20161,75,0,8,0,109.431,105,8187,8,0,176,8,6.2128,1854,523,2633,0,17,1,2799954192
337,1.90302,110,0,18,0,106.885,110,8191,18,0,14,18,5.0719,1872,541,2651,0,17,1,1537516344
174,0.982535,39,0,110,0,48.255,39,8191,67,0,38,0,4.46192,1939,541,2761,0,18,1,4148014486
578,3.26384,69,0,12,0,101.999,100,8151,12,0,134,12,4.16822,1951,553,2773,0,18,1,2690720172
161,0.909049,105,0,2,0,108.05,105,8153,2,0,15,2,4.29813,1953,555,2775,0,18,1,828944536
272,1.53594,63,0,108,0,67.66,63,8190,62,0,76,3,5.05496,2015,558,2883,0,19,1,4567251276
598,3.37649,90,0,6,0,124.423,115,8159,6,0,145,6,4.64266,2021,564,2889,0,19,1,2861615498
624,3.52345,103,0,36,0,93.618,123,8166,36,0,32,36,6.0603,2057,600,2925,0,19,1,2927042776
373,2.10623,131,0,28,0,95.052,131,8191,28,0,29,27,4.89117,2085,627,2953,0,19,1,1573606664
214,1.2084,51,0,131,0,42.676,51,8189,61,0,54,0,4.54099,2146,627,3084,0,20,1,4113320568
555,3.1338,98,0,13,0,110.958,98,8191,13,0,110,13,3.80675,2159,640,3097,0,20,1,2464564802
627,3.54036,127,0,18,0,111.669,127,8190,18,0,102,18,4.8121,2177,658,3115,0,20,1,2961532946
617,3.48395,144,0,22,0,143.927,144,8188,22,0,74,22,7.14472,2199,680,3137,0,20,1,2431054828
2,0.0112928,144,0,2,0,143.927,144,8188,2,0,0,2,7.14472,2201,682,3139,0,20,1,0
450,2.54102,84,0,149,0,83.399,84,8191,64,0,125,5,6.28622,2265,687,3288,0,21,1,5928123040
601,3.3935,116,0,15,0,99.779,116,8191,15,0,99,15,6.47826,2280,702,3303,0,21,1,2768280004
2,0.0112935,116,0,2,0,99.779,116,8191,2,0,0,2,6.47826,2282,704,3305,0,21,1,0
534,3.01545,78,0,123,0,92.668,86,8153,66,0,129,7,6.26928,2348,711,3428,0,22,1,5743048262
566,3.19618,72,0,8,0,125.287,119,8191,8,0,108,8,5.41078,2356,719,3436,0,22,1,2733021382
614,3.46702,100,0,22,0,113.864,126,8160,22,0,26,22,4.81774,2378,741,3458,0,22,1,2880703560
325,1.83513,131,0,28,0,101.847,131,8177,28,0,19,28,5.02107,2406,769,3486,0,22,1,1196038242
176,0.993793,18,0,131,0,77.393,18,8189,131,0,16,0,5.13968,2537,769,3617,0,23,1,4362590386
513,2.89669,87,0,2,0,113.873,103,8189,2,0,164,2,5.98123,2539,771,3619,0,23,1,2766286362
593,3.34842,95,0,10,0,133.133,137,8146,9,0,130,10,5.73837,2548,781,3629,0,23,1,2817339728
469,2.64823,142,0,29,0,100.556,142,8179,30,0,19,29,3.99878,2578,810,3658,0,23,1,1851606666
106,0.598529,19,0,142,0,62.384,19,8189,58,0,17,0,3.57518,2636,810,3800,0,24,1,3767273594
576,3.25269,67,0,7,0,114.551,106,8189,7,0,174,7,3.6825,2643,817,3807,0,24,1,2834575828
380,2.1457,121,0,15,0,94.402,121,8186,15,0,54,15,4.67654,2658,832,3822,0,24,1,1546223196
131,0.739701,28,0,121,0,51.383,28,8189,59,0,26,0,5.51245,2717,832,3943,0,25,1,4029070122
565,3.19039,88,0,4,0,84.785,102,8191,4,0,150,4,6.37094,2721,836,3947,0,25,1,2716951006
584,3.29761,105,0,9,0,133.529,135,8191,9,0,124,9,6.25798,2730,845,3956,0,25,1,2627489200
589,3.32589,89,0,16,0,122.573,155,8189,16,0,89,16,5.47856,2746,861,3972,0,25,1,2915071754
373,2.10613,160,0,27,0,129.239,160,8191,27,0,28,27,4.0835,2773,888,3999,0,25,1,1430553138
111,0.6268,20,0,160,0,73.576,20,8189,60,0,18,0,3.02733,2833,888,4159,0,26,1,4206608084
588,3.32038,98,0,6,0,126.763,110,8162,6,0,184,6,2.99909,2839,894,4165,0,26,1,2781365104
600,3.38793,110,0,13,0,116.343,124,8180,13,0,53,13,4.74997,2852,907,4178,0,26,1,2771545042
137,0.773554,126,0,12,0,111.471,126,8167,12,0,7,12,4.81774,2864,919,4190,0,26,1,633354470
263,1.48506,63,0,126,0,55.145,63,8189,59,0,76,0,5.28088,2923,919,4316,0,27,1,5067221978
605,3.41614,88,0,10,0,103.792,111,8158,10,0,132,10,5.24699,2933,929,4326,0,27,1,2784423614
596,3.36534,104,0,12,0,103.793,132,8160,12,0,79,12,5.82309,2945,941,4338,0,27,1,2619884036
646,3.6477,140,0,41,0,98.891,140,8181,41,0,35,41,5.56328,2986,982,4379,0,27,1,2801538068
5,0.0282327,140,0,5,0,98.891,140,8191,5,0,0,4,5.56328,2991,986,4384,0,27,1,0
448,2.52967,82,0,141,0,110.415,88,8189,107,0,136,1,4.3885,3098,987,4525,0,28,1,5757854858
611,3.45018,87,0,13,0,99.879,114,8191,13,0,82,13,4.15128,3111,1000,4538,0,28,1,2810903004
638,3.60249,102,0,31,0,110.346,125,8191,30,0,39,31,4.46192,3141,1031,4569,0,28,1,2687321350
28,0.158104,125,0,4,0,110.346,125,8191,5,0,0,4,4.46192,3146,1035,4573,0,28,1,0
491,2.77245,68,0,127,0,114.743,77,8191,105,0,107,2,4.66525,3251,1037,4700,0,29,1,5678719886
576,3.25249,78,0,6,0,111.927,121,8191,6,0,135,6,7.08824,3257,1043,4706,0,29,1,2789042928
445,2.51267,130,0,20,0,94.867,130,8191,20,0,37,20,8.36469,3277,1063,4726,0,29,1,1936813144
71,0.400922,4,0,130,0,93.732,4,8085,68,0,2,0,8.36469,3345,1063,4856,0,30,1,3646281072
412,2.32636,81,0,3,0,92.669,81,8191,3,0,116,3,6.57992,3348,1066,4859,0,30,1,2283771882
68,0.383981,5,0,81,0,96.305,5,8189,60,0,3,0,6.10549,3408,1066,4940,0,31,1,3257457812
452,2.55226,87,0,3,0,103.515,87,8190,3,0,131,3,3.76157,3411,1069,4943,0,31,1,2677228428
568,3.2072,60,0,6,0,121.084,133,8190,6,0,157,6,3.78981,3417,1075,4949,0,31,1,2901699542
120,0.677591,134,0,5,0,123.983,134,8160,5,0,6,5,3.75592,3422,1080,4954,0,31,1,353420816
400,2.25865,68,0,139,0,76.018,75,8189,64,0,103,5,4.11174,3486,1085,5093,0,32,1,5220696012
526,2.97008,105,0,13,0,78.411,105,8190,13,0,85,13,4.33202,3499,1098,5106,0,32,1,2663324510
602,3.39925,120,0,13,0,136.535,120,8191,13,0,53,13,4.68784,3512,1111,5119,0,32,1,3022180126
3,0.0169397,120,0,3,0,136.535,120,8191,3,0,0,3,4.68784,3515,1114,5122,0,32,1,0
487,2.74981,69,0,122,0,97.695,90,8189,70,0,142,2,4.67654,3585,1116,5244,0,33,1,5562918550
581,3.28054,106,0,8,0,123.556,114,8189,8,0,74,8,4.89682,3593,1124,5252,0,33,1,2772102396
618,3.48947,115,0,18,0,102.129,131,8173,18,0,67,18,4.55794,3611,1142,5270,0,33,1,2678559184
214,1.20836,134,0,15,0,98.689,134,8175,15,0,12,15,4.19082,3626,1157,5285,0,33,1,788135768
325,1.83526,66,0,135,0,77.831,68,8191,97,0,87,1,4.14563,3723,1158,5420,0,34,1,4965663178
579,3.26932,89,0,14,0,107.788,108,8175,14,0,109,14,4.89117,3737,1172,5434,0,34,1,2770067622
298,1.68282,113,0,26,0,96.957,113,8187,26,0,18,26,5.03237,3763,1198,5460,0,34,1,1306026202
87,0.491281,12,0,113,0,89.456,12,8191,59,0,10,0,5.27523,3822,1198,5573,0,35,1,4292137978
476,2.6878,91,0,4,0,103.657,91,8190,4,0,133,4,5.16227,3826,1202,5577,0,35,1,2665323122
474,2.67645,119,0,8,0,145.69,119,8189,8,0,93,8,5.85698,3834,1210,5585,0,35,1,2412408698
62,0.35009,3,0,119,0,149.019,3,8072,59,0,1,0,5.93605,3893,1210,5704,0,36,1,3031035378
419,2.36592,81,0,4,0,87.536,81,8191,4,0,117,4,5.6593,3897,1214,5708,0,36,1,2862653080
661,3.73271,74,0,6,0,116.055,124,8189,6,0,138,6,5.52939,3903,1220,5714,0,36,1,2996144788
479,2.70473,137,0,32,0,112.611,137,8181,32,0,53,32,6.43872,3935,1252,5746,0,36,1,2132978078
62,0.350083,3,0,137,0,113.111,3,8054,59,0,1,0,6.5065,3994,1252,5883,0,37,1,3419754044
518,2.92491,75,0,9,0,97.91,97,8189,9,0,159,9,6.61381,4003,1261,5892,0,37,1,2798806360
665,3.75496,122,0,11,0,101.337,122,8190,11,0,89,11,5.43902,4014,1272,5903,0,37,1,2564716980
549,3.09997,130,0,23,0,101.342,130,8191,23,0,28,23,5.30347,4037,1295,5926,0,37,1,2779821100
0,0,130,0,0,0,101.342,130,8191,0,0,0,0,5.30347,4037,1295,5926,0,37,1,0
432,2.43931,81,0,133,0,95.468,81,8189,62,0,118,3,4.89682,4099,1298,6059,0,38,1,5779674670
518,2.92491,102,0,8,0,148.542,117,8189,8,0,112,8,3.86888,4107,1306,6067,0,38,1,2841648194
646,3.64773,122,0,26,0,104.027,137,8166,26,0,80,26,3.77286,4133,1332,6093,0,38,1,2715406904
194,1.09546,140,0,24,0,103.753,140,8191,24,0,12,23,4.19646,4157,1355,6117,0,38,1,971698084
324,1.82957,55,0,140,0,58.212,59,8191,140,0,69,0,4.89682,4297,1355,6257,0,39,1,4743874114
44,0.248467,64,0,2,0,70.615,64,8175,2,0,10,2,5.06061,4299,1357,6259,0,39,1,376797484
390,2.20231,35,0,64,0,68.727,35,8189,60,0,153,0,5.98123,4359,1357,6323,0,40,1,5211292842
547,3.08887,75,0,3,0,105.194,95,8189,3,0,206,3,4.87422,4362,1360,6326,0,40,1,2799838574
614,3.46706,86,0,14,0,107.72,119,8191,14,0,82,14,4.98718,4376,1374,6340,0,40,1,2723810102
441,2.49015,125,0,30,0,104.663,125,8191,30,0,21,30,5.5181,4406,1404,6370,0,40,1,1892737658
106,0.59854,4,0,125,0,100.553,4,8148,102,0,2,0,5.41643,4508,1404,6495,0,41,1,3748853486
563,3.17902,100,0,5,0,90.025,100,8191,5,0,170,5,4.24165,4513,1409,6500,0,41,1,2665486376
609,3.43877,83,0,12,0,88.222,116,8191,12,0,54,12,5.2131,4525,1421,6512,0,41,1,2912657440
594,3.35402,82,0,14,0,122.736,137,8168,14,0,81,14,5.20746,4539,1435,6526,0,41,1,2789277932
285,1.60924,140,0,18,0,105.529,140,8176,18,0,13,18,4.6709,4557,1453,6544,0,41,1,1200538514
176,0.993885,42,0,140,0,84.073,42,8189,59,0,42,0,5.17922,4616,1453,6684,0,42,1,4412160296
562,3.17341,96,0,7,0,99.066,105,8147,7,0,144,7,5.61976,4623,1460,6691,0,42,1,2756584476
322,1.81819,117,0,11,0,99.92,117,8191,11,0,42,11,5.68754,4634,1471,6702,0,42,1,1356885124
176,0.993798,24,0,117,0,65.099,24,8191,117,0,22,0,6.00382,4751,1471,6819,0,43,1,4246536448
575,3.24682,83,0,6,0,103.304,97,8189,6,0,139,6,5.29218,4757,1477,6825,0,43,1,2798859742
579,3.2693,93,0,11,0,114.721,123,8191,11,0,91,11,4.51275,4768,1488,6836,0,43,1,2682722504
195,1.10113,125,0,10,0,107.792,125,8172,10,0,5,10,4.5071,4778,1498,6846,0,43,1,848072148
313,1.76751,72,0,125,0,66.554,72,8189,60,0,96,0,4.69914,4838,1498,6971,0,44,1,4831627836
544,3.07173,118,0,5,0,109.538,127,8191,5,0,169,5,6.26363,4843,1503,6976,0,44,1,2750538868
230,1.29872,130,0,8,0,140.087,130,8191,8,0,12,8,6.10549,4851,1511,6984,0,44,1,1174773558
230,1.2987,56,0,131,0,61.672,56,8191,60,0,63,1,5.81179,4911,1512,7115,0,45,1,4453400938
189,1.0672,81,0,5,0,101.659,81,8189,5,0,55,5,5.71013,4916,1517,7120,0,45,1,851763290
287,1.62056,62,0,83,0,56.321,62,8164,60,0,74,2,5.83438,4976,1519,7203,0,46,1,4762167382
454,2.56354,61,0,5,0,89.144,104,8190,5,0,108,5,6.74936,4981,1524,7208,0,46,1,2784081958
45,0.254097,104,0,2,0,89.144,104,8190,2,0,0,2,6.74936,4983,1526,7210,0,46,1,0
426,2.40543,77,0,106,0,97.253,84,8189,60,0,125,2,6.25798,5043,1528,7316,0,47,1,5620951182
554,3.12818,87,0,6,0,148.288,123,8189,6,0,125,6,4.73867,5049,1534,7322,0,47,1,2784901098
594,3.35413,99,0,11,0,112.475,151,8176,11,0,120,11,3.90277,5060,1545,7333,0,47,1,2769389518
126,0.711466,151,0,10,0,114.716,151,8173,10,0,3,9,3.89147,5070,1554,7343,0,47,1,578722312
377,2.12876,67,0,151,0,51.297,71,8189,134,0,92,0,5.56893,5204,1554,7494,0,48,1,5037871818
558,3.1508,117,0,10,0,111.947,117,8191,10,0,138,10,6.21845,5214,1564,7504,0,48,1,2688311346
603,3.40487,108,0,20,0,100.138,135,8191,20,0,68,20,5.55198,5234,1584,7524,0,48,1,2831287480
366,2.06658,143,0,20,0,102.607,143,8182,20,0,38,20,5.03237,5254,1604,7544,0,48,1,1692099108
113,0.638056,12,0,143,0,102.852,12,8189,86,0,10,0,4.87422,5340,1604,7687,0,49,1,3957309412
606,3.42202,80,0,12,0,84.505,91,8148,12,0,134,12,5.2131,5352,1616,7699,0,49,1,2738142652
114,0.643708,93,0,10,0,84.921,93,8191,10,0,5,10,5.00978,5362,1626,7709,0,49,1,451894002
389,2.19652,65,0,96,0,73.786,70,8189,91,0,90,3,4.55794,5453,1629,7805,0,50,1,5195130542
564,3.18466,66,0,10,0,111.212,107,8189,10,0,103,10,3.97054,5463,1639,7815,0,50,1,2768301396
339,1.91417,112,0,18,0,103.454,112,8174,18,0,18,18,4.19646,5481,1657,7833,0,50,1,1610053974
92,0.519485,3,0,113,0,102.9,3,8191,89,0,1,1,4.24165,5570,1658,7946,0,51,1,3310172918
519,2.93076,87,0,6,0,109.403,95,8191,6,0,154,6,6.85667,5576,1664,7952,0,51,1,3477865328
572,3.22986,122,0,15,0,147.326,129,8171,15,0,121,15,6.47826,5591,1679,7967,0,51,1,2626113280
302,1.70526,134,0,29,0,109.335,134,8191,29,0,18,28,6.58557,5620,1707,7996,0,51,1,1536938816
119,0.671933,6,0,134,0,101.582,6,8189,110,0,4,0,6.55168,5730,1707,8130,0,52,1,4212295248
536,3.02666,92,0,4,0,109.983,96,8189,4,0,153,4,7.37629,5734,1711,8134,0,52,1,2719229758
614,3.4669,104,0,12,0,103.822,115,8154,11,0,66,12,6.48955,5745,1723,8146,0,52,1,2873601150
601,3.39355,93,0,11,0,119.904,148,8189,12,0,135,10,5.92475,5757,1733,8157,0,52,1,2691059924
621,3.50651,161,0,33,0,118.506,161,8191,33,0,61,33,5.32042,5790,1766,8190,0,52,1,2383222464
5,0.0282336,161,0,5,0,118.506,161,8191,5,0,0,5,5.32042,5795,1771,8195,0,52,1,0
463,2.61436,85,0,163,0,122.532,85,8191,84,0,127,2,5.19616,5879,1773,8358,0,53,1,5965181320
592,3.34295,104,0,6,0,142.616,132,8189,6,0,162,6,4.73302,5885,1779,8364,0,53,1,2952087936
102,0.575953,140,0,6,0,157.674,140,8191,6,0,31,6,4.942,5891,1785,8370,0,53,1,400662556
312,1.76171,72,0,141,0,77.016,72,8189,61,0,95,1,5.28653,5952,1786,8511,0,54,1,4947906824
577,3.25821,76,0,6,0,99.174,104,8189,6,0,89,6,5.14533,5958,1792,8517,0,54,1,2976282008
549,3.09998,111,0,8,0,175.235,128,8173,8,0,88,8,5.13403,5966,1800,8525,0,54,1,2617663006
107,0.604198,138,0,4,0,176.712,138,8189,4,0,39,4,5.38819,5970,1804,8529,0,54,1,617507688
328,1.85205,75,0,139,0,75.95,75,8191,60,0,102,1,5.79485,6030,1805,8668,0,55,1,5108834864
634,3.57999,106,0,21,0,87.906,106,8191,21,0,88,21,5.56328,6051,1826,8689,0,55,1,2887467198
2,0.0112927,106,0,2,0,87.906,106,8191,2,0,0,2,5.56328,6053,1828,8691,0,55,1,0
427,2.41102,76,0,110,0,74.655,76,8189,102,0,104,4,6.21845,6155,1832,8801,0,56,1,5403539120
598,3.37675,75,0,8,0,105.721,118,8191,8,0,128,8,5.76096,6163,1840,8809,0,56,1,2980683398
583,3.29212,108,0,23,0,104.302,129,8191,23,0,41,23,5.76096,6186,1863,8832,0,56,1,2767879002
112,0.632451,130,0,11,0,107.438,130,8184,11,0,5,11,5.70448,6197,1874,8843,0,56,1,302359428
257,1.45123,54,0,130,0,55.578,54,8189,89,0,60,0,5.56328,6286,1874,8973,0,57,1,5294016224
535,3.02101,104,0,13,0,113.839,113,8191,12,0,154,13,4.3659,6298,1887,8986,0,57,1,2744599312
113,0.638079,114,0,11,0,105.195,114,8177,12,0,4,11,4.26424,6310,1898,8997,0,57,1,500257520
301,1.69972,70,0,115,0,65.921,70,8189,60,0,91,1,3.71074,6370,1899,9112,0,58,1,5156155900
574,3.24136,93,0,10,0,112.97,104,8160,10,0,93,10,4.12304,6380,1909,9122,0,58,1,2740636584
610,3.44476,72,0,22,0,108.41,123,8191,22,0,66,22,4.5297,6402,1931,9144,0,58,1,2855202826
594,3.354,104,0,27,0,96.181,139,8191,27,0,66,27,4.13434,6429,1958,9171,0,58,1,2547053572
497,2.80628,144,0,33,0,100.749,144,8158,33,0,24,33,4.17952,6462,1991,9204,0,58,1,2037689430
103,0.581593,58,0,144,0,99.467,3,8105,103,0,1,0,4.20776,6565,1991,9348,0,59,1,3542968828
489,2.76119,63,0,5,0,104.42,93,8189,5,0,150,5,5.14533,6570,1996,9353,0,59,1,2945587414
510,2.8798,88,0,6,0,138.297,120,8135,7,0,87,6,4.67654,6577,2002,9359,0,59,1,2862256096
318,1.79563,126,0,16,0,124.714,126,8191,16,0,23,16,4.63701,6593,2018,9375,0,59,1,1405646284
182,1.02768,34,0,126,0,46.917,34,8189,90,0,32,0,4.68784,6683,2018,9501,0,60,1,4180709288
567,3.20159,83,0,4,0,150.199,112,8191,4,0,177,4,4.85163,6687,2022,9505,0,60,1,2753249058
647,3.65332,76,0,7,0,127.204,157,8191,7,0,189,7,5.35995,6694,2029,9512,0,60,1,2862903358
320,1.80691,159,0,21,0,113.766,159,8177,21,0,14,21,5.4955,6715,2050,9533,0,60,1,1189200166
136,0.767935,10,0,160,0,105.546,10,8191,116,0,8,1,5.46726,6831,2051,9693,0,61,1,4268166364
548,3.09432,93,0,5,0,128.819,98,8191,5,0,156,5,4.72173,6836,2056,9698,0,61,1,2922824646
580,3.27502,112,0,21,0,131.099,126,8163,21,0,99,21,4.20776,6857,2077,9719,0,61,1,2693913726
37,0.208941,126,0,5,0,128.451,126,8173,5,0,1,5,4.21906,6862,2082,9724,0,61,1,163184308
392,2.21364,65,0,127,0,90.881,79,8189,60,0,111,1,5.82874,6922,2083,9851,0,62,1,5501923742
484,2.73294,107,0,13,0,121.081,107,8169,13,0,82,13,7.00352,6935,2096,9864,0,62,1,2412120270
58,0.3275,107,0,107,0,121.081,2,8169,58,0,0,0,7.00352,6993,2096,9971,0,63,1,0
458,2.58611,77,0,3,0,98.899,86,8191,4,0,130,3,6.32011,6997,2099,9974,0,63,1,5994806202
596,3.36535,109,0,16,0,102.768,120,8191,16,0,111,16,5.96994,7013,2115,9990,0,63,1,2803331398
69,0.389609,121,0,5,0,98.728,121,8177,5,0,4,5,5.88522,7018,2120,9995,0,63,1,306330850
411,2.32073,79,0,126,0,86.851,79,8189,64,0,111,5,6.23539,7082,2125,10121,0,64,1,5011632598
39,0.220226,79,0,0,0,91.732,79,8191,0,0,1,0,6.2015,7082,2125,10121,0,64,1,404056744
353,1.9932,64,0,80,0,93.605,78,8191,80,0,110,1,5.55198,7162,2126,10201,0,65,1,5417315848
527,2.97574,80,0,6,0,108.903,115,8189,6,0,110,6,5.2244,7168,2132,10207,0,65,1,2716295654
340,1.91984,126,0,16,0,102.168,126,8176,16,0,41,16,6.00382,7184,2148,10223,0,65,1,1697515916
124,0.700173,10,0,126,0,94.708,10,8190,105,0,8,0,5.88522,7289,2148,10349,0,66,1,4004037898
523,2.95314,104,0,8,0,103.453,104,8190,8,0,176,8,6.73806,7297,2156,10357,0,66,1,2564774156
200,1.12935,108,0,7,0,118.617,108,8169,7,0,13,7,7.40453,7304,2163,10364,0,66,1,955571722
265,1.49636,61,0,109,0,67.386,61,8191,66,0,73,1,6.81149,7370,2164,10473,0,67,1,4672009888
542,3.0605,77,0,4,0,131.749,108,8191,4,0,123,4,5.52939,7374,2168,10477,0,67,1,2953440490
455,2.56936,122,0,20,0,133.383,122,8191,20,0,53,20,4.76691,7394,2188,10497,0,67,1,2245142620
62,0.350108,3,0,122,0,130.764,3,8069,59,0,1,0,4.85163,7453,2188,10619,0,68,1,3287470046
499,2.81796,92,0,8,0,95.427,94,8191,8,0,151,8,4.50146,7461,2196,10627,0,68,1,2679587792
710,4.0091,127,0,8,0,196.332,150,8191,8,0,214,8,4.21341,7469,2204,10635,0,68,1,2993263056
619,3.49524,136,0,37,0,112.17,156,8179,37,0,30,37,4.26989,7506,2241,10672,0,68,1,2694758150
170,0.959923,158,0,17,0,113.968,158,8122,17,0,7,15,4.29813,7523,2256,10689,0,68,1,420537418
290,1.6375,48,0,158,0,87.09,48,8191,153,0,50,0,4.86858,7676,2256,10847,0,69,1,5156322192
451,2.54661,101,0,13,0,127.365,101,8170,13,0,124,13,5.4955,7689,2269,10860,0,69,1,2161300974
61,0.34444,3,0,101,0,124.794,3,8091,59,0,1,0,5.61411,7748,2269,10961,0,70,1,3261695514
517,2.91928,89,0,3,0,121.374,98,8189,3,0,165,3,6.25798,7751,2272,10964,0,70,1,2943200680
591,3.33718,73,0,9,0,107.484,128,8189,9,0,104,9,5.46162,7760,2281,10973,0,70,1,2881327890
319,1.80127,139,0,10,0,102.805,139,8191,10,0,48,10,5.47291,7770,2291,10983,0,70,1,1046620078
144,0.813118,32,0,139,0,40.541,32,8189,59,0,30,0,5.96994,7829,2291,11122,0,71,1,4542003256
560,3.16207,72,0,7,0,107.375,92,8189,7,0,116,7,5.28088,7836,2298,11129,0,71,1,2800670964
507,2.86281,123,0,11,0,120.336,123,8190,11,0,105,11,4.83469,7847,2309,11140,0,71,1,2232256600
58,0.3275,123,0,123,0,120.336,2,8190,58,0,0,0,4.83469,7905,2309,11263,0,72,1,0
402,2.26998,91,0,2,0,109.516,91,8189,34,0,143,2,5.58022,7939,2311,11265,0,72,1,5991823756
564,3.18466,51,0,7,0,127.272,132,8191,7,0,146,7,4.15693,7946,2318,11272,0,72,1,2891858366
649,3.66488,115,0,12,0,114.203,146,8165,12,0,59,12,5.9417,7958,2330,11284,0,72,1,2738372322
436,2.46196,150,0,36,0,105.875,150,8182,36,0,21,36,7.67563,7994,2366,11320,0,72,1,1980773746
61,0.344441,3,0,150,0,105.574,3,8041,58,0,1,0,7.58526,8052,2366,11470,0,73,1,3556824334
468,2.64266,80,0,4,0,128.529,89,8125,4,0,137,4,5.20181,8056,2370,11474,0,73,1,2899912750
577,3.25811,104,0,13,0,130.729,115,8132,13,0,85,13,4.01008,8069,2383,11487,0,73,1,2695368970
426,2.40545,122,0,23,0,90.648,122,8191,23,0,26,23,4.18517,8092,2406,11510,0,73,1,1904791504
74,0.417839,8,0,122,0,89.168,8,8189,59,0,6,0,4.11174,8151,2406,11632,0,74,1,3809119580
540,3.04909,97,0,4,0,104.972,97,8190,4,0,156,4,5.3543,8155,2410,11636,0,74,1,2711494002
549,3.09993,122,0,13,0,102.514,122,8189,13,0,86,13,5.20181,8168,2423,11649,0,74,1,2346313088
0,0,122,0,0,0,102.514,122,8189,0,0,0,0,5.20181,8168,2423,11649,0,74,1,0
467,2.637,83,0,129,0,103.679,83,8164,65,0,122,7,4.56923,8233,2430,11778,0,75,1,6155537500
583,3.29208,115,0,14,0,118.576,115,8165,14,0,101,14,4.41674,8247,2444,11792,0,75,1,2545663792
3,0.0169385,115,0,3,0,118.576,115,8165,3,0,0,3,4.41674,8250,2447,11795,0,75,1,0
429,2.42236,82,0,121,0,93.691,82,8189,64,0,120,6,4.97589,8314,2453,11916,0,76,1,5733158550
58,0.327495,82,0,82,0,93.691,2,8189,58,0,0,0,4.97589,8372,2453,11998,0,77,1,0
445,2.51284,89,0,1,0,81.927,93,8189,2,0,149,1,5.60846,8374,2454,11999,0,77,1,5713489894
525,2.96465,112,0,29,0,115.32,112,8191,29,0,60,29,6.15632,8403,2483,12028,0,77,1,2578284520
401,2.26435,122,0,32,0,102.778,122,8191,32,0,38,31,6.06595,8435,2514,12060,0,77,1,1741440596
132,0.745355,7,0,123,0,98.753,7,8186,119,0,5,1,4.97024,8554,2515,12183,0,78,1,4026843688
618,3.48966,64,0,6,0,116.267,102,8189,6,0,171,6,4.71608,8560,2521,12189,0,78,1,2813895154
583,3.29195,113,0,25,0,102.76,119,8181,25,0,60,25,5.46726,8585,2546,12214,0,78,1,2708899746
290,1.63759,124,0,33,0,95.428,124,8179,33,0,20,33,4.76691,8618,2579,12247,0,78,1,1219558074
200,1.12932,38,0,124,0,50.113,38,8191,95,0,36,0,5.13968,8713,2579,12371,0,79,1,4459763336
285,1.60928,77,0,6,0,95.035,77,8167,6,0,71,6,4.41109,8719,2585,12377,0,79,1,1545531638
104,0.587243,12,0,77,0,85.931,12,8187,77,0,10,0,3.91971,8796,2585,12454,0,80,1,4045750912
561,3.16772,92,0,10,0,98.749,92,8169,10,0,136,10,3.94795,8806,2595,12464,0,80,1,2766276590
590,3.33148,117,0,15,0,92.547,117,8189,15,0,82,15,4.39979,8821,2610,12479,0,80,1,2784209204
350,1.97631,128,0,16,0,144.578,128,8165,16,0,41,16,5.94734,8837,2626,12495,0,80,1,1559825484
124,0.70018,9,0,128,0,122.275,9,8189,107,0,7,0,5.95864,8944,2626,12623,0,81,1,4045343498
335,1.8916,80,0,4,0,77.795,80,8189,4,0,107,4,4.89117,8948,2630,12627,0,81,1,1724902858
132,0.745349,28,0,80,0,52.141,28,8189,58,0,26,0,4.87422,9006,2630,12707,0,82,1,3883865986
571,3.22427,96,0,6,0,124.913,96,8191,6,0,133,6,4.84598,9012,2636,12713,0,82,1,2602956188
552,3.11702,71,0,9,0,168.008,128,8191,9,0,113,9,6.59686,9021,2645,12722,0,82,1,3000011812
622,3.51238,127,0,8,0,124.029,147,8149,8,0,79,8,5.67624,9029,2653,12730,0,82,1,2722347796
683,3.85677,83,0,25,0,110.084,157,8189,25,0,51,25,6.04901,9054,2678,12755,0,82,1,2855918296
333,1.88037,165,0,31,0,126.93,165,8191,31,0,37,30,6.20715,9085,2708,12786,0,82,1,1397258006
184,1.03896,9,0,165,0,126.588,9,8189,165,0,7,0,6.38789,9250,2708,12951,0,83,1,4117612838
579,3.26922,90,0,2,0,84.496,107,8189,2,0,186,2,6.85667,9252,2710,12953,0,83,1,2873718162
451,2.54662,120,0,17,0,110.82,120,8168,17,0,45,17,6.16762,9269,2727,12970,0,83,1,1909514194
66,0.372595,5,0,120,0,108.613,5,8190,58,0,3,0,5.79485,9327,2727,13090,0,84,1,3683635172
542,3.06045,104,0,1,0,148.174,108,8189,1,0,194,1,4.90811,9328,2728,13091,0,84,1,2778153336
634,3.57988,121,0,18,0,98.729,121,8190,18,0,45,18,5.79485,9346,2746,13109,0,84,1,2619023624
610,3.4444,129,0,14,0,108.221,129,8187,14,0,31,14,3.64296,9360,2760,13123,0,84,1,2693424398
591,3.33713,116,0,20,0,115.355,147,8166,20,0,78,20,3.27019,9380,2780,13143,0,84,1,3054249478


