SendPacket,SendRate(Mb/s),FlightSize,ReceiveRate(Mb/s),Send Loss,Recv Loss,RTT(ms),CWnd,FlowWindow,Retrans,PktSndPeriod(us),RecvACK,RecvNAK,EstimatedBandwidth(Mb/s),Retrans_Total,NAK_TotalRecv,Total Send Loss,Total Recv Loss,Timeout,usSndDuration
162,1.66711,13,0,1,0,41.937,13,8189,1,0,84,0,11.252,84,-294294508,1,0,1,-338048580228076
256,2.98094,20,0,0,0,62.504,20,8189,0,0,133,0,9.9008,217,-1825718994,1,0,1,2763542810
254,2.95777,25,0,2,0,69.287,25,8189,2,0,107,2,8.06042,324,935740826,3,0,3,2761459820
269,3.13193,29,0,3,0,92.432,29,8189,3,0,116,3,6.1385,440,-676738424,6,0,6,2682488046
289,3.36557,33,0,6,0,87.723,33,8189,6,0,104,6,5.27654,544,-1996753782,12,0,12,2974951938
299,3.48182,36,0,4,0,108.015,36,8191,4,0,106,4,5.20666,650,785865946,16,0,16,2782619728
258,3.00434,43,0,8,0,102.33,43,8190,8,0,76,8,4.74074,726,-952062610,24,0,24,2557038740
304,3.54017,73,0,15,0,158.582,73,8181,15,0,54,15,4.76403,780,1570261288,39,0,39,2522323898
45,0.524031,75,0,3,0,151.92,75,8183,3,0,4,3,4.85722,784,-2127721760,42,0,42,596984248
289,3.3656,45,0,77,0,103.179,45,8190,61,0,82,2,4.19328,866,-983592582,103,0,119,5439096474
284,3.30733,73,0,12,0,157.425,73,8184,12,0,52,12,4.11174,918,1543867220,115,0,131,2527459802
58,0.675285,73,0,73,0,157.425,2,8184,58,0,0,0,4.11174,918,1543867220,173,0,204,0
268,3.12095,37,0,3,0,90.375,37,8189,5,0,87,3,4.368,1005,-1143166046,178,0,207,5902901326
304,3.53999,59,0,9,0,121.526,62,8191,9,0,59,9,4.32141,1064,1644386204,187,0,216,2787552250
239,2.78319,78,0,16,0,147.672,78,8186,16,0,35,16,3.84384,1099,-278324184,203,0,232,2372256908
58,0.67546,78,0,78,0,147.672,2,8186,58,0,0,0,3.84384,1099,-278324184,261,0,310,0
225,2.62021,54,0,5,0,105.628,54,8191,25,0,59,5,3.97197,1158,954880358,286,0,315,5528171838
334,3.88937,78,0,12,0,183.063,78,8191,12,0,50,12,3.85549,1208,-36278710,298,0,327,3303808228
245,2.85264,85,0,29,0,149.292,85,8191,29,0,18,28,3.85549,1226,1912763364,327,0,356,1949042074
59,0.686945,85,0,85,0,149.292,2,8191,59,0,0,0,3.85549,1226,1912763364,386,0,441,0
153,1.78166,41,0,4,0,76.79,41,8176,30,0,40,4,4.9271,1266,-1274286968,416,0,445,5402884260
105,1.22271,20,0,41,0,55.418,20,8191,41,0,25,0,4.76403,1291,-1756065980,457,0,486,3813188284
272,3.16738,25,0,4,0,69.385,25,8191,4,0,117,4,4.3913,1408,937689196,461,0,490,2693755176
278,3.23714,29,0,3,0,83.011,29,8189,3,0,105,3,4.11174,1513,-726627336,464,0,493,2630650764
266,3.09761,31,0,5,0,102.729,31,8190,5,0,81,5,4.28646,1594,2121253238,469,0,498,2847880574
290,3.37701,34,0,6,0,93.473,34,8189,6,0,87,6,5.18336,1681,802508478,475,0,504,2976222536
291,3.38865,37,0,4,0,109.026,37,8189,4,0,100,4,5.04358,1781,-674015344,479,0,508,2818443474
123,1.43232,43,0,6,0,122.54,43,8191,6,0,32,6,5.00864,1813,861511600,485,0,514,1535526944
103,1.19942,21,0,43,0,64.561,21,8189,43,0,24,0,5.18336,1837,636827150,528,0,557,4070282846
274,3.19064,26,0,2,0,75.866,26,8189,2,0,122,2,4.72909,1959,-904351374,530,0,559,2753788772
278,3.23747,30,0,4,0,83.152,30,8189,4,0,106,4,4.21658,2065,1932882128,534,0,563,2837233502
244,2.84153,32,0,6,0,95.077,32,8190,6,0,85,6,3.26144,2150,301445844,540,0,569,2663531012
276,3.21292,35,0,7,0,113.971,35,8189,7,0,98,7,3.48275,2248,-1082386148,547,0,576,2911135304
262,3.05094,37,0,7,0,102.128,37,8189,7,0,67,7,3.85549,2315,1664028838,554,0,583,2746414986
306,3.5633,68,0,5,0,175.63,75,8189,5,0,84,5,4.41459,2399,190050356,559,0,588,2820988814
210,2.44539,82,0,23,0,178.498,82,8174,23,0,18,23,4.60096,2417,1808422202,582,0,611,1618371846
61,0.710328,3,0,82,0,174.818,3,8110,59,0,1,0,4.58931,2418,1120954298,641,0,693,3607499392
285,3.31886,58,0,6,0,131.37,62,8189,6,0,74,6,4.21658,2492,16077780,647,0,699,3190090778
140,1.63027,72,0,12,0,159.209,72,8191,12,0,21,12,4.46118,2513,1212238382,659,0,711,1196160602
91,1.05928,9,0,72,0,165.238,9,8189,72,0,7,0,4.11174,2520,1265988088,731,0,783,4348717002
324,3.77291,48,0,5,0,102.24,48,8189,5,0,115,5,4.0535,2635,-209870328,736,0,788,2819108880
252,2.93449,73,0,10,0,143.585,73,8190,10,0,48,10,5.35808,2683,-2056797764,746,0,798,2448039860
291,3.38881,85,0,16,0,197.215,85,8191,16,0,29,16,5.02029,2712,793870826,762,0,814,2850668590
58,0.675418,85,0,85,0,197.215,2,8191,58,0,0,0,5.02029,2712,793870826,820,0,899,0
237,2.75992,55,0,4,0,89.743,55,8190,31,0,62,4,4.9271,2774,1963121516,851,0,903,5464217986
55,0.640457,55,0,55,0,89.743,2,8190,55,0,0,0,4.9271,2774,1963121516,906,0,958,0
184,2.14262,28,0,2,0,78.114,28,8189,2,0,67,2,4.28646,2841,-663174048,908,0,960,5963639028
296,3.44626,32,0,3,0,86.083,32,8191,3,0,116,3,3.42451,2957,-2098604552,911,0,963,2859536792
252,2.93454,34,0,6,0,108.479,34,8191,6,0,74,6,3.63418,3031,654315114,917,0,969,2752919666
270,3.14421,26,0,7,0,107.056,37,8191,7,0,94,7,3.71571,3125,-805343034,924,0,976,2835309148
289,3.36561,63,0,10,0,132.837,63,8176,10,0,73,10,4.00691,3198,1916139254,934,0,986,2721482288
0,0,63,0,0,0,132.837,63,8176,0,0,0,0,4.00691,3198,1916139254,934,0,986,0
257,2.99284,32,0,66,0,99.955,32,8190,62,0,74,3,3.8089,3272,-1118158160,996,0,1052,5555637178
284,3.3071,35,0,4,0,103.756,35,8191,4,0,99,4,3.79725,3371,1716721398,1000,0,1056,2834879558
285,3.31885,37,0,6,0,106.14,37,8190,6,0,81,6,4.28646,3452,223939484,1006,0,1062,2802185382
264,3.07431,65,0,9,0,112.185,65,8191,9,0,61,9,4.03021,3513,-1498837082,1015,0,1071,2572190730
352,4.09899,81,0,21,0,157.618,81,8191,21,0,36,21,4.06515,3549,1564327232,1036,0,1092,3063164314
116,1.3508,84,0,22,0,142.896,84,8191,22,0,9,22,4.42624,3558,-1656636112,1058,0,1114,1074003952
89,1.03637,5,0,84,0,138.044,5,8164,84,0,3,0,4.33306,3561,-1662054200,1142,0,1198,4289549208
331,3.85451,65,0,9,0,115.311,70,8189,9,0,88,9,3.68077,3649,1270018412,1151,0,1207,2932072612
16,0.186317,71,0,4,0,115.483,71,8189,4,0,3,4,3.66912,3652,1472807911,1155,0,1211,202789499
235,2.73666,36,0,73,0,111.639,36,8189,61,0,75,2,3.98362,3727,-1763266256,1216,0,1284,5353860425
268,3.12082,37,0,5,0,107.678,37,8189,5,0,67,5,4.49613,3794,1154664452,1221,0,1289,2917930708
252,2.93449,71,0,11,0,171.825,71,8179,11,0,59,11,4.64755,3853,-885746848,1232,0,1300,2254555996
58,0.675384,71,0,71,0,171.825,2,8179,58,0,0,0,4.64755,3853,-885746848,1290,0,1371,0
220,2.56195,36,0,3,0,97.278,36,8189,3,0,80,3,5.52115,3933,952605762,1293,0,1374,6133319906
247,2.8765,52,0,6,0,97.564,52,8190,6,0,83,6,5.36973,4016,-777431572,1299,0,1380,2564929962
224,2.6086,75,0,10,0,165.076,75,8191,10,0,46,10,5.2649,4062,1026363778,1309,0,1390,1803795350
79,0.919933,4,0,75,0,168.242,4,8155,75,0,2,0,5.27654,4064,586724756,1384,0,1465,3855328274
258,3.00315,52,0,7,0,106.385,52,8191,7,0,91,7,4.72909,4155,-1344598166,1391,0,1472,2363644374
52,0.605523,52,0,52,0,106.385,2,8191,52,0,0,0,4.72909,4155,-1344598166,1443,0,1524,0
207,2.41047,28,0,0,0,119.262,28,8189,0,0,97,0,4.55437,4252,536906924,1443,0,1524,6176472386
274,3.19069,31,0,8,0,76.459,31,8189,8,0,86,8,3.86714,4338,-1000385634,1451,0,1532,2757674738
285,3.31893,34,0,6,0,94.417,34,8191,6,0,85,6,3.75066,4423,1808637492,1457,0,1538,2809023126
276,3.21396,36,0,5,0,95.958,36,8155,5,0,91,5,4.9271,4514,283413830,1462,0,1543,2769743634
239,2.78312,46,0,6,0,112.82,46,8189,6,0,60,6,4.89216,4574,-1175236864,1468,0,1549,2836316602
294,3.4235,81,0,10,0,154.315,81,8190,10,0,71,10,4.96205,4645,1463738804,1478,0,1559,2638975668
80,0.931569,83,0,10,0,185.919,83,8191,10,0,5,10,4.9737,4650,2082623224,1488,0,1569,618884420
148,1.72342,30,0,84,0,70.954,30,8189,69,0,28,1,4.85722,4678,-1446678392,1557,0,1653,5060632976
184,2.14255,56,0,9,0,114.221,56,8171,9,0,35,9,4.77568,4713,361544578,1566,0,1662,1808222970
80,0.931579,11,0,56,0,106.753,11,8189,56,0,9,0,4.48448,4722,-155733566,1622,0,1718,3777689152
287,3.34217,31,0,2,0,100.934,31,8191,2,0,128,2,3.97197,4850,-1616557466,1624,0,1720,2834143396
260,3.02777,34,0,7,0,97.236,34,8191,7,0,88,7,4.368,4938,970706626,1631,0,1727,2587264092
273,3.17875,36,0,5,0,99.934,36,8190,5,0,75,5,4.42624,5013,-345250874,1636,0,1732,2979009796
270,3.14411,45,0,7,0,114.307,45,8191,7,0,65,7,4.79898,5078,-1873134438,1643,0,1739,2767083732
328,3.81949,84,0,9,0,161.26,84,8189,9,0,80,9,5.2416,5158,882156926,1652,0,1748,2755291364
2,0.0232896,84,0,2,0,161.26,84,8189,2,0,0,2,5.2416,5158,882156926,1654,0,1750,0
273,3.17915,56,0,85,0,107.779,60,8189,61,0,71,1,3.8089,5229,-2041612138,1715,0,1835,5666165528
304,3.53981,78,0,14,0,161.698,78,8179,14,0,39,14,3.87878,5268,787852750,1729,0,1849,2829464888
81,0.943219,81,0,15,0,149.615,81,8182,15,0,6,14,3.92538,5274,1394612036,1744,0,1864,606759286
165,1.9214,31,0,82,0,75.056,31,8189,82,0,29,1,3.79725,5303,2069462586,1826,0,1946,4969817846
34,0.395924,38,0,6,0,94.23,38,8188,6,0,8,5,3.7623,5311,-1559646650,1832,0,1952,665858060
206,2.39897,18,0,38,0,67.651,22,8189,38,0,81,0,3.85549,5392,-909890624,1870,0,1990,4944723322
290,3.37717,26,0,4,0,67.807,26,8189,4,0,112,4,4.49613,5504,1882904220,1874,0,1994,2792794844
243,2.82993,30,0,3,0,85.613,30,8190,3,0,97,3,3.85549,5601,318300126,1877,0,1997,2730363202
260,3.02781,32,0,4,0,82.727,32,8191,4,0,78,4,3.84384,5679,-1127673162,1881,0,2001,2848994008
241,2.80667,34,0,3,0,109.014,34,8189,3,0,78,3,3.52934,5757,1676375778,1884,0,2004,2804048940
206,2.39895,36,0,7,0,109.52,36,8189,7,0,69,7,3.44781,5826,-488857590,1891,0,2011,2129733928
39,0.454148,3,0,36,0,109.633,3,8155,36,0,1,0,3.44781,5827,-1338338338,1927,0,2047,3445486548
255,2.96933,22,0,2,0,73.328,22,8170,2,0,106,2,3.93702,5933,1451111164,1929,0,2049,2789449502
279,3.24885,27,0,5,0,74.104,27,8190,5,0,113,5,4.22822,6046,-55372530,1934,0,2054,2788483602
249,2.89959,30,0,4,0,91.014,30,8189,4,0,89,4,3.77395,6135,-1733677850,1938,0,2058,2616661976
286,3.33043,33,0,4,0,98.218,33,8189,4,0,102,4,3.87878,6237,1206719106,1942,0,2062,2940396956
233,2.71323,35,0,7,0,96.218,35,8191,7,0,73,7,3.7856,6310,-505020578,1949,0,2069,2583227612
237,2.75984,36,0,4,0,95.771,36,8189,4,0,53,4,3.19155,6363,-1777497714,1953,0,2073,3022490160
276,3.21404,58,0,7,0,118.655,60,8191,7,0,74,7,3.5177,6437,1046936594,1960,0,2080,2824434308
262,3.05098,75,0,13,0,161.758,75,8182,13,0,30,13,3.43616,6467,-493968216,1973,0,2093,2754062486
106,1.23436,78,0,16,0,168.107,78,8181,16,0,8,15,3.2265,6475,440029436,1989,0,2109,933997652
150,1.74673,34,0,78,0,67.947,34,8190,60,0,32,0,2.79552,6507,825075618,2049,0,2187,4680013478
26,0.302765,39,0,3,0,73.32,39,8183,3,0,6,3,2.78387,6513,1258101736,2052,0,2190,433026118
206,2.39895,21,0,40,0,81.91,21,8191,40,0,70,1,3.2265,6583,1948894338,2092,0,2230,4985759898
267,3.10937,26,0,2,0,78.466,26,8191,2,0,116,2,3.64582,6699,582455848,2094,0,2232,2928528806
240,2.79483,29,0,8,0,84.774,29,8189,8,0,84,8,3.87878,6783,-962982148,2102,0,2240,2749529300
244,2.84136,32,0,4,0,97.508,32,8190,4,0,82,4,4.91546,6865,1870628982,2106,0,2244,2833611130
212,2.46868,33,0,7,0,86.452,33,8191,7,0,54,7,4.96205,6919,-272696010,2113,0,2251,2151642304
60,0.698698,12,0,33,0,87.579,12,8189,33,0,10,0,5.11347,6929,-1115524252,2146,0,2284,3452139054
272,3.16738,22,0,1,0,59.621,22,8191,1,0,126,1,4.78733,7055,1660560990,2147,0,2285,2776085242
248,2.8881,26,0,3,0,74.892,26,8189,3,0,92,3,5.05523,7147,225917244,2150,0,2288,2860323550
238,2.77155,29,0,3,0,88.135,29,8191,3,0,83,3,4.78733,7230,-1307769292,2153,0,2291,2761280760
272,3.16747,32,0,6,0,102.748,32,8178,6,0,112,6,4.75238,7342,1481340010,2159,0,2297,2789109302
302,3.51715,35,0,8,0,93.274,35,8191,8,0,103,8,3.90208,7445,18807732,2167,0,2305,2832435018
233,2.71327,39,0,7,0,93.868,39,8191,7,0,84,7,3.07507,7529,-2027176968,2174,0,2312,2248982596
236,2.74816,61,0,10,0,146.952,61,8191,10,0,35,10,3.70406,7564,649791298,2184,0,2322,2676968266
62,0.721974,3,0,61,0,144.81,3,8130,59,0,1,0,3.64582,7565,-677289272,2243,0,2383,2967886726
133,1.54874,30,0,1,0,71.38,30,8190,1,0,57,1,3.00518,7622,873101276,2244,0,2384,1550390548
160,1.86319,17,0,30,0,52.488,17,8189,30,0,62,0,3.19155,7684,1095704333,2274,0,2414,4517570353
270,3.14421,23,0,4,0,66.564,23,8191,4,0,110,4,3.29638,7794,-400605678,2278,0,2418,2798657285
276,3.21429,27,0,5,0,77.611,27,8191,5,0,93,5,3.07507,7887,-1965798646,2283,0,2423,2729774328
256,2.9812,29,0,5,0,90.048,29,8189,5,0,78,5,3.09837,7965,851403882,2288,0,2428,2817202528
243,2.82973,32,0,5,0,95.051,32,8191,5,0,82,5,3.15661,8047,-698499428,2293,0,2433,2745063986
280,3.26054,35,0,7,0,109.6,35,8191,7,0,95,7,3.45946,8142,2143902904,2300,0,2440,2842402332
247,2.87624,37,0,5,0,101.339,37,8190,5,0,75,5,3.71571,8217,680184126,2305,0,2445,2831248518
259,3.01601,61,0,8,0,133.256,61,8189,8,0,64,8,3.40122,8281,-918288880,2313,0,2453,2696494290
243,2.82962,80,0,12,0,171.27,80,8180,12,0,43,12,3.5177,8324,1542099260,2325,0,2465,2460388140
62,0.721976,3,0,80,0,170.929,3,8111,59,0,1,0,3.57594,8325,259149686,2384,0,2545,3012017722
219,2.55017,58,0,5,0,111.346,58,8190,5,0,65,5,3.92538,8390,-1579107396,2389,0,2550,2456710214
307,3.57491,73,0,14,0,159.537,73,8180,14,0,31,14,4.03021,8421,1645901692,2403,0,2564,3225009088
3,0.0349344,73,0,3,0,159.537,73,8180,3,0,0,3,4.03021,8421,1645901692,2406,0,2567,0
222,2.58516,36,0,75,0,84.149,36,8191,60,0,53,2,4.25152,8474,-1344572054,2466,0,2642,5599460846
302,3.51663,60,0,9,0,113.659,60,8191,9,0,89,9,4.33306,8563,1475060300,2475,0,2651,2819632354
257,2.99278,77,0,16,0,161.232,77,8191,16,0,36,16,5.2183,8599,-516238454,2491,0,2667,2303668542
94,1.09466,80,0,15,0,157.287,80,8191,15,0,9,15,4.48448,8608,656302160,2506,0,2682,1172540614
189,2.201,45,0,82,0,61.96,45,8190,62,0,45,2,3.8089,8653,1248151442,2568,0,2764,4886816578
314,3.65651,75,0,11,0,161.874,77,8191,11,0,62,11,3.29638,8715,-207396250,2579,0,2775,2839419604
23,0.267835,77,0,2,0,168.385,77,8172,2,0,1,2,3.28474,8716,310123032,2581,0,2777,517519282
180,2.09607,42,0,80,0,72.418,42,8191,62,0,41,3,3.1799,8757,793425694,2643,0,2857,4778269958
291,3.38866,71,0,9,0,148.036,71,8190,9,0,51,9,3.12166,8808,-820152780,2652,0,2866,2681388822
119,1.38571,73,0,10,0,171.99,73,8153,10,0,5,10,3.15661,8813,521913750,2662,0,2876,1342066530
111,1.29259,21,0,73,0,95.111,21,8191,59,0,19,0,3.4711,8832,932441640,2721,0,2949,4705495186
261,3.03929,37,0,7,0,104.713,37,8191,7,0,76,7,4.29811,8908,-788029984,2728,0,2956,2574495672
305,3.55158,71,0,9,0,146.628,71,8190,9,0,70,9,4.56602,8978,-2142119802,2737,0,2965,2940877478
19,0.221252,71,0,2,0,155.508,71,8174,2,0,1,2,4.56602,8979,-1648531252,2739,0,2967,493588550
149,1.73506,33,0,73,0,74.277,33,8191,61,0,31,2,3.99526,9010,-1635159450,2800,0,3040,4308339098
44,0.51236,6,0,33,0,75.591,6,8189,33,0,4,0,4.04186,9014,1998196024,2833,0,3073,3633355474
281,3.27225,22,0,3,0,77.614,22,8190,3,0,124,3,4.16998,9138,518299784,2836,0,3076,2815071056
270,3.1441,26,0,4,0,67.048,26,8191,4,0,115,4,3.7856,9253,-987374502,2840,0,3080,2789293010
272,3.16753,30,0,4,0,81.356,30,8191,4,0,101,4,4.08845,9354,1663219598,2844,0,3084,2650594100
260,3.02786,31,0,4,0,95.13,33,8189,4,0,92,4,3.65747,9446,327256168,2848,0,3088,2959003866
255,2.9695,36,0,5,0,107.71,36,8189,5,0,98,5,3.64582,9544,-1450090218,2853,0,3093,2517620910
299,3.48181,43,0,9,0,106.316,43,8189,9,0,81,9,4.21658,9625,1600274764,2862,0,3102,3050364982
157,1.82822,65,0,7,0,128.895,65,8174,7,0,37,7,4.48448,9662,-1018868214,2869,0,3109,1675824318
98,1.14119,16,0,65,0,112.241,16,8189,59,0,14,0,4.37965,9676,-1391938622,2928,0,3174,3921896888
280,3.26056,33,0,6,0,76.737,33,8160,6,0,78,6,4.89216,9754,1371600926,2934,0,3180,2763539548
262,3.05092,36,0,5,0,100.328,36,8190,5,0,85,5,4.30976,9839,-278581906,2939,0,3185,2644784464
289,3.36535,46,0,5,0,94.285,46,8189,5,0,74,5,3.06342,9913,-1600738466,2944,0,3190,2972810736
269,3.13246,67,0,11,0,160.174,78,8191,11,0,62,11,2.912,9975,1048850756,2955,0,3201,2649589222
329,3.83111,84,0,20,0,154.73,84,8191,20,0,15,20,2.77222,9990,-421612326,2975,0,3221,2824504214
125,1.4556,88,0,21,0,141.695,88,8185,21,0,12,21,2.69069,10002,655563872,2996,0,3242,1077176198
123,1.43231,14,0,89,0,118.192,14,8189,89,0,12,1,2.81882,10014,982578808,3085,0,3331,4621982232
153,1.7817,51,0,7,0,96.188,51,8191,7,0,42,7,2.9353,10056,-1969393758,3092,0,3338,1342994730
126,1.46727,25,0,51,0,63.495,25,8189,51,0,29,0,3.35462,10085,-2025814812,3143,0,3389,4238546242
257,2.99273,28,0,6,0,78.255,28,8189,6,0,84,6,3.29638,10169,746221140,3149,0,3395,2772035952
244,2.84133,31,0,4,0,91.118,31,8191,4,0,85,4,3.38957,10254,-757920020,3153,0,3399,2790826136
10,0.116447,31,0,1,0,91.552,31,8191,1,0,5,1,3.38957,10259,-560733268,3154,0,3400,197186752
216,2.51529,19,0,31,0,54.866,19,8189,31,0,89,0,3.4944,10348,574469440,3185,0,3431,5430170004
238,2.77147,23,0,3,0,73.262,23,8189,3,0,94,3,3.43616,10442,-940902212,3188,0,3434,2779595644
247,2.87628,26,0,4,0,75.769,26,8189,4,0,80,4,3.19155,10522,1821650238,3192,0,3438,2762552450
253,2.94604,30,0,6,0,81.54,30,8189,6,0,92,6,3.77395,10614,285757274,3198,0,3444,2759074332
211,2.45704,32,0,5,0,92.696,32,8189,5,0,77,5,3.84384,10691,-1262208408,3203,0,3449,2747001614
265,3.08581,35,0,4,0,108.24,35,8190,4,0,89,4,4.29811,10780,1558969280,3207,0,3453,2821177688
281,3.2722,37,0,5,0,98.486,37,8189,5,0,77,5,5.33478,10857,166203664,3212,0,3458,2902201680
272,3.16739,68,0,9,0,119.704,68,8191,9,0,76,9,4.82227,10933,-1761970056,3221,0,3467,2366793576
262,3.05094,79,0,16,0,173.504,79,8180,16,0,24,16,4.46118,10957,1254080268,3237,0,3483,3016050324
3,0.0349337,79,0,3,0,173.504,79,8191,3,0,0,3,4.46118,10957,1254080268,3240,0,3486,0
170,1.97954,36,0,80,0,68.544,36,8189,70,0,34,1,4.26317,10991,-1562254058,3310,0,3566,5773600266
285,3.31883,69,0,14,0,155.644,69,8191,14,0,54,14,3.01683,11045,1255962938,3324,0,3580,2818216996
57,0.663757,72,0,5,0,158.78,72,8178,5,0,8,5,2.94694,11053,2068558820,3329,0,3585,812595882
159,1.85153,36,0,74,0,76.108,36,8189,62,0,34,2,2.85376,11087,-2010625570,3391,0,3659,4510750202
314,3.65652,56,0,4,0,91.699,56,8191,4,0,101,4,3.43616,11188,1016972570,3395,0,3663,3027598140
278,3.2372,74,0,14,0,175.246,74,8191,14,0,36,14,4.43789,11224,-454868406,3409,0,3677,2823126320
47,0.547309,75,0,10,0,169.89,75,8180,10,0,2,10,4.47283,11226,-211542428,3419,0,3687,243325978
193,2.24744,37,0,75,0,80.195,37,8190,59,0,52,0,4.91546,11278,835439476,3478,0,3762,5341949200
129,1.50218,55,0,5,0,131.255,55,8176,5,0,46,5,4.26317,11324,-2138622486,3483,0,3767,1320905334
107,1.24599,21,0,55,0,96.81,21,8189,55,0,19,0,4.42624,11343,2064465788,3538,0,3822,4203088274
37,0.430857,27,0,2,0,75.218,27,8190,2,0,16,2,4.49613,11359,-1892081398,3540,0,3824,338420110
185,2.15429,17,0,27,0,51.683,17,8189,27,0,77,0,4.51942,11436,-869315434,3567,0,3851,5317733260
246,2.8646,22,0,3,0,73.06,22,8191,3,0,108,3,3.66912,11544,1800923942,3570,0,3854,2670239376
211,2.45706,25,0,3,0,82.238,25,8191,3,0,76,3,3.1799,11620,410641744,3573,0,3857,2904685098
262,3.05106,27,0,3,0,94.212,29,8191,3,0,97,3,4.368,11717,-1069343200,3576,0,3860,2814982352
238,2.77131,31,0,5,0,95.292,31,8189,5,0,76,5,4.00691,11793,1663789566,3581,0,3865,2733132766
284,3.30728,34,0,6,0,89.764,34,8191,6,0,99,6,4.51942,11892,205182944,3587,0,3871,2836360674
281,3.27239,37,0,7,0,88.224,37,8191,7,0,92,7,4.19328,11984,-1280277918,3594,0,3878,2809506434
289,3.36537,59,0,9,0,138.176,67,8191,9,0,72,9,3.93702,12056,1467524146,3603,0,3887,2747802064
286,3.33043,75,0,17,0,140.033,75,8165,17,0,18,17,3.57594,12074,-318646986,3620,0,3904,2508796164
2,0.0232898,75,0,2,0,140.033,75,8165,2,0,0,2,3.57594,12074,-318646986,3622,0,3906,0
264,3.07423,37,0,80,0,88.102,37,8190,80,0,64,5,3.4944,12138,1171999146,3702,0,3986,5785613428
286,3.33031,69,0,9,0,152.902,69,8191,9,0,62,9,3.73901,12200,-558219698,3711,0,3995,2564748452
116,1.35078,72,0,14,0,156.285,72,8191,14,0,6,14,3.66912,12206,774234096,3725,0,4009,1332453794
160,1.8632,32,0,73,0,59.738,32,8189,73,0,30,1,4.21658,12236,1080116312,3798,0,4082,4600849512
262,3.05107,39,0,9,0,103.081,39,8191,9,0,80,9,4.19328,12316,-554904730,3807,0,4091,2659946254
305,3.55179,61,0,11,0,154.717,67,8191,11,0,47,11,4.77568,12363,-1906394230,3818,0,4102,2943477796
315,3.66815,59,0,18,0,144.625,79,8191,18,0,28,18,4.03021,12391,889489658,3836,0,4120,2795883888
105,1.22266,86,0,11,0,187.579,86,8173,11,0,18,11,4.49613,12409,-2095791736,3847,0,4131,1309685902
86,1.00154,12,0,86,0,166.704,12,8189,59,0,10,0,4.50778,12419,-2104624676,3906,0,4217,4286134356
281,3.27233,61,0,6,0,95.612,61,8191,6,0,63,6,4.40294,12482,184351314,3912,0,4223,2288975990
334,3.88962,77,0,19,0,156.377,77,8173,19,0,35,19,4.08845,12517,-1177129314,3931,0,4242,2933486668
288,3.35396,85,0,33,0,128.332,85,8191,33,0,20,31,4.13504,12537,1430196260,3964,0,4275,2607325574
61,0.710372,52,0,85,0,126.798,3,8158,61,0,1,0,4.11174,12538,455439284,4025,0,4360,3320210320
204,2.37548,49,0,6,0,71.15,49,8190,30,0,50,6,4.13504,12588,-1220493114,4055,0,4366,2619034898
1,0.0116448,49,0,1,0,71.15,49,8190,1,0,0,1,4.13504,12588,-1220493114,4056,0,4367,0
234,2.72497,26,0,51,0,69.029,26,8191,51,0,73,2,5.03194,12661,42781660,4107,0,4418,5558242070
224,2.60827,28,0,3,0,104.582,28,8190,3,0,81,3,4.76403,12742,-1303808988,4110,0,4421,2948376648
277,3.22561,31,0,6,0,85.006,31,8191,6,0,89,6,5.02029,12831,1486858206,4116,0,4427,2790667194
212,2.46872,33,0,4,0,104.677,33,8189,4,0,62,4,4.49613,12893,55405760,4120,0,4431,2863514850
250,2.91113,36,0,9,0,96.241,36,8190,9,0,79,9,3.84384,12972,-1536013024,4129,0,4440,2703548512
238,2.77145,37,0,6,0,124.105,37,8191,6,0,71,6,3.40122,13043,1357227130,4135,0,4446,2893240154
269,3.13247,67,0,9,0,134.022,67,8190,9,0,50,9,3.37792,13093,-718408324,4144,0,4455,2219331842
135,1.57206,71,0,7,0,158.296,71,8179,7,0,8,7,3.36627,13101,1018212114,4151,0,4462,1736620438
146,1.70015,32,0,72,0,67.097,32,8189,61,0,30,1,3.27309,13131,1080150238,4212,0,4534,4356905420
259,3.01623,36,0,6,0,93.57,36,8189,6,0,64,6,3.89043,13195,-358482332,4218,0,4540,2856334726
310,3.60996,57,0,9,0,129.676,59,8189,9,0,81,9,4.20493,13276,-1850759710,4227,0,4549,2802689918
201,2.34057,83,0,8,0,116.315,83,8189,8,0,55,8,4.20493,13331,-337374886,4235,0,4557,1513384824
62,0.722003,3,0,83,0,124.669,3,8108,59,0,1,0,4.20493,13332,-717085606,4294,0,4640,3915256576
302,3.51675,61,0,5,0,130.754,62,8191,5,0,74,5,4.79898,13406,-2084951830,4299,0,4645,2927101072
142,1.65357,75,0,12,0,155.377,75,8184,12,0,26,12,4.85722,13432,-666611599,4311,0,4657,1418340231
120,1.39738,19,0,75,0,98.535,19,8189,75,0,17,0,4.79898,13449,-787699150,4386,0,4732,4173879745
332,3.86609,58,0,7,0,95.472,60,8189,7,0,90,7,6.31322,13539,1877163974,4393,0,4739,2664863124
282,3.28385,81,0,9,0,181.702,81,8181,9,0,46,9,5.73082,13585,216224172,4402,0,4748,2634027494
10,0.116448,81,0,3,0,183.042,81,8184,3,0,1,3,5.73082,13586,278916900,4405,0,4751,62692728
292,3.40037,65,0,81,0,118.004,70,8191,59,0,90,0,3.99526,13676,1765293284,4464,0,4832,5781343680
16,0.186314,71,0,2,0,128.587,71,8191,2,0,4,2,4.0768,13680,2025550398,4466,0,4834,260257114
261,3.0393,36,0,73,0,81.481,36,8191,61,0,72,2,4.58931,13752,-1228682770,4527,0,4907,5335701424
264,3.07416,45,0,6,0,124.803,45,8159,6,0,80,6,4.08845,13832,1472581906,4533,0,4913,2701264676
306,3.56329,76,0,11,0,163.858,76,8159,11,0,60,11,4.3447,13892,-31665864,4544,0,4924,2790719526
20,0.232888,77,0,6,0,164.1,77,8178,6,0,1,6,4.37965,13893,152596690,4550,0,4930,184262554
211,2.45724,38,0,81,0,74.104,38,8183,81,0,37,4,4.6825,13930,1257309918,4631,0,5011,5399680524
286,3.33064,73,0,10,0,147.675,73,8181,10,0,60,10,4.6592,13990,-138891172,4641,0,5021,2898766206
236,2.74818,78,0,27,0,142.709,78,8175,27,0,13,27,4.35635,14003,1653015462,4668,0,5048,1791906634
82,0.954855,4,0,78,0,136.925,4,8154,78,0,2,0,4.42624,14005,1203494190,4746,0,5126,3845446024
216,2.51528,55,0,6,0,103.567,55,8191,6,0,59,6,4.16998,14064,-325251620,4752,0,5132,2766221486
318,3.70308,78,0,14,0,181.628,78,8163,14,0,49,14,3.90208,14113,-1870517346,4766,0,5146,2749701570
52,0.605531,79,0,9,0,174.986,79,8191,9,0,3,8,3.92538,14116,-1305160288,4775,0,5155,565357058
170,1.9796,39,0,80,0,65.928,39,8189,63,0,38,1,3.33133,14154,-925831106,4838,0,5235,4674296478
256,2.98113,58,0,4,0,125.042,62,8189,4,0,37,4,4.0535,14191,-2028309870,4842,0,5239,3192488532
282,3.28377,77,0,21,0,185.673,77,8191,21,0,32,21,4.44954,14223,604407670,4863,0,5260,2632717540
92,1.07132,80,0,15,0,163.478,80,8191,15,0,7,14,4.79898,14230,1233154546,4878,0,5275,628746876
111,1.29257,13,0,81,0,118.985,13,8189,81,0,11,1,4.76403,14241,2072331958,4959,0,5356,5134144708
84,0.978166,40,0,4,0,66.888,40,8190,4,0,28,4,4.6592,14269,-1639620514,4963,0,5360,583014824
170,1.97962,21,0,41,0,61.813,21,8191,41,0,53,1,4.99699,14322,-941963824,5004,0,5401,4992623986
261,3.03938,25,0,3,0,85.702,25,8189,3,0,100,3,4.25152,14422,1872106386,5007,0,5404,2814070210
214,2.49205,28,0,4,0,78.74,28,8189,4,0,83,4,3.96032,14505,145487600,5011,0,5408,2568348510
306,3.56353,32,0,3,0,93.505,32,8190,3,0,119,3,4.35635,14624,-1122435788,5014,0,5411,3027043908
3,0.0349347,32,0,1,0,92.824,32,8189,1,0,1,1,4.35635,14625,-1099116296,5015,0,5412,23319492
265,3.08596,21,0,32,0,56.598,21,8189,32,0,113,0,4.46118,14738,87935692,5047,0,5444,5482019284
279,3.24893,26,0,3,0,77.056,26,8191,3,0,121,3,4.75238,14859,-1360895248,5050,0,5447,2846136356
252,2.93452,30,0,3,0,106.587,30,8191,3,0,105,3,5.45126,14964,1432800916,5053,0,5450,2793696164
209,2.4337,32,0,5,0,87.519,32,8190,5,0,64,5,4.86886,15028,-188871434,5058,0,5455,2673294946
238,2.77147,34,0,9,0,117.563,34,8189,9,0,75,9,4.90381,15103,-1770168778,5067,0,5464,2713669952
278,3.23728,36,0,7,0,106.887,36,8189,7,0,74,7,4.85722,15177,1242964450,5074,0,5471,3013133228
255,2.9695,51,0,7,0,101.426,51,8190,7,0,74,7,4.57766,15251,-675433555,5081,0,5478,2376569291
326,3.79623,80,0,12,0,185.68,80,8171,12,0,60,12,3.79725,15311,-1968901768,5093,0,5490,3001499083
45,0.524034,81,0,6,0,187.78,81,8158,6,0,2,6,3.7623,15313,-1380303954,5099,0,5496,588597814
207,2.41051,45,0,83,0,87.346,45,8191,83,0,45,2,3.63418,15358,-789048286,5182,0,5579,4886222964
295,3.43523,72,0,16,0,159.528,72,8181,16,0,50,16,3.43616,15408,2089068298,5198,0,5595,2878116584
154,1.79334,76,0,19,0,150.674,76,8180,19,0,9,19,3.44781,15417,-1023034952,5217,0,5614,1182864046
76,0.885008,39,0,76,0,147.748,3,8154,76,0,1,0,3.41286,15418,-1856288958,5293,0,5690,3461713290
89,1.03641,19,0,39,0,83.561,19,8189,39,0,19,0,3.55264,15437,2080359663,5332,0,5729,3936648621
260,3.02791,24,0,3,0,69.866,24,8189,3,0,114,3,3.57594,15551,604249972,5335,0,5732,2818857605
205,2.3872,27,0,5,0,84.773,27,8190,5,0,71,5,4.74074,15622,-1091500774,5340,0,5737,2599216550
227,2.64343,29,0,5,0,79.926,29,8190,5,0,72,5,4.77568,15694,1845641182,5345,0,5742,2937141956
244,2.84138,31,0,6,0,96.782,31,8189,6,0,68,6,4.57766,15762,412311672,5351,0,5748,2861637786
254,2.95777,34,0,6,0,85.552,34,8189,6,0,86,6,4.69414,15848,-1074857848,5357,0,5754,2807797776
210,2.44542,36,0,8,0,104.595,36,8189,8,0,58,8,4.49613,15906,1476048608,5365,0,5762,2550906456
236,2.74824,37,0,4,0,106.688,37,8191,4,0,51,4,4.42624,15957,154542474,5369,0,5766,2973461162
257,2.99267,63,0,6,0,121.214,63,8191,6,0,60,6,5.29984,16017,-1869168212,5375,0,5772,2271256610
158,1.83986,66,0,9,0,147.091,66,8174,9,0,7,9,5.16006,16024,16687494,5384,0,5781,1885855706
130,1.51383,26,0,67,0,60.515,26,8189,59,0,24,1,4.6592,16048,11962462,5443,0,5848,4290242264
249,2.89954,35,0,5,0,111.897,35,8189,5,0,76,5,4.53107,16124,-1498682790,5448,0,5853,2784322044
242,2.81803,37,0,9,0,96.031,37,8191,9,0,71,9,4.0535,16195,1111892380,5457,0,5862,2610575170
303,3.52837,59,0,4,0,113.769,65,8189,4,0,83,4,3.93702,16278,-231097006,5461,0,5866,2951977910
248,2.88789,77,0,19,0,177.129,77,8179,19,0,27,19,3.85549,16305,-1696946766,5480,0,5885,2829117536
38,0.442539,78,0,2,0,178.273,78,8191,2,0,2,2,3.83219,16307,-1627311256,5482,0,5887,69635510
115,1.33925,22,0,78,0,81.787,22,8189,58,0,20,0,3.57594,16327,-485037442,5540,0,5965,5437241110
273,3.17919,67,0,10,0,170.87,67,8176,10,0,65,10,3.01683,16392,-1909597786,5550,0,5975,2870406952
312,3.63316,77,0,17,0,161.231,77,8179,17,0,21,17,3.04013,16413,639083968,5567,0,5992,2548681754
329,3.83121,84,0,20,0,151.32,93,8164,19,0,43,20,2.76058,16456,-640138830,5586,0,6012,3015744498
86,1.00144,95,0,19,0,161.524,95,8187,20,0,6,19,2.80717,16462,125188348,5606,0,6031,765327178
170,1.97968,30,0,95,0,73.56,30,8189,92,0,28,0,3.01683,16490,686318032,5698,0,6126,4856096980
265,3.0859,58,0,10,0,135.398,65,8191,10,0,52,10,3.27309,16542,-923756060,5708,0,6136,2684893204
186,2.16592,76,0,4,0,136.019,76,8191,4,0,24,4,4.50778,16566,935819266,5712,0,6140,1859575326
79,0.919961,10,0,76,0,152.36,10,8189,58,0,8,0,4.69414,16574,473516190,5770,0,6216,3832664220
193,2.24747,49,0,5,0,82.543,49,8189,5,0,44,5,4.82227,16618,-1641062224,5775,0,6221,2180388882
313,3.64502,74,0,18,0,161.343,74,8182,18,0,47,17,4.91546,16665,1774924756,5793,0,6239,3415986980
112,1.30423,78,0,18,0,145.188,78,8189,18,0,10,18,5.00864,16675,-1683526678,5811,0,6257,836515862
78,0.908286,15,0,78,0,139.527,4,8191,78,0,2,0,5.04358,16677,1991896206,5889,0,6335,3675422884
0,0,15,0,0,0,139.527,4,8191,0,0,0,0,5.04358,16677,1991896206,5889,0,6335,0
217,2.52688,15,0,15,0,55.36,15,8191,15,0,105,0,4.57766,16782,61809732,5904,0,6350,6659848118
251,2.92305,22,0,0,0,64.03,22,8189,0,0,127,0,4.49613,16909,-1440854974,5904,0,6350,2792302590
219,2.55018,25,0,3,0,83.24,25,8191,3,0,80,3,4.35635,16989,1349452602,5907,0,6353,2790307576
218,2.53857,28,0,2,0,76.737,28,8189,2,0,88,2,4.50778,17077,-191264328,5909,0,6355,2754250366
267,3.10924,32,0,5,0,92.587,32,8174,5,0,109,5,5.25325,17186,-1761587590,5914,0,6360,2724644034
224,2.60836,34,0,6,0,101.481,34,8189,6,0,68,6,5.38138,17254,1072370040,5920,0,6366,2833957630
255,2.96956,36,0,6,0,101.713,36,8189,6,0,61,6,4.49613,17315,-349139191,5926,0,6372,2873458065
253,2.94628,46,0,6,0,104.738,46,8190,6,0,75,6,4.19328,17390,-1905959098,5932,0,6378,2738147389
122,1.42069,60,0,5,0,132.24,60,8176,5,0,24,5,3.73901,17414,-380560496,5937,0,6383,1525398602
114,1.32754,21,0,60,0,90.831,21,8189,59,0,19,0,3.44781,17433,-594493058,5996,0,6443,4081034734
235,2.73652,32,0,3,0,96.441,32,8191,3,0,87,3,3.27309,17520,1956133692,5999,0,6446,2550626750
287,3.34211,35,0,4,0,114.942,35,8189,4,0,101,4,3.5177,17621,669820380,6003,0,6450,3008653984
243,2.8297,37,0,4,0,98.375,37,8191,4,0,72,4,3.62253,17693,-859708002,6007,0,6454,2765438914
291,3.38865,65,0,6,0,125.69,67,8189,6,0,69,6,4.12339,17762,1816823226,6013,0,6460,2676531228
111,1.29255,75,0,5,0,167.787,75,8189,5,0,17,5,4.33306,17779,-1402871466,6018,0,6465,1075272604
113,1.31589,20,0,76,0,103.814,20,8189,61,0,18,1,4.14669,17797,-970778890,6079,0,6541,4727059872
307,3.5752,62,0,6,0,138.336,62,8189,6,0,94,6,3.84384,17891,1794872338,6085,0,6547,2765651228
212,2.46885,76,0,20,0,169.849,76,8167,20,0,29,20,3.86714,17920,-484380964,6105,0,6567,2015713994
58,0.675397,76,0,76,0,169.849,2,8167,58,0,0,0,3.86714,17920,-484380964,6163,0,6643,0
231,2.68999,53,0,4,0,90.906,53,8182,6,0,58,4,3.77395,17978,1507906994,6169,0,6647,6287255254
288,3.35364,73,0,11,0,176.345,83,8191,11,0,64,11,3.89043,18042,-92403190,6180,0,6658,2694657112
147,1.71178,86,0,15,0,200.328,86,8148,15,0,7,15,4.32141,18049,1299814378,6195,0,6673,1392217568
79,0.919945,7,0,87,0,182.817,7,8189,67,0,5,1,4.22822,18054,1339991476,6262,0,6760,4335144394
291,3.38874,66,0,9,0,148.231,66,8191,9,0,77,9,3.94867,18131,-179354642,6271,0,6769,2775621178
1,0.0116451,66,0,1,0,148.231,66,8191,1,0,0,1,3.94867,18131,-179354642,6272,0,6770,0
259,3.01601,34,0,67,0,88.347,34,8191,60,0,71,1,3.99526,18202,1181066436,6332,0,6837,5655388374
241,2.80638,36,0,4,0,113.644,36,8191,4,0,90,4,3.65747,18292,-364603554,6336,0,6841,2749297306
233,2.71322,54,0,7,0,100.536,54,8191,7,0,72,7,4.06515,18364,1682763110,6343,0,6848,2047366664
57,0.663757,3,0,54,0,100.531,3,8137,54,0,1,0,4.08845,18365,742605580,6397,0,6902,3354809766
226,2.63174,29,0,1,0,97.585,29,8189,1,0,93,1,4.51942,18458,-530068218,6398,0,6903,3022293498
253,2.94606,32,0,4,0,101.671,32,8189,4,0,104,4,4.54272,18562,-2120729028,6402,0,6907,2704306486
206,2.399,34,0,10,0,93.313,34,8191,10,0,57,10,5.04358,18619,405348974,6412,0,6917,2526078002
254,2.95801,36,0,5,0,100.776,36,8190,5,0,63,5,4.56602,18682,-733946068,6417,0,6922,3155672254
249,2.89966,43,0,6,0,111.847,43,8159,6,0,72,6,4.12339,18754,2024458336,6423,0,6928,2758404404
85,0.989811,57,0,3,0,124.961,57,8170,3,0,21,3,3.91373,18775,-1401119404,6426,0,6931,869389556
187,2.17759,28,0,60,0,68.704,28,8191,60,0,40,3,3.83219,18815,-956535254,6486,0,6991,4739551446
248,2.88793,31,0,3,0,84.941,31,8191,3,0,89,3,3.09837,18904,1843075084,6489,0,6994,2799610338
220,2.56187,33,0,5,0,104.885,33,8189,5,0,66,5,3.66912,18970,136490452,6494,0,6999,2588382664
244,2.84131,35,0,4,0,105.447,35,8189,4,0,76,4,3.77395,19046,-1191444286,6498,0,7003,2967032558
259,3.01599,37,0,5,0,109.292,37,8189,5,0,79,5,4.33306,19125,1662235466,6503,0,7008,2853679752
224,2.60844,72,0,11,0,135.836,72,8190,11,0,65,11,4.71744,19190,-700005216,6514,0,7019,1932726614
61,0.710333,3,0,72,0,140.352,3,8119,58,0,1,0,4.67085,19191,-1466483394,6572,0,7091,3528489118
209,2.43375,36,0,4,0,100.188,36,8175,4,0,58,4,3.90208,19249,1398540866,6576,0,7095,2865024260
285,3.31878,63,0,10,0,128.99,63,8190,10,0,90,10,3.69242,19339,-122887858,6586,0,7105,2773538572
48,0.558925,65,0,4,0,147.935,65,8191,4,0,4,4,3.71571,19343,274224536,6590,0,7109,397112394
209,2.43375,33,0,66,0,101.255,33,8189,60,0,63,1,3.73901,19406,1247870576,6650,0,7175,5268613336
254,2.95798,35,0,6,0,95.991,35,8179,6,0,77,6,3.94867,19483,-271403940,6656,0,7181,2775692780
239,2.7833,37,0,8,0,129.865,37,8189,8,0,78,8,4.27482,19561,-2076232438,6664,0,7189,2490138798
322,3.74984,61,0,8,0,123.523,61,8191,8,0,58,8,4.43789,19619,779382118,6672,0,7197,2855614556
187,2.17759,73,0,9,0,133.912,73,8191,9,0,26,9,4.54272,19645,-1771845478,6681,0,7206,1743739700
89,1.03638,13,0,73,0,121.517,13,8189,59,0,11,0,4.3447,19656,-1972007836,6740,0,7279,4094804938
290,3.37698,41,0,4,0,106.227,41,8189,4,0,101,4,4.22822,19757,771575916,6744,0,7283,2743583752
305,3.55166,75,0,4,0,140.184,75,8191,4,0,63,4,4.42624,19820,-943073864,6748,0,7287,2580317516
129,1.50218,84,0,6,0,167.516,84,8189,6,0,21,6,4.48448,19841,364744032,6754,0,7293,1307817896
103,1.19942,18,0,84,0,133.649,18,8189,59,0,16,0,4.74074,19857,548978456,6813,0,7377,4479201720
295,3.43523,70,0,8,0,142.832,70,8190,8,0,75,8,5.05523,19932,-1236843642,6821,0,7385,2509145198
22,0.256188,71,0,1,0,150.337,71,8171,1,0,1,1,5.00864,19933,-717369302,6822,0,7386,519474340
224,2.60842,35,0,72,0,93.07,35,8189,62,0,51,1,4.74074,19984,366669230,6884,0,7458,5379005828
255,2.96952,37,0,7,0,111.75,37,8190,7,0,80,7,4.46118,20064,-1247879234,6891,0,7465,2680418832
315,3.66816,60,0,10,0,141.722,71,8189,10,0,69,10,3.92538,20133,1681204966,6901,0,7475,2929084200
99,1.15284,76,0,10,0,143.18,76,8178,10,0,11,10,4.01856,20144,-1801707058,6911,0,7485,812055272
99,1.15289,9,0,77,0,139.792,9,8189,77,0,7,1,4.16998,20151,-1280271490,6988,0,7562,4816402864
271,3.15592,63,0,7,0,134.577,63,8190,7,0,69,7,4.32141,20220,1012563082,6995,0,7569,2292834572
336,3.91294,80,0,22,0,154.727,80,8182,22,0,38,22,4.16998,20258,-26519106,7017,0,7591,3255885108
120,1.3974,83,0,18,0,136.246,83,8191,18,0,9,18,4.11174,20267,891609728,7035,0,7609,918128834
110,1.28098,11,0,84,0,104.315,11,8189,83,0,9,1,3.97197,20276,1307291536,7118,0,7693,4710649104
277,3.22574,63,0,12,0,133.224,63,8189,12,0,68,12,3.06342,20344,-461079184,7130,0,7705,2526596576
147,1.71192,75,0,8,0,158.045,75,8182,8,0,24,8,3.06342,20368,916293876,7138,0,7713,1377373060
135,1.57205,26,0,75,0,71.777,26,8189,66,0,24,0,3.43616,20392,1067171144,7204,0,7788,4445844564
301,3.50507,57,0,5,0,95.204,59,8189,5,0,81,5,3.98362,20473,-406079450,7209,0,7793,2821716702
260,3.02765,77,0,13,0,144.098,77,8153,13,0,39,13,3.93702,20512,1586726624,7222,0,7806,1992806074
62,0.721992,3,0,77,0,144.05,3,8115,60,0,1,0,3.91373,20513,873022552,7282,0,7883,3581263224
267,3.10915,58,0,5,0,133.051,59,8191,5,0,68,5,3.84384,20581,-675945646,7287,0,7888,2745999098
56,0.652107,66,0,3,0,150.154,66,8191,3,0,13,3,3.94867,20594,154138928,7290,0,7891,830084574
182,2.11931,33,0,68,0,72.349,33,8190,61,0,47,2,4.22822,20641,629542272,7351,0,7959,4770370640
275,3.20252,35,0,8,0,122.68,35,8191,8,0,66,8,4.28646,20707,-813723108,7359,0,7967,2851701916
265,3.08599,37,0,5,0,99.423,37,8189,5,0,83,5,4.01856,20790,1921584446,7364,0,7972,2735307554
214,2.492,63,0,7,0,109.683,63,8191,7,0,53,7,4.33306,20843,-611968720,7371,0,7979,1761414130
73,0.850116,7,0,63,0,127.624,7,8189,59,0,5,0,4.18163,20848,-1043559366,7430,0,8042,3863376650
263,3.06276,33,0,6,0,91.408,33,8191,6,0,94,6,3.62253,20942,1540864672,7436,0,8048,2584424038
271,3.15574,35,0,6,0,106.616,35,8175,6,0,65,6,3.23814,21007,196379904,7442,0,8054,2950482528
287,3.34205,37,0,5,0,96.703,37,8189,5,0,96,5,3.90208,21103,-1254260634,7447,0,8059,2844326758
313,3.64481,58,0,10,0,164.517,71,8157,10,0,69,10,3.98362,21172,1468959124,7457,0,8069,2723219758
375,4.36712,96,0,22,0,156.238,96,8191,22,0,65,22,4.58931,21237,-24883972,7479,0,8091,2801124200
36,0.419248,97,0,8,0,156.618,97,8191,8,0,2,8,4.62426,21239,160264562,7487,0,8099,185148534
164,1.90982,38,0,97,0,59.371,38,8190,59,0,37,0,4.51942,21276,1335933622,7546,0,8196,5470636356
296,3.44688,61,0,12,0,165.7,73,8191,12,0,60,12,4.55437,21336,-192161580,7558,0,8208,2766872094
101,1.17589,79,0,9,0,179.071,79,8191,9,0,15,9,4.48448,21351,827898930,7567,0,8217,1020060510
140,1.63037,26,0,79,0,78.228,26,8189,73,0,24,0,4.51942,21375,1149619192,7640,0,8296,4616687558
294,3.42345,73,0,8,0,124.87,73,8190,8,0,73,8,3.99526,21448,-574995956,7648,0,8304,2570352148
208,2.42213,79,0,26,0,154.256,79,8175,26,0,15,26,3.86714,21463,1359199846,7674,0,8330,1934195802
79,0.919945,23,0,79,0,149.368,3,8135,79,0,1,0,3.83219,21464,387236640,7753,0,8409,3323004090
34,0.395913,6,0,23,0,135.621,6,8189,23,0,4,0,3.7856,21468,-582481974,7776,0,8432,3325248682
272,3.16754,19,0,1,0,57.969,19,8190,1,0,131,1,3.07507,21599,-2119622926,7777,0,8433,2757826344
267,3.10939,24,0,2,0,76.752,24,8191,2,0,119,2,2.98189,21718,731448234,7779,0,8435,2851071160
273,3.17906,28,0,7,0,88.038,28,8186,7,0,106,7,3.1799,21824,-775996912,7786,0,8442,2787522150
248,2.88795,31,0,5,0,77.408,31,8189,5,0,87,5,3.63418,21911,1995300400,7791,0,8447,2771297312
241,2.80642,33,0,5,0,89.949,33,8161,5,0,64,5,4.01856,21975,107041310,7796,0,8452,2406708206
277,3.22562,36,0,4,0,105.077,36,8189,4,0,92,4,4.79898,22067,-998653676,7800,0,8456,3189272310
300,3.4935,55,0,10,0,94.141,55,8190,10,0,93,10,4.6825,22160,1706972548,7810,0,8466,2705626224
320,3.72637,55,0,8,0,128.125,79,8189,8,0,50,8,4.33306,22210,309576152,7818,0,8474,2897570900
129,1.50218,81,0,13,0,148.698,81,8191,13,0,4,13,4.22822,22214,1550299454,7831,0,8487,1240723302
94,1.09462,13,0,82,0,123.632,13,8189,60,0,11,1,4.13504,22225,1567883366,7891,0,8569,4312551208
336,3.91269,73,0,8,0,152.557,73,8189,8,0,86,8,4.1001,22311,-7882018,7899,0,8577,2719201912
236,2.74815,78,0,23,0,158.455,78,8191,23,0,13,23,4.78733,22324,-2025087142,7922,0,8600,2277762172
70,0.815134,31,0,78,0,156.406,3,8144,70,0,1,0,4.76403,22325,1344920562,7992,0,8678,3370007704
156,1.81664,39,0,4,0,71.53,39,8154,12,0,37,4,4.54272,22362,-641095222,8004,0,8682,2308951512
208,2.42202,64,0,6,0,118.747,64,8191,6,0,40,6,4.9504,22402,1885988778,8010,0,8688,2527084000
70,0.815186,6,0,64,0,127.78,6,8189,59,0,4,0,4.9737,22406,1199227694,8069,0,8752,3608206212
301,3.50535,34,0,5,0,97.683,34,8189,5,0,109,5,4.70579,22515,-470968042,8074,0,8757,2624771560
278,3.23734,36,0,7,0,102.152,36,8189,7,0,70,7,4.40294,22585,-1805397058,8081,0,8764,2960538280
279,3.24891,55,0,7,0,104.196,55,8190,7,0,83,7,4.85722,22668,891919648,8088,0,8771,2697316706
243,2.82969,71,0,16,0,144.481,71,8175,16,0,31,16,4.56602,22699,-1227594858,8104,0,8787,2175452790
62,0.721984,3,0,71,0,143.357,3,8121,60,0,1,0,4.50778,22700,-2111267708,8164,0,8858,3411294446
209,2.43378,36,0,7,0,98.001,36,8191,7,0,68,7,4.15834,22768,761025814,8171,0,8865,2872293522
225,2.62016,37,0,5,0,86.355,37,8189,5,0,51,5,3.63418,22819,-710847586,8176,0,8870,2823093896
257,2.99268,63,0,6,0,148.297,63,8191,6,0,64,6,3.77395,22883,1962046596,8182,0,8876,2672894182
263,3.06258,75,0,18,0,174.941,75,8191,18,0,26,18,3.45946,22909,302305670,8200,0,8894,2635226370
0,0,75,0,0,0,174.941,75,8191,0,0,0,0,3.45946,22909,302305670,8200,0,8894,0
306,3.56333,37,0,80,0,87.726,37,8190,76,0,70,5,5.25325,22979,1864324068,8276,0,8974,5856985694
267,3.10913,69,0,15,0,139.933,69,8191,15,0,55,15,4.71744,23034,-76212582,8291,0,8989,2354430646
58,0.675404,69,0,69,0,139.933,2,8191,58,0,0,0,4.71744,23034,-76212582,8349,0,9058,0
235,2.73643,35,0,4,0,76.963,35,8190,15,0,73,4,3.62253,23107,1587159788,8364,0,9062,5958339666
250,2.91141,36,0,7,0,96.694,36,8189,7,0,58,7,3.68077,23165,120611064,8371,0,9069,2828418572
297,3.45872,55,0,7,0,87.843,55,8191,7,0,71,7,3.35462,23236,-1357214702,8378,0,9076,2817141530
298,3.47031,59,0,13,0,173.344,83,8191,13,0,61,13,3.63418,23297,1416014974,8391,0,9089,2773229676
36,0.419218,84,0,9,0,172.38,84,8191,9,0,1,9,3.62253,23298,1434154634,8400,0,9098,18139660
84,0.978164,36,0,84,0,173.159,3,8191,84,0,1,0,3.57594,23299,1003603810,8484,0,9182,3864416472
66,0.768555,13,0,36,0,127.806,13,8189,36,0,11,0,3.35462,23310,1254658764,8520,0,9218,4546022250
286,3.3304,23,0,2,0,67.557,23,8189,2,0,126,2,3.26144,23436,-265080944,8522,0,9220,2775227588
259,3.01601,27,0,5,0,75.066,27,8189,5,0,88,5,3.14496,23524,-1760593988,8527,0,9225,2799454252
252,2.93451,30,0,6,0,83.789,30,8191,6,0,91,6,3.70406,23615,1006482044,8533,0,9231,2767076032
238,2.77152,32,0,6,0,91.572,32,8191,6,0,77,6,4.0768,23692,-818992237,8539,0,9237,2469493015
35,0.407581,3,0,32,0,92.771,3,8159,32,0,1,0,4.0768,23693,-2106599824,8571,0,9269,3007359709
257,2.99273,21,0,1,0,64.137,21,8187,1,0,123,1,4.72909,23816,839744388,8572,0,9270,2946344212
271,3.15572,27,0,3,0,80.209,27,8191,3,0,127,3,5.38138,23943,-715254768,8575,0,9273,2739968140
247,2.87627,29,0,4,0,95.552,29,8189,4,0,76,4,4.64755,24019,2127543190,8579,0,9277,2842797958
270,3.14408,32,0,4,0,103.947,32,8190,4,0,98,4,4.51942,24117,603815204,8583,0,9281,2771239310
241,2.80634,34,0,6,0,108.917,34,8191,6,0,62,6,3.82054,24179,-882693908,8589,0,9287,2808458184
149,1.7352,36,0,4,0,110.917,36,8189,4,0,60,4,3.96032,24239,689327074,8593,0,9291,1572020982
89,1.03639,18,0,36,0,64.857,18,8189,36,0,21,0,4.25152,24260,395708892,8629,0,9327,4001349114
288,3.35365,23,0,4,0,70.791,23,8189,4,0,120,4,4.51942,24380,-1105580818,8633,0,9331,2793677586
278,3.23726,27,0,4,0,70.372,27,8189,4,0,98,4,4.35635,24478,1700741176,8637,0,9335,2806321994
257,2.99281,30,0,7,0,80.222,30,8189,7,0,92,7,5.09018,24570,-16219920,8644,0,9342,2578006200
292,3.40034,34,0,5,0,102.442,34,8190,5,0,104,5,4.49613,24674,-1489460084,8649,0,9347,2821727132
289,3.36532,36,0,6,0,85.606,36,8189,6,0,83,6,3.62253,24757,1453120662,8655,0,9353,2942580746
291,3.38867,55,0,7,0,113.483,55,8191,7,0,84,7,4.50778,24841,9294148,8662,0,9360,2851140782
237,2.75978,69,0,14,0,162.901,69,8191,14,0,27,14,4.12339,24868,-2034347330,8676,0,9374,2251325818
58,0.675395,69,0,69,0,162.901,2,8191,58,0,0,0,4.12339,24868,-2034347330,8734,0,9443,0
251,2.92284,35,0,5,0,83.943,35,8189,14,0,78,5,3.85549,24946,-231601886,8748,0,9448,6097712740
209,2.43376,36,0,4,0,104.482,36,8189,4,0,55,4,4.06515,25001,-1726398494,8752,0,9452,2800170688
308,3.58658,62,0,9,0,128.108,63,8189,9,0,84,9,3.66912,25085,1035148966,8761,0,9461,2761547460
277,3.22561,83,0,17,0,135.277,83,8189,17,0,44,17,3.77395,25129,-1063986538,8778,0,9478,2195831792
2,0.023288,83,0,2,0,135.277,83,8189,2,0,0,2,3.77395,25129,-1063986538,8780,0,9480,0
304,3.54022,57,0,86,0,100.881,57,8189,84,0,65,3,3.87878,25194,809778302,8864,0,9566,6168732136
311,3.62154,70,0,11,0,156.027,80,8191,11,0,49,11,4.72909,25243,-717197460,8875,0,9577,2767991534
113,1.31587,87,0,10,0,175.13,87,8172,10,0,20,10,4.76403,25263,289192176,8885,0,9587,1006389636
122,1.42073,23,0,87,0,101.082,23,8189,64,0,21,0,4.99699,25284,672630290,8949,0,9674,4678405410
187,2.17761,59,0,4,0,110.018,59,8169,4,0,48,4,5.67258,25332,-1671145414,8953,0,9678,1951191592
71,0.826775,7,0,59,0,137.986,7,8190,58,0,5,0,5.61434,25337,1942124484,9011,0,9737,3613269898
267,3.10916,31,0,4,0,100.552,31,8189,4,0,85,4,4.64755,25422,471429492,9015,0,9741,2824272304
246,2.86462,33,0,6,0,114.349,33,8190,6,0,85,6,4.33306,25507,-1058454112,9021,0,9747,2765083692
289,3.36535,36,0,6,0,92.803,36,8189,6,0,84,6,4.25152,25591,1743294194,9027,0,9753,2801748306
314,3.65646,55,0,6,0,102.126,58,8190,6,0,101,6,3.84384,25692,194969916,9033,0,9759,2746643018
130,1.51382,69,0,6,0,159.258,69,8176,6,0,22,6,3.94867,25714,1661345862,9039,0,9765,1466375946
147,1.71177,29,0,69,0,70.062,29,8191,69,0,27,0,4.25152,25741,1558858508,9108,0,9834,4192479942
267,3.10915,36,0,7,0,98.524,36,8189,7,0,85,7,4.49613,25826,52751314,9115,0,9841,2788860102
268,3.1208,47,0,8,0,124.994,47,8191,8,0,77,8,4.58931,25903,-1461371664,9123,0,9849,2780844318
89,1.03645,62,0,4,0,141.331,62,8191,4,0,26,4,4.57766,25929,-392531598,9127,0,9853,1068840066
179,2.08454,31,0,62,0,70.109,31,8189,59,0,47,0,4.00691,25976,-170872640,9186,0,9915,4516626254
264,3.0744,34,0,5,0,102.31,34,8190,5,0,105,5,3.40122,26081,-1803687786,9191,0,9920,2662152150
16,0.18632,34,0,2,0,103.562,34,8191,2,0,1,2,3.38957,26082,-1387060274,9193,0,9922,416627512
249,2.89959,21,0,34,0,60.07,21,8191,34,0,105,0,3.00518,26187,-366008638,9227,0,9956,5316018932
274,3.1907,26,0,3,0,72.385,26,8189,3,0,112,3,3.35462,26299,-1863593752,9230,0,9959,2797382182
252,2.93451,29,0,6,0,80.849,29,8189,6,0,81,6,4.01856,26380,927574572,9236,0,9965,2791168324
283,3.29547,32,0,8,0,70.689,32,8189,8,0,92,8,4.26317,26472,-678309250,9244,0,9973,2689083474
237,2.75989,34,0,5,0,98.412,34,8189,5,0,74,5,3.43616,26546,-2060907226,9249,0,9978,2912369320
109,1.26923,35,0,3,0,97.596,35,8191,3,0,40,3,3.33133,26586,-1027233564,9252,0,9981,1033673662
137,1.59534,18,0,35,0,56.032,18,8189,35,0,47,0,3.45946,26633,-765140296,9287,0,10016,4557060564
255,2.96949,23,0,4,0,65.304,23,8189,4,0,102,4,3.66912,26735,2022446688,9291,0,10020,2787586984
275,3.20233,27,0,6,0,70.305,27,8189,6,0,105,6,3.69242,26840,361326272,9297,0,10026,2633846880
262,3.05104,30,0,4,0,95.849,30,8189,4,0,94,4,3.89043,26934,-1154959692,9301,0,10030,2778681332
250,2.91129,33,0,4,0,98.854,33,8189,4,0,80,4,4.03021,27014,1714028346,9305,0,10034,2868988038
299,3.48171,33,0,7,0,102.299,36,8189,7,0,91,7,3.8089,27105,324361056,9312,0,10041,2905300006
245,2.85285,37,0,8,0,104.419,37,8190,8,0,71,8,4.12339,27176,-1526618624,9320,0,10049,2443987616
248,2.88791,74,0,6,0,149.059,74,8190,6,0,66,6,3.99526,27242,878099202,9326,0,10055,2404717826
62,0.721981,3,0,74,0,152.214,3,8117,59,0,1,0,3.96032,27243,-84574836,9385,0,10129,3332293258
248,2.88814,40,0,4,0,101.348,40,8189,4,0,75,4,3.07507,27318,-1398792626,9389,0,10133,2980749506
318,3.70316,68,0,8,0,159.111,75,8191,8,0,64,8,2.912,27382,1395950304,9397,0,10141,2794742930
289,3.36507,85,0,19,0,152.501,85,8181,19,0,23,19,3.06342,27405,-318400814,9416,0,10160,2580616178
0,0,85,0,0,0,152.501,85,8181,0,0,0,0,3.06342,27405,-318400814,9416,0,10160,0
264,3.07427,57,0,90,0,100.385,57,8191,64,0,65,5,3.52934,27470,764178834,9480,0,10250,5377546944
229,2.66686,71,0,14,0,170.258,71,8178,14,0,29,14,4.20493,27499,-888070902,9494,0,10264,2642717560
64,0.745278,3,0,71,0,168.088,3,8120,61,0,1,0,4.25152,27500,-2016145000,9555,0,10335,3166893198


