SendPacket,SendRate(Mb/s),FlightSize,ReceiveRate(Mb/s),Send Loss,Recv Loss,RTT(ms),CWnd,FlowWindow,Retrans,PktSndPeriod(us),RecvACK,RecvNAK,EstimatedBandwidth(Mb/s),Retrans_Total,NAK_TotalRecv,Total Send Loss,Total Recv Loss,Timeout,usSndDuration
717,7.63643,158,0,3,0,95.388,186,8189,3,0,184,3,12.2071,3,3,3,0,0,-1615585508167366
739,8.60507,129,0,8,0,104.891,332,8191,8,0,146,8,15.4103,11,11,11,0,0,2586396386
408,4.75136,339,0,20,0,103.726,339,8148,20,0,7,20,14.8046,31,31,31,0,0,958715492
172,2.00293,9,0,339,0,92.464,9,8189,156,0,7,0,13.7097,187,31,370,0,1,4907228018
590,6.87027,128,0,9,0,118.748,128,8191,9,0,119,9,14.5833,196,40,379,0,1,2807754698
685,7.97705,108,0,17,0,94.325,169,8174,16,0,46,17,17.1692,212,57,396,0,1,2705175643
771,8.97865,70,0,16,0,86.046,169,8191,17,0,78,16,18.5553,229,73,412,0,1,2857826553
541,6.3002,169,0,38,0,91.529,169,8191,38,0,29,38,18.6717,267,111,450,0,1,1981588242
88,1.02475,3,0,169,0,91.466,3,8191,85,0,1,0,18.7649,352,111,619,0,2,3478750604
528,6.14882,69,0,4,0,120.885,84,8189,4,0,153,4,16.1441,356,115,623,0,2,2900921520
667,7.76665,60,0,4,0,104.441,87,8189,4,0,222,4,13.698,360,119,627,0,2,2840747840
686,7.98899,87,0,6,0,93.783,89,8190,6,0,222,6,12.9759,366,125,633,0,2,2787772554
624,7.26646,67,0,5,0,94.116,92,8189,5,0,204,5,19.5104,371,130,638,0,2,2810447374
594,6.91697,71,0,8,0,99.505,93,8189,8,0,106,8,17.472,379,138,646,0,2,2774509010
505,5.88068,94,0,7,0,104.967,94,8191,7,0,114,7,11.6596,386,145,653,0,2,2566457362
686,7.98844,69,0,5,0,103.097,96,8189,5,0,231,5,13.2554,391,150,658,0,2,3000616192
657,7.6506,57,0,7,0,98.374,98,8189,7,0,156,7,15.818,398,157,665,0,2,2764477884
694,8.08179,96,0,3,0,93.223,100,8189,3,0,235,3,16.3538,401,160,668,0,2,2838677870
642,7.47666,62,0,4,0,136.443,103,8191,4,0,217,4,15.2705,405,164,672,0,2,2779751212
628,7.31303,78,0,5,0,151.878,104,8189,5,0,170,5,13.1739,410,169,677,0,2,2829402114
666,7.75531,68,0,5,0,100.006,106,8189,5,0,201,5,15.6316,415,174,682,0,2,2774854978
698,8.1288,67,0,12,0,104.681,107,8115,12,0,129,12,13.1273,427,186,694,0,2,2802953916
744,8.6644,75,0,6,0,69.515,109,8189,6,0,222,6,10.5764,433,192,700,0,2,2803096548
601,6.9978,110,0,10,0,147.343,110,8191,10,0,117,10,13.1622,443,202,710,0,2,2776860030
698,8.12808,111,0,24,0,113.891,111,8163,24,0,97,24,15.5501,467,226,734,0,2,2787469664
130,1.51384,111,0,7,0,114.424,111,8177,7,0,6,7,15.7364,474,233,741,0,2,593519472
465,5.4151,55,0,111,0,78.973,57,8189,73,0,174,0,15.9927,547,233,852,0,3,5007961966
622,7.24306,58,0,4,0,82.178,61,8189,4,0,230,4,15.0376,551,237,856,0,3,2787078210
519,6.04385,62,0,5,0,83.856,63,8191,5,0,173,5,19.9996,556,242,861,0,3,2797944296
509,5.92715,65,0,3,0,99.538,66,8189,3,0,166,3,18.0544,559,245,864,0,3,2794010702
574,6.6842,63,0,5,0,94.353,69,8189,5,0,196,5,17.239,564,250,869,0,3,2812452762
623,7.25527,66,0,4,0,98.063,71,8189,4,0,185,4,19.8715,568,254,873,0,3,2761379642
694,8.08151,71,0,3,0,86.912,75,8191,3,0,244,3,16.6799,571,257,876,0,3,2815191806
567,6.60247,77,0,4,0,121.729,77,8191,4,0,175,4,15.9578,575,261,880,0,3,2695003010
629,7.32505,80,0,5,0,102.631,80,8191,5,0,214,5,17.0527,580,266,885,0,3,2878962856
337,3.92449,81,0,5,0,101.539,81,8191,5,0,94,5,11.8344,585,271,890,0,3,1799358302
125,1.45563,25,0,81,0,59.568,25,8189,59,0,23,0,11.1471,644,271,971,0,4,3799174344
605,7.04563,46,0,2,0,72.238,46,8189,2,0,278,2,10.9957,646,273,973,0,4,2724333990
580,6.75447,50,0,2,0,54.873,50,8190,2,0,227,2,13.4185,648,275,975,0,4,2866516478
531,6.18339,54,0,3,0,87.421,54,8189,3,0,198,3,12.5216,651,278,978,0,4,2812859560
612,7.12678,58,0,3,0,76.959,58,8189,3,0,231,3,11.1238,654,281,981,0,4,2752876252
694,8.08209,61,0,3,0,90.506,63,8190,3,0,267,3,13.2438,657,284,984,0,4,2831538080
574,6.68421,66,0,3,0,66.058,66,8189,3,0,199,3,13.3836,660,287,987,0,4,2793049756
230,2.67834,67,0,2,0,104.666,67,8189,2,0,115,2,13.1273,662,289,989,0,4,904586438
305,3.5517,35,0,67,0,46.978,35,8191,59,0,112,0,13.3719,721,289,1056,0,5,4673380726
559,6.50955,42,0,0,0,85.488,42,8189,0,0,281,0,17.6118,721,289,1056,0,5,2804992372
737,8.5822,50,0,1,0,63.682,50,8190,1,0,370,1,16.1092,722,290,1057,0,5,2730504378
620,7.22034,50,0,3,0,82.023,55,8189,3,0,243,3,14.0824,725,293,1060,0,5,2866558100
607,7.06837,59,0,6,0,89.021,59,8191,6,0,223,6,10.1687,731,299,1066,0,5,2712620344
597,6.95229,62,0,2,0,70.148,63,8189,2,0,245,2,17.2041,733,301,1068,0,5,2872140894
430,5.0074,65,0,7,0,95.727,65,8189,7,0,153,7,17.8214,740,308,1075,0,5,2131218614
70,0.815129,6,0,65,0,99.24,6,8189,59,0,4,0,17.3089,799,308,1140,0,6,3398417092
482,5.6129,37,0,0,0,64.124,37,8189,0,0,231,0,13.5233,799,308,1140,0,6,2853662854
612,7.12725,44,0,1,0,73.347,44,8189,1,0,288,1,13.4068,800,309,1141,0,6,2705719716
584,6.80109,50,0,2,0,70.937,50,8189,2,0,251,2,15.2822,802,311,1143,0,6,2824966788
562,6.54487,53,0,5,0,52.543,53,8191,5,0,185,5,12.0673,807,316,1148,0,6,2818309312
621,7.23166,53,0,2,0,51.977,58,8189,2,0,263,2,15.9461,809,318,1150,0,6,2755265408
609,7.08517,59,0,3,0,82.796,62,8191,3,0,252,3,17.9263,812,321,1153,0,6,2860018056
562,6.54442,65,0,4,0,84.595,65,8188,4,0,196,4,17.7748,816,325,1157,0,6,2682033060
478,5.56624,58,0,5,0,98.236,67,8189,5,0,122,5,14.7464,821,330,1162,0,6,2858126502
578,6.73081,69,0,4,0,77.487,69,8189,4,0,161,4,18.9164,825,334,1166,0,6,2746724190
685,7.97698,59,0,3,0,77.538,73,8191,3,0,253,3,18.1825,828,337,1169,0,6,2890959358
666,7.75541,76,0,2,0,82.245,76,8189,2,0,264,2,15.1773,830,339,1171,0,6,2773652854
711,8.27948,74,0,6,0,94.274,80,8189,6,0,285,6,13.6631,836,345,1177,0,6,2816423638
599,6.97547,83,0,3,0,121.905,83,8190,3,0,224,3,16.2606,839,348,1180,0,6,2760166066
577,6.71889,67,0,5,0,100.1,85,8189,5,0,180,5,18.9862,844,353,1185,0,6,2717724730
769,8.95554,84,0,4,0,103.218,88,8189,4,0,298,4,17.1924,848,357,1189,0,6,2888552324
687,8.00002,56,0,3,0,98.254,91,8189,3,0,251,3,15.154,851,360,1192,0,6,2792485710
623,7.25466,93,0,4,0,106.06,93,8190,4,0,178,4,12.7196,855,364,1196,0,6,2573337144
671,7.81375,81,0,3,0,109.297,95,8189,3,0,199,3,14.6532,858,367,1199,0,6,3011828974
617,7.18469,70,0,5,0,102.666,97,8189,5,0,155,5,18.3572,863,372,1204,0,6,2793306320
647,7.53418,66,0,5,0,110.906,98,8189,5,0,169,5,15.1424,868,377,1209,0,6,2763116776
635,7.39441,100,0,7,0,135.028,100,8187,7,0,140,7,13.9427,875,384,1216,0,6,2728668054
618,7.19648,58,0,6,0,123.038,101,8137,6,0,146,6,13.9543,881,390,1222,0,6,2879538578
627,7.30134,101,0,4,0,166.512,104,8189,4,0,245,4,15.4685,885,394,1226,0,6,2833681942
683,7.9534,77,0,14,0,76.272,104,8189,14,0,75,14,17.7748,899,408,1240,0,6,2795375338
637,7.41811,106,0,14,0,85.912,106,8190,14,0,130,14,17.6118,913,422,1254,0,6,2530457118
744,8.66403,74,0,2,0,118.443,108,8189,2,0,248,2,18.1942,915,424,1256,0,6,3038601272
280,3.26047,109,0,2,0,144.395,109,8189,2,0,124,2,18.6717,917,426,1258,0,6,1163023586
309,3.5981,54,0,110,0,80.984,54,8189,90,0,88,1,17.7865,1007,427,1368,0,7,4377766200
579,6.74274,57,0,4,0,82.446,57,8191,4,0,162,4,15.818,1011,431,1372,0,7,2814737170
643,7.48811,60,0,4,0,64.92,61,8189,4,0,242,4,12.8594,1015,435,1376,0,7,2807332920
592,6.89396,62,0,7,0,89.125,64,8189,7,0,193,7,18.532,1022,442,1383,0,7,2812416334
556,6.47457,67,0,3,0,72.328,67,8191,3,0,185,3,13.698,1025,445,1386,0,7,2805240494
595,6.92895,70,0,6,0,103.118,70,8189,6,0,233,6,14.327,1031,451,1392,0,7,2794852018
548,6.38143,73,0,9,0,98.014,73,8190,9,0,174,9,13.6282,1040,460,1401,0,7,2750820730
597,6.95194,75,0,9,0,54.065,75,8190,9,0,162,9,9.30675,1049,469,1410,0,7,2825939592
658,7.66275,71,0,4,0,110.227,77,8189,4,0,188,4,14.6881,1053,473,1414,0,7,2811749934
702,8.17498,75,0,3,0,57.762,81,8191,3,0,283,3,18.9979,1056,476,1417,0,7,2729952134
659,7.67397,82,0,5,0,104.176,84,8189,5,0,250,5,17.0061,1061,481,1422,0,7,2813815312
599,6.97532,79,0,4,0,133.01,86,8189,4,0,198,4,15.6666,1065,485,1426,0,7,2821664972
670,7.80209,82,0,3,0,95.307,89,8189,3,0,222,3,15.8879,1068,488,1429,0,7,2765434378
629,7.32493,58,0,9,0,110.463,91,8191,9,0,198,9,12.4284,1077,497,1438,0,7,2840492942
632,7.35959,93,0,8,0,110.211,93,8191,8,0,177,8,12.9526,1085,505,1446,0,7,2523746302
606,7.05735,91,0,3,0,104.876,95,8189,3,0,190,3,16.0859,1088,508,1449,0,7,2969020446
575,6.69579,96,0,11,0,111.555,96,8191,11,0,100,11,15.2472,1099,519,1460,0,7,2775447976
694,8.08169,96,0,3,0,114.379,98,8189,3,0,204,3,13.0458,1102,522,1463,0,7,2867346440
689,8.02382,101,0,4,0,134.365,101,8190,4,0,256,4,14.9793,1106,526,1467,0,7,2800767718
675,7.8607,90,0,3,0,119.17,103,8191,3,0,212,3,16.9362,1109,529,1470,0,7,2822907836
581,6.76567,99,0,7,0,103.863,104,8189,7,0,137,7,18.5436,1116,536,1477,0,7,2709344442
648,7.54601,82,0,3,0,145.606,106,8191,3,0,246,3,16.8314,1119,539,1480,0,7,2865392768
778,9.05938,109,0,4,0,101.501,109,8189,4,0,293,4,16.8081,1123,543,1484,0,7,2771332450
633,7.37121,84,0,7,0,104.612,110,8190,7,0,131,7,16.4586,1130,550,1491,0,7,2783324742
710,8.26786,67,0,5,0,111.41,112,8189,5,0,226,5,14.2455,1135,555,1496,0,7,2820981758
514,5.9854,113,0,20,0,99.843,113,8190,20,0,50,19,17.7516,1155,574,1516,0,7,2168312692
98,1.1412,113,0,113,0,99.843,2,8190,98,0,0,0,17.7516,1253,574,1629,0,8,0
489,5.69429,58,0,1,0,88.276,58,8189,1,0,197,1,16.0742,1254,575,1630,0,8,6240817380
641,7.46437,60,0,5,0,70.894,62,8189,5,0,219,5,16.5868,1259,580,1635,0,8,2744126602
622,7.24356,56,0,3,0,95.688,65,8189,3,0,229,3,13.2671,1262,583,1638,0,8,2843955282
544,6.33483,68,0,4,0,106.477,68,8189,4,0,178,4,14.8396,1266,587,1642,0,8,2700282088
569,6.6261,70,0,6,0,76.401,70,8135,6,0,158,6,18.1476,1272,593,1648,0,8,2842343742
537,6.25356,72,0,5,0,80.332,72,8190,5,0,164,5,14.5018,1277,598,1653,0,8,2634652048
610,7.10343,76,0,1,0,82.048,76,8189,1,0,239,1,13.3719,1278,599,1654,0,8,2788603552
684,7.9656,52,0,2,0,125.241,79,8189,2,0,285,2,13.7796,1280,601,1656,0,8,2989919786
679,7.90708,74,0,7,0,99.886,82,8189,7,0,211,7,14.6182,1287,608,1663,0,8,2787083110
650,7.56935,66,0,7,0,78.676,84,8116,7,0,178,7,13.8262,1294,615,1670,0,8,2816585940
558,6.49784,86,0,3,0,118.382,86,8191,3,0,186,3,13.2904,1297,618,1673,0,8,2766276618
586,6.82375,88,0,5,0,103.018,88,8190,5,0,171,5,14.3037,1302,623,1678,0,8,2612072470
684,7.96505,77,0,4,0,95.316,90,8189,4,0,191,4,10.7628,1306,627,1682,0,8,2972110974
342,3.98254,92,0,4,0,106.006,92,8191,4,0,121,4,9.86586,1310,631,1686,0,8,1341325804
190,2.21258,46,0,92,0,42.878,46,8189,59,0,46,0,11.3102,1369,631,1778,0,9,4272032646
576,6.70749,51,0,2,0,70.632,51,8189,2,0,250,2,14.3387,1371,633,1780,0,9,2769217122
649,7.55744,56,0,2,0,95.227,56,8190,2,0,303,2,18.6368,1373,635,1782,0,9,2668908676
607,7.06838,60,0,3,0,72.931,60,8189,3,0,224,3,14.8279,1376,638,1785,0,9,2909377422
546,6.35809,64,0,2,0,97.08,64,8190,2,0,246,2,16.214,1378,640,1787,0,9,2771043968
604,7.03344,59,0,5,0,87.501,67,8179,5,0,186,5,19.8482,1383,645,1792,0,9,2819834206
163,1.8981,68,0,2,0,108.555,68,8189,2,0,78,2,18.3572,1385,647,1794,0,9,902157382
289,3.3653,35,0,68,0,45.976,35,8189,60,0,101,0,16.5052,1445,647,1862,0,10,4683874454
678,7.89589,44,0,0,0,66.737,44,8189,0,0,339,0,16.8081,1445,647,1862,0,10,2839833374
541,6.30029,49,0,2,0,57.887,49,8189,2,0,231,2,15.5501,1447,649,1864,0,10,2648615802
530,6.1718,52,0,5,0,83.378,52,8191,5,0,177,5,15.3521,1452,654,1869,0,10,2904003032
569,6.6259,56,0,3,0,65.983,56,8191,3,0,207,3,12.8244,1455,657,1872,0,10,2724533700
623,7.2549,60,0,4,0,105.608,60,8190,4,0,259,4,13.1156,1459,661,1876,0,10,2836069600
620,7.21985,59,0,4,0,84.099,64,8189,4,0,201,4,16.8663,1463,665,1880,0,10,2853534404
613,7.13824,62,0,3,0,98.72,67,8189,3,0,248,3,18.1942,1466,668,1883,0,10,2767501590
561,6.53288,57,0,4,0,101.54,70,8189,4,0,158,4,15.9345,1470,672,1887,0,10,2814330372
535,6.22992,72,0,6,0,88.707,72,8191,6,0,161,6,13.1739,1476,678,1893,0,10,2753852570
602,7.01046,74,0,3,0,96.851,75,8189,3,0,200,3,11.3335,1479,681,1896,0,10,2843536598
576,6.70766,77,0,6,0,92.565,77,8190,6,0,186,6,14.3037,1485,687,1902,0,10,2693117210
636,7.40614,59,0,6,0,106.24,80,8191,6,0,197,6,17.67,1491,693,1908,0,10,2831723720
500,5.82233,82,0,3,0,128.108,82,8189,3,0,165,3,14.9444,1494,696,1911,0,10,2666262116
613,7.1382,81,0,8,0,98.481,83,8189,8,0,140,8,14.164,1502,704,1919,0,10,2962889804
110,1.28089,84,0,1,0,97.503,84,8189,1,0,54,1,13.7446,1503,705,1920,0,10,491985970
476,5.54325,42,0,84,0,69.236,45,8189,67,0,189,0,13.6165,1570,705,2004,0,11,5122889198
611,7.11517,50,0,2,0,70.889,50,8189,2,0,268,2,14.2688,1572,707,2006,0,11,2757946338
588,6.84702,55,0,3,0,82.099,55,8191,3,0,224,3,12.7779,1575,710,2009,0,11,2801240414
518,6.03176,57,0,4,0,72.486,57,8191,4,0,157,4,12.9176,1579,714,2013,0,11,2799382320
668,7.77865,60,0,2,0,83.548,62,8131,2,0,282,2,14.4901,1581,716,2015,0,11,2741775938
650,7.56925,65,0,3,0,100.733,66,8191,3,0,234,3,17.0061,1584,719,2018,0,11,2841161072
569,6.62592,59,0,6,0,87.362,68,8124,6,0,161,6,19.79,1590,725,2024,0,11,2798464200
540,6.28819,67,0,5,0,59.794,70,8191,5,0,143,5,13.4884,1595,730,2029,0,11,2791116748
566,6.59093,72,0,6,0,107.152,72,8189,6,0,151,6,10.0755,1601,736,2035,0,11,2606121938
632,7.35944,75,0,2,0,134.63,75,8191,2,0,232,2,11.4966,1603,738,2037,0,11,2939375054
616,7.17312,78,0,7,0,92.067,78,8190,7,0,200,7,17.9729,1610,745,2044,0,11,2831147592
519,6.0439,80,0,6,0,104.23,80,8190,6,0,149,6,17.1226,1616,751,2050,0,11,2810938466
521,6.06695,81,0,10,0,89.717,81,8191,10,0,118,10,15.7481,1626,761,2060,0,11,2661557094
41,0.477433,81,0,1,0,92.772,81,8151,1,0,1,1,15.9345,1627,762,2061,0,11,267560762
471,5.48484,43,0,81,0,72.944,43,8189,59,0,193,0,12.8477,1686,762,2142,0,12,5464184110
645,7.51135,49,0,2,0,60.445,49,8189,2,0,283,2,13.5816,1688,764,2144,0,12,2801853110
606,7.05718,54,0,2,0,81.219,54,8191,2,0,265,2,17.1459,1690,766,2146,0,12,2777717082
561,6.53267,56,0,3,0,76.691,58,8189,3,0,206,3,19.0445,1693,769,2149,0,12,2739192736
631,7.34788,61,0,5,0,76.326,61,8189,5,0,211,5,19.6502,1698,774,2154,0,12,2840716606
447,5.20543,64,0,4,0,84.226,64,8191,4,0,142,4,19.2774,1702,778,2158,0,12,2185843534
62,0.721797,3,0,64,0,86.014,3,8127,59,0,1,0,19.3007,1761,778,2222,0,13,3183936742
507,5.90418,38,0,0,0,64.614,38,8189,0,0,243,0,17.4254,1761,778,2222,0,13,3026826082
482,5.61284,43,0,2,0,72.247,43,8189,2,0,205,2,13.3952,1763,780,2224,0,13,2739766806
458,5.33364,47,0,3,0,77.883,47,8189,3,0,189,3,15.189,1766,783,2227,0,13,2832482002
617,7.18547,52,0,3,0,72.142,52,8189,3,0,270,3,21.9565,1769,786,2230,0,13,2822202278
610,7.10352,53,0,2,0,82.483,57,8189,2,0,260,2,21.9099,1771,788,2232,0,13,2760165996
578,6.731,61,0,7,0,90.085,61,8153,7,0,214,7,18.7649,1778,795,2239,0,13,2798933298
537,6.25293,61,0,5,0,105.084,63,8189,5,0,175,5,13.966,1783,800,2244,0,13,2820938414
557,6.48609,66,0,4,0,94.505,66,8191,4,0,187,4,15.2239,1787,804,2248,0,13,2779430290
115,1.33908,67,0,2,0,84.279,67,8189,2,0,57,2,15.6316,1789,806,2250,0,13,532888412
328,3.81972,35,0,67,0,51.459,35,8191,67,0,119,0,18.1592,1856,806,2317,0,14,5055114036
575,6.69582,42,0,0,0,78.784,42,8189,0,0,288,0,17.67,1856,806,2317,0,14,2789181976
567,6.60298,48,0,2,0,65.607,48,8190,2,0,247,2,15.6666,1858,808,2319,0,14,2817941098
560,6.52107,53,0,3,0,69.665,53,8189,3,0,238,3,15.5384,1861,811,2322,0,14,2781207898
650,7.56911,55,0,2,0,61.878,58,8189,2,0,278,2,15.4103,1863,813,2324,0,14,2766619184
691,8.04714,62,0,4,0,75.29,62,8189,4,0,261,4,18.1942,1867,817,2328,0,14,2832525304
667,7.76724,63,0,4,0,64.743,65,8189,4,0,220,4,13.302,1871,821,2332,0,14,2778931022
546,6.35813,67,0,5,0,97.069,68,8189,5,0,148,5,10.9375,1876,826,2337,0,14,2783978862
540,6.28836,69,0,7,0,89.279,70,8189,7,0,205,7,12.8594,1883,833,2344,0,14,2711849798
530,6.17174,73,0,6,0,111.784,73,8189,6,0,166,6,14.4668,1889,839,2350,0,14,2533053824
609,7.0917,75,0,7,0,92.974,75,8189,7,0,166,7,14.1523,1896,846,2357,0,14,3125427270
645,7.51098,74,0,4,0,105.988,77,8191,4,0,192,4,17.1459,1900,850,2361,0,14,2819335148
581,6.76595,66,0,7,0,94.695,79,8174,7,0,148,7,13.4767,1907,857,2368,0,14,2801326472
510,5.93838,81,0,4,0,97.094,81,8191,4,0,141,4,13.0574,1911,861,2372,0,14,2793347494
636,7.40614,83,0,7,0,88.842,83,8189,7,0,187,7,15.0026,1918,868,2379,0,14,2702178612
569,6.62635,66,0,4,0,127.231,85,8189,4,0,146,4,16.6916,1922,872,2383,0,14,2849351512
643,7.48802,86,0,3,0,107.278,87,8189,3,0,208,3,12.3585,1925,875,2386,0,14,2837873668
600,6.98745,90,0,5,0,94.095,90,8189,5,0,217,5,13.0458,1930,880,2391,0,14,2641939202
605,7.04565,59,0,6,0,105.242,92,8189,6,0,144,6,12.2537,1936,886,2397,0,14,2947518574
565,6.57972,55,0,5,0,101.241,94,8189,5,0,199,5,10.3318,1941,891,2402,0,14,2695265258
674,7.84908,94,0,9,0,130.88,95,8191,9,0,167,9,13.0691,1950,900,2411,0,14,2870463246
606,7.05684,97,0,5,0,109.434,97,8191,5,0,167,5,16.1558,1955,905,2416,0,14,2584064672
641,7.46402,99,0,7,0,107.83,99,8189,7,0,181,7,19.1493,1962,912,2423,0,14,3004607998
639,7.44111,101,0,7,0,88.328,101,8190,7,0,195,7,16.9245,1969,919,2430,0,14,2715050310
632,7.35975,66,0,4,0,117.639,103,8191,4,0,197,4,13.1622,1973,923,2434,0,14,2845339798
753,8.76916,104,0,2,0,140.451,105,8189,2,0,277,2,12.1372,1975,925,2436,0,14,2844318848
688,8.01179,102,0,3,0,138.024,108,8189,3,0,244,3,21.5022,1978,928,2439,0,14,2786841344
649,7.55772,85,0,9,0,76.921,109,8190,9,0,157,9,17.9962,1987,937,2448,0,14,2696374562
47,0.547291,109,0,5,0,81.134,109,8173,5,0,1,5,17.8564,1992,942,2453,0,14,260927226
337,3.92431,55,0,110,0,86.69,55,8189,62,0,116,1,20.1044,2054,943,2563,0,15,5341830046
554,6.4514,58,0,3,0,74.839,58,8191,3,0,177,3,20.0462,2057,946,2566,0,15,2842100828
612,7.12707,60,0,3,0,87.211,62,8189,3,0,228,3,17.2274,2060,949,2569,0,15,2807394996
602,7.01067,66,0,2,0,87.748,66,8190,2,0,271,2,14.8512,2062,951,2571,0,15,2767321830
535,6.23029,69,0,2,0,95.328,69,8190,2,0,209,2,17.9496,2064,953,2573,0,15,2612205820
563,6.55583,72,0,5,0,98.187,72,8190,5,0,186,5,14.0009,2069,958,2578,0,15,3010928830
649,7.55754,65,0,6,0,86.792,74,8189,6,0,190,6,13.7912,2075,964,2584,0,15,2803623914
620,7.22046,77,0,2,0,86.081,77,8189,2,0,239,2,15.0376,2077,966,2586,0,15,2808645182
625,7.27817,75,0,3,0,108.755,80,8189,3,0,240,3,17.6234,2080,969,2589,0,15,2780153838
565,6.57938,82,0,6,0,98.033,82,8191,6,0,147,6,19.324,2086,975,2595,0,15,2665200666
625,7.27832,62,0,2,0,120.972,85,8189,2,0,223,2,16.5751,2088,977,2597,0,15,2937928894
692,8.05792,78,0,3,0,84.185,88,8189,3,0,263,3,16.6799,2091,980,2600,0,15,2767928212
307,3.57497,89,0,4,0,111.764,89,8158,4,0,95,4,16.2024,2095,984,2604,0,15,1487894100
181,2.10775,44,0,89,0,40.308,44,8189,58,0,43,0,14.6881,2153,984,2693,0,16,4108097056
556,6.47424,49,0,3,0,59.249,49,8189,3,0,238,3,16.9245,2156,987,2696,0,16,2809376528
592,6.89373,52,0,2,0,80.019,54,8189,2,0,255,2,16.8081,2158,989,2698,0,16,2750502440
658,7.66228,59,0,2,0,64.084,59,8189,2,0,280,2,18.6834,2160,991,2700,0,16,2826575584
578,6.73108,61,0,2,0,88.761,62,8189,2,0,234,2,18.6834,2162,993,2702,0,16,2703020292
587,6.83578,58,0,6,0,109.233,66,8189,6,0,208,6,15.0143,2168,999,2708,0,16,2900955346
424,4.93772,68,0,5,0,81.708,68,8189,5,0,144,5,14.2339,2173,1004,2713,0,16,2055783518
94,1.09468,11,0,68,0,87.053,11,8189,68,0,9,0,14.6182,2241,1004,2781,0,17,3520104714
564,6.56832,40,0,0,0,59.463,40,8189,0,0,274,0,17.4953,2241,1004,2781,0,17,2803860962
627,7.30143,47,0,1,0,71.117,47,8189,1,0,296,1,18.5087,2242,1005,2782,0,17,2763438636
646,7.52249,52,0,2,0,91.455,52,8189,2,0,278,2,17.5652,2244,1007,2784,0,17,2817751678
463,5.39149,55,0,6,0,82.955,55,8189,6,0,155,6,16.3421,2250,1013,2790,0,17,2697406040
552,6.42796,58,0,3,0,81.367,58,8189,3,0,178,3,18.0078,2253,1016,2793,0,17,2874007598
590,6.87106,55,0,5,0,88.198,62,8189,4,0,215,5,16.5635,2257,1021,2798,0,17,2793672070
164,1.90977,63,0,1,0,77.577,63,8190,2,0,52,1,14.9793,2259,1022,2799,0,17,797901370
313,3.64481,33,0,63,0,48.849,33,8189,58,0,116,0,17.0993,2317,1022,2862,0,18,4779167134
557,6.48619,40,0,1,0,55.252,40,8189,1,0,266,1,16.8547,2318,1023,2863,0,18,2825663722
484,5.63621,45,0,3,0,59.261,45,8189,3,0,183,3,12.906,2321,1026,2866,0,18,2636173162
628,7.31313,50,0,4,0,68.278,50,8190,4,0,251,4,14.6881,2325,1030,2870,0,18,2952077912
660,7.68554,55,0,2,0,80.716,55,8189,2,0,264,2,17.0061,2327,1032,2872,0,18,2790722242
625,7.27798,59,0,5,0,76.937,59,8191,5,0,259,5,16.6683,2332,1037,2877,0,18,2784299490
556,6.47462,63,0,3,0,76.519,63,8189,3,0,220,3,16.4586,2335,1040,2880,0,18,2657973164
517,6.02079,66,0,3,0,113.03,66,8189,3,0,169,3,17.4487,2338,1043,2883,0,18,2673437214
605,7.04555,69,0,3,0,101.956,69,8191,3,0,244,3,18.7882,2341,1046,2886,0,18,2943486336
621,7.2317,71,0,4,0,104.983,72,8189,4,0,217,4,16.214,2345,1050,2890,0,18,2874232354
545,6.34641,74,0,6,0,85.983,75,8189,6,0,174,6,15.4103,2351,1056,2896,0,18,2825234230
554,6.45119,77,0,5,0,107.657,77,8189,5,0,178,5,24.6472,2356,1061,2901,0,18,2652318788
638,7.42941,78,0,2,0,141.215,80,8189,2,0,254,2,17.9729,2358,1063,2903,0,18,2905919856
667,7.76686,83,0,9,0,89.271,83,8189,9,0,249,9,14.6415,2367,1072,2912,0,18,2691242722
669,7.79045,81,0,5,0,94.832,85,8191,5,0,187,5,17.8214,2372,1077,2917,0,18,2939449856
619,7.20814,61,0,4,0,83.143,87,8107,4,0,165,4,15.4103,2376,1081,2921,0,18,2735699134
623,7.25474,68,0,8,0,107.48,89,8191,8,0,140,8,17.4487,2384,1089,2929,0,18,2850219624
567,6.6026,91,0,7,0,103.861,91,8189,7,0,193,7,15.1308,2391,1096,2936,0,18,2732152360
700,8.1514,90,0,8,0,104.921,93,8189,8,0,221,8,12.1955,2399,1104,2944,0,18,2847061675
673,7.83698,71,0,5,0,70.872,96,8189,5,0,241,5,12.4051,2404,1109,2949,0,18,2759602913
729,8.48905,63,0,6,0,93.775,98,8133,6,0,190,6,16.9362,2410,1115,2955,0,18,2789384458
127,1.47892,98,0,6,0,98.785,98,8163,6,0,3,6,16.4353,2416,1121,2961,0,18,457658572
327,3.80809,50,0,98,0,73.597,50,8189,70,0,107,0,14.7813,2486,1121,3059,0,19,5163296012
544,6.33519,54,0,3,0,69.245,54,8189,3,0,203,3,14.5134,2489,1124,3062,0,19,2745366736
643,7.48749,58,0,4,0,88.252,58,8190,4,0,225,4,15.5384,2493,1128,3066,0,19,2862243426
493,5.74102,59,0,3,0,85.193,60,8132,3,0,166,3,12.6614,2496,1131,3069,0,19,2723993104
519,6.04367,62,0,3,0,71.203,64,8189,3,0,202,3,11.7761,2499,1134,3072,0,19,2809474570
580,6.754,66,0,4,0,100.488,67,8189,4,0,230,4,20.2442,2503,1138,3076,0,19,2824146234
533,6.20664,57,0,3,0,90.873,70,8189,3,0,179,3,18.1359,2506,1141,3079,0,19,2802290064
532,6.19503,70,0,4,0,107.11,72,8189,4,0,163,4,15.585,2510,1145,3083,0,19,2799526730
567,6.60286,73,0,3,0,96.371,75,8191,3,0,185,3,17.3089,2513,1148,3086,0,19,2808932910
593,6.90548,77,0,6,0,98.283,77,8144,6,0,205,6,16.61,2519,1154,3092,0,19,2780711906
555,6.46288,66,0,7,0,109.49,79,8191,7,0,135,7,15.4569,2526,1161,3099,0,19,2790612132
662,7.70893,56,0,3,0,77.982,82,8189,3,0,264,3,18.497,2529,1164,3102,0,19,2805846218
624,7.26643,75,0,3,0,95.139,85,8189,3,0,200,3,20.384,2532,1167,3105,0,19,2758394604
628,7.31271,70,0,6,0,108.819,87,8189,6,0,176,6,17.3089,2538,1173,3111,0,19,2798583998
534,6.21841,59,0,6,0,104.56,88,8189,6,0,150,6,14.9327,2544,1179,3117,0,19,2794067612
578,6.73075,76,0,8,0,102.88,90,8191,8,0,123,8,14.5367,2552,1187,3125,0,19,2791178950
645,7.51086,76,0,5,0,76.572,91,8189,5,0,153,5,12.8244,2557,1192,3130,0,19,2802434754
623,7.25499,93,0,8,0,105.472,93,8190,8,0,189,8,13.6165,2565,1200,3138,0,19,2754196200
640,7.45251,76,0,6,0,86.673,95,8189,6,0,152,6,13.9776,2571,1206,3144,0,19,2838388576
602,7.0104,87,0,16,0,75.783,96,8191,16,0,64,16,11.3801,2587,1222,3160,0,19,2762311046
568,6.61436,97,0,15,0,90.217,97,8191,15,0,89,15,15.7015,2602,1237,3175,0,19,2671017174
660,7.68561,84,0,15,0,78.629,98,8189,15,0,104,15,16.4237,2617,1252,3190,0,19,2951376764
617,7.18519,71,0,8,0,93.443,99,8189,8,0,162,8,12.3236,2625,1260,3198,0,19,2806760418
588,6.84722,100,0,6,0,104.617,101,8190,6,0,187,6,14.8745,2631,1266,3204,0,19,2743910918
588,6.84715,85,0,14,0,58.387,102,8189,14,0,123,14,18.5786,2645,1280,3218,0,19,2837716084
632,7.35954,102,0,12,0,100.908,104,8173,12,0,125,12,13.104,2657,1292,3230,0,19,2794608124
646,7.52292,92,0,9,0,109.893,105,8191,9,0,180,9,14.1174,2666,1301,3239,0,19,2808405054
612,7.12671,101,0,10,0,117.564,107,8189,10,0,134,10,14.9793,2676,1311,3249,0,19,2659717200
642,7.47598,73,0,6,0,100.038,108,8190,6,0,190,6,15.5035,2682,1317,3255,0,19,2817775604
35,0.407581,108,0,0,0,100.038,108,8190,0,0,0,0,15.5035,2682,1317,3255,0,19,0
525,6.11367,55,0,110,0,77.105,55,8136,61,0,158,2,14.956,2743,1319,3365,0,20,5633155192
538,6.26534,59,0,4,0,86.12,59,8187,4,0,191,4,17.1924,2747,1323,3369,0,20,2869646458
612,7.12712,63,0,1,0,84.784,63,8189,1,0,280,1,12.4983,2748,1324,3370,0,20,2617535368
643,7.48814,63,0,3,0,93.371,67,8191,3,0,231,3,13.8029,2751,1327,3373,0,20,2934679636
542,6.31175,67,0,5,0,102.432,69,8189,5,0,177,5,16.7032,2756,1332,3378,0,20,2816036930
577,6.71899,64,0,8,0,98.844,72,8191,8,0,157,8,14.991,2764,1340,3386,0,20,2778668116
629,7.32442,69,0,2,0,109.665,75,8190,2,0,255,2,18.2874,2766,1342,3388,0,20,2810334674
670,7.80208,75,0,4,0,106.662,78,8189,4,0,228,4,16.447,2770,1346,3392,0,20,2728325796
627,7.30129,65,0,7,0,90.577,80,8118,7,0,180,7,17.9845,2777,1353,3399,0,20,2859162040
537,6.25308,83,0,4,0,99.475,83,8189,4,0,184,4,22.6903,2781,1357,3403,0,20,2549344392
635,7.39451,71,0,4,0,121.511,85,8189,4,0,208,4,22.8883,2785,1361,3407,0,20,3047591022
541,6.30006,86,0,9,0,114.822,86,8191,9,0,129,9,16.61,2794,1370,3416,0,20,2617411538
683,7.95397,73,0,6,0,111.645,88,8189,6,0,176,6,15.3171,2800,1376,3422,0,20,2978616088
661,7.69736,60,0,6,0,128.071,91,8165,6,0,191,6,16.249,2806,1382,3428,0,20,2789080126
588,6.84718,92,0,6,0,111.505,92,8159,6,0,154,6,17.2274,2812,1388,3434,0,20,2796845506
530,6.17212,94,0,5,0,106.227,94,8189,5,0,153,5,16.2839,2817,1393,3439,0,20,2618226268
611,7.11516,96,0,8,0,93.241,96,8190,8,0,187,8,13.1622,2825,1401,3447,0,20,2698015362
615,7.16209,97,0,9,0,105.286,97,8190,9,0,107,9,11.1937,2834,1410,3456,0,20,2990628326


