SendPacket,SendRate(Mb/s),FlightSize,ReceiveRate(Mb/s),Send Loss,Recv Loss,RTT(ms),CWnd,FlowWindow,Retrans,PktSndPeriod(us),RecvACK,RecvNAK,EstimatedBandwidth(Mb/s),Retrans_Total,NAK_TotalRecv,Total Send Loss,Total Recv Loss,Timeout,usSndDuration
495,5.39208,85,0,1,0,98.828,100,8189,1,0,172,1,10.1221,1,1,1,0,0,-596937780123778
510,5.93855,127,0,15,0,99.425,127,8191,15,0,94,15,11.9508,16,16,16,0,0,2006291014
507,5.90393,92,0,132,0,72.388,92,8190,64,0,148,5,14.5367,80,21,148,0,1,3686385458
744,8.66375,105,0,10,0,86.896,139,8154,10,0,169,10,15.0026,90,31,158,0,1,2738824410
721,8.39657,155,0,17,0,135.147,158,8185,17,0,89,17,14.6299,107,48,175,0,1,2686250770
482,5.61244,97,0,163,0,98.441,97,8191,64,0,163,5,17.0643,171,53,338,0,2,2925294876
648,7.5459,74,0,5,0,122.06,144,8191,5,0,177,5,18.7766,176,58,343,0,2,2801394890
687,8.00002,67,0,6,0,143.921,182,8190,6,0,191,6,13.8029,182,64,349,0,2,2810982244
737,8.58225,101,0,36,0,84.109,188,8191,36,0,34,36,12.7429,218,100,385,0,2,2738103158
468,5.44734,49,0,207,0,38.172,49,8189,146,0,58,18,14.2572,364,118,592,0,3,2835739312
672,7.82533,77,0,6,0,109.349,125,8189,6,0,206,6,13.9776,370,124,598,0,3,2824346210
694,8.08147,91,0,15,0,74.311,149,8191,15,0,106,15,18.2175,385,139,613,0,3,2710795976
380,4.42454,35,0,169,0,44.578,35,8191,75,0,50,16,18.5203,460,155,782,0,4,2878209670
719,8.37266,75,0,10,0,112.99,116,8189,10,0,191,10,16.4004,470,165,792,0,4,2783274228
691,8.04661,104,0,12,0,113.936,134,8189,12,0,71,12,17.2274,482,177,804,0,4,2775885728
712,8.29114,97,0,11,0,130.02,161,8161,11,0,127,11,17.2157,493,188,815,0,4,2782268958
538,6.26458,6,0,191,0,88.424,6,8189,84,0,22,26,17.2973,577,214,1006,0,5,2821744226
428,4.98398,34,0,73,0,37.954,34,8191,63,0,140,4,15.8529,640,218,1079,0,6,2799776182
677,7.88116,102,0,4,0,111.41,106,8190,4,0,274,4,12.8594,644,222,1083,0,6,2762799620
597,6.94999,93,0,8,0,165.049,141,8191,8,0,134,8,15.4452,652,230,1091,0,6,2640778924
624,7.26698,148,0,38,0,92.731,148,8180,38,0,32,38,15.5384,690,268,1129,0,6,2536614276
448,5.21722,93,0,152,0,101.557,93,8191,65,0,149,4,14.5134,755,272,1281,0,7,2620597182
580,6.75387,99,0,99,0,102.681,99,8189,87,0,169,6,16.7382,842,278,1380,0,8,3184629210
616,7.17353,137,0,6,0,93.386,137,8189,6,0,139,6,18.73,848,284,1386,0,8,2801281714
485,5.64795,145,0,10,0,123.407,145,8189,10,0,36,10,16.7149,858,294,1396,0,8,1771235074
587,6.83596,105,0,147,0,90.976,105,8190,61,0,187,2,13.9427,919,296,1543,0,9,4004368326
702,8.17484,135,0,10,0,116.558,144,8191,9,0,153,10,16.0044,928,306,1553,0,9,2694687772
518,6.03204,6,0,175,0,85.823,6,8189,86,0,26,26,17.3322,1014,332,1728,0,10,2849189490
446,5.19355,95,0,9,0,117.066,95,8190,9,0,150,8,15.8646,1023,340,1737,0,10,2294670826
578,6.7307,68,0,99,0,82.798,96,8189,99,0,158,4,12.9526,1122,344,1836,0,11,3366308540
469,5.46172,60,0,110,0,58.178,63,8191,66,0,95,8,12.6264,1188,352,1946,0,12,2802639098
686,7.98847,119,0,11,0,75.975,120,8190,11,0,162,11,16.1907,1199,363,1957,0,12,2743999916
664,7.7322,117,0,22,0,96.719,136,8191,22,0,68,22,12.6963,1221,385,1979,0,12,2819724614
677,7.88358,58,0,177,0,82.894,5,8165,162,0,55,28,11.217,1383,413,2156,0,13,2818317502
592,6.89368,110,0,5,0,126.937,110,8190,20,0,200,5,14.2688,1403,418,2161,0,13,2701976186
491,5.71753,5,0,141,0,122.59,5,8191,66,0,91,8,14.4435,1469,426,2302,0,14,2852076010
598,6.96396,103,0,7,0,104.759,103,8190,7,0,176,7,15.4569,1476,433,2309,0,14,2738879066
689,8.02388,134,0,5,0,113.365,142,8190,5,0,153,5,11.3684,1481,438,2314,0,14,2740238102
694,8.08147,117,0,11,0,102.403,166,8189,11,0,115,11,13.5932,1492,449,2325,0,14,2669997372
736,8.56766,118,0,20,0,99.902,176,8191,20,0,52,20,16.6333,1512,469,2345,0,14,2931678540
509,5.92752,6,0,200,0,87.76,6,8189,153,0,21,20,15.3637,1665,489,2545,0,15,2905344694
605,7.04505,99,0,5,0,90.783,103,8189,5,0,177,5,12.3702,1670,494,2550,0,15,2734164566
618,7.19697,74,0,5,0,133.295,140,8189,5,0,141,5,12.6614,1675,499,2555,0,15,2863451416
683,7.9535,89,0,18,0,93.043,159,8156,18,0,88,18,11.0772,1693,517,2573,0,15,2716838460
574,6.68413,73,0,189,0,93.086,4,8145,170,0,55,20,10.6812,1863,537,2762,0,16,2752541296
647,7.53483,112,0,2,0,107.39,118,8191,18,0,229,2,15.4569,1881,539,2764,0,16,2923616730
611,7.11416,153,0,13,0,118.019,153,8189,13,0,150,13,16.5169,1894,552,2777,0,16,2560135592
530,6.17052,6,0,177,0,115.474,6,8189,105,0,38,17,14.0358,1999,569,2954,0,17,3033130926
635,7.39435,77,0,6,0,78.935,110,8189,6,0,199,6,16.0859,2005,575,2960,0,17,2749572210
644,7.49974,133,0,17,0,103.724,133,8170,17,0,90,17,15.8529,2022,592,2977,0,17,2465035468
451,5.25219,73,0,135,0,74.851,86,8191,60,0,130,2,16.2257,2082,594,3112,0,18,3109904966
649,7.55777,79,0,4,0,107.508,139,8189,4,0,186,4,15.5151,2086,598,3116,0,18,2839077444
521,6.06717,4,0,165,0,119.79,4,8189,75,0,50,16,13.8262,2161,614,3281,0,19,2738456070
618,7.19646,82,0,5,0,79.075,108,8191,5,0,194,5,13.8145,2166,619,3286,0,19,2836778042
710,8.26783,85,0,4,0,109.612,152,8189,4,0,181,4,15.6316,2170,623,3290,0,19,2822764742
638,7.42943,166,0,21,0,125.787,166,8127,21,0,67,21,16.016,2191,644,3311,0,19,2118992946
508,5.91578,96,0,168,0,94.506,96,8191,101,0,159,2,13.1273,2292,646,3479,0,20,3297168322
682,7.94179,126,0,8,0,104.584,136,8189,8,0,143,8,14.0358,2300,654,3487,0,20,2657969426
432,5.03048,11,0,160,0,74.817,11,8189,80,0,24,21,13.1389,2380,675,3647,0,21,3076212874
365,4.25016,9,0,82,0,84.816,9,8189,63,0,108,4,13.5699,2443,679,3729,0,22,2722980274
401,4.66976,11,0,89,0,94.08,11,8189,62,0,132,3,15.8646,2505,682,3818,0,23,2892234632
638,7.42951,110,0,3,0,97.021,110,8190,3,0,193,3,16.0975,2508,685,3821,0,23,2660188538
678,7.89517,94,0,5,0,99.566,145,8189,5,0,140,5,13.0924,2513,690,3826,0,23,2816683352
755,8.79238,147,0,37,0,95.147,151,8191,37,0,30,36,15.0609,2550,726,3863,0,23,2772546910
497,5.78752,66,0,162,0,76.222,72,8139,134,0,100,10,12.3003,2684,736,4025,0,24,2889436718
625,7.27832,104,0,18,0,98.324,112,8162,18,0,117,18,12.9526,2702,754,4043,0,24,2761673250
453,5.27542,58,0,117,0,71.821,73,8189,62,0,100,4,17.7981,2764,758,4160,0,25,2836734222
633,7.37172,117,0,4,0,123.259,131,8189,4,0,185,4,17.9496,2768,762,4164,0,25,2818372466
362,4.21579,4,0,158,0,146.602,4,8190,75,0,48,16,16.0626,2843,778,4322,0,26,2740734276
645,7.51099,59,0,8,0,106.479,106,8189,8,0,189,8,15.422,2851,786,4330,0,26,2838464538
693,8.06976,132,0,11,0,118.95,132,8152,11,0,96,11,16.1558,2862,797,4341,0,26,2577199520
438,5.1004,73,0,134,0,75.853,86,8189,60,0,131,2,17.7516,2922,799,4475,0,27,3003075166
687,8.00001,84,0,11,0,90.869,127,8191,11,0,134,11,14.2106,2933,810,4486,0,27,2776450502
474,5.51966,91,0,130,0,94.82,91,8191,61,0,144,3,13.6748,2994,813,4616,0,28,2682964522
659,7.67396,110,0,21,0,91.749,110,8191,21,0,58,21,13.7446,3015,834,4637,0,28,2796923374
712,8.2911,84,0,7,0,108.1,163,8136,7,0,229,7,13.302,3022,841,4644,0,28,2863516488
728,8.47737,100,0,24,0,106.931,181,8190,24,0,96,24,13.3486,3046,865,4668,0,28,2859027262
704,8.19792,88,0,13,0,92.128,198,8189,13,0,100,13,12.4867,3059,878,4681,0,28,2800972020
649,7.55745,202,0,27,0,107.155,202,8178,27,0,28,26,15.4569,3086,904,4708,0,28,2282135408
443,5.15879,84,0,205,0,81.471,84,8191,62,0,125,3,13.2554,3148,907,4913,0,29,3253884060
553,6.43981,3,0,128,0,109.538,3,8175,62,0,133,3,11.1005,3210,910,5041,0,30,2714578188
595,6.92862,95,0,4,0,94.892,104,8191,4,0,181,4,12.7779,3214,914,5045,0,30,2741662060
363,4.22728,41,0,113,0,47.552,41,8189,67,0,45,8,11.217,3281,922,5158,0,31,2904046470
425,4.94907,58,0,80,0,56.651,59,8191,60,0,140,1,10.8443,3341,923,5238,0,32,2871658286
640,7.45278,121,0,6,0,102.628,121,8191,6,0,177,6,10.9142,3347,929,5244,0,32,2790773020
714,8.31431,127,0,9,0,135.864,156,8191,8,0,151,9,14.8396,3355,938,5253,0,32,2575069588
732,8.52371,73,0,8,0,174.951,175,8189,9,0,100,8,18.6368,3364,946,5261,0,32,2985877594
743,8.65213,143,0,23,0,98.812,186,8165,23,0,62,23,16.5285,3387,969,5284,0,32,2799502664
708,8.24464,145,0,25,0,97.709,212,8190,25,0,161,25,18.2524,3412,994,5309,0,32,2681277270
446,5.19356,56,0,222,0,40.311,57,8190,69,0,71,9,15.0143,3481,1003,5531,0,33,2912379078
612,7.12662,13,0,111,0,77.561,13,8191,111,0,131,7,11.7062,3592,1010,5642,0,34,2741690532
588,6.84713,18,0,96,0,76.925,18,8189,84,0,155,4,13.535,3676,1014,5738,0,35,2735703306
683,7.95423,113,0,4,0,95.271,113,8190,4,0,199,4,12.0557,3680,1018,5742,0,35,2907846440
534,6.21861,128,0,17,0,88.744,128,8168,17,0,56,17,13.4418,3697,1035,5759,0,35,2059463250
540,6.2882,65,0,136,0,92.443,87,8191,67,0,132,8,13.698,3764,1043,5895,0,36,3545023986
664,7.73228,112,0,8,0,131.731,136,8189,8,0,173,8,12.871,3772,1051,5903,0,36,2667268926
704,8.19853,104,0,22,0,88.043,150,8189,22,0,60,22,15.4802,3794,1073,5925,0,36,2858974818
689,8.0239,95,0,10,0,119.446,173,8190,10,0,120,10,15.7248,3804,1083,5935,0,36,2817093664
439,5.11243,57,0,185,0,41.26,62,8189,69,0,76,11,15.8762,3873,1094,6120,0,37,2818395706
646,7.52261,63,0,9,0,122.798,128,8189,9,0,198,9,16.5635,3882,1103,6129,0,37,2722292370
691,8.04646,107,0,8,0,127.524,159,8191,8,0,136,8,16.3421,3890,1111,6137,0,37,2829201914
692,8.05819,125,0,28,0,93.403,173,8191,28,0,76,28,14.7347,3918,1139,6165,0,37,2701369062
553,6.43956,83,0,184,0,87.203,83,8191,110,0,127,11,12.0673,4028,1150,6349,0,38,2757340502
729,8.48923,89,0,5,0,112.589,142,8189,5,0,209,5,14.3736,4033,1155,6354,0,38,2934241716
709,8.25615,116,0,6,0,89.462,186,8190,6,0,224,6,14.3969,4039,1161,6360,0,38,2694350246
707,8.23286,99,0,3,0,116.497,224,8189,3,0,245,3,16.6333,4042,1164,6363,0,38,2743879306
706,8.22165,123,0,5,0,136.79,240,8189,5,0,119,5,14.362,4047,1169,6368,0,38,2919878192
750,8.73372,89,0,5,0,96.301,262,8191,5,0,172,5,14.1057,4052,1174,6373,0,38,2848193026
648,7.54586,279,0,10,0,142.208,279,8130,10,0,137,10,15.422,4062,1184,6383,0,38,2017753360
453,5.27507,72,0,280,0,80.922,73,8189,133,0,98,1,16.3188,4195,1185,6663,0,39,3559573682
583,6.78894,65,0,4,0,121.508,124,8191,4,0,158,4,15.2006,4199,1189,6667,0,39,2792819526
683,7.95334,75,0,5,0,84.85,163,8189,5,0,174,5,17.5186,4204,1194,6672,0,39,2774641338
667,7.76698,74,0,7,0,108.476,187,8161,7,0,130,7,15.5384,4211,1201,6679,0,39,2738608040
625,7.27791,189,0,215,0,102.52,2,8191,84,0,14,26,15.7947,4295,1227,6894,0,40,1754166148
421,4.90241,56,0,7,0,94.13,87,8189,8,0,133,7,12.0906,4303,1234,6901,0,40,3834684588
667,7.76702,74,0,9,0,127.669,130,8189,9,0,147,9,9.9008,4312,1243,6910,0,40,2871759338
601,6.99854,153,0,21,0,105.761,153,8187,21,0,99,21,13.0924,4333,1264,6931,0,40,2232124496
547,6.36972,76,0,154,0,78.503,94,8191,103,0,152,1,14.0824,4436,1265,7085,0,41,3365924478
435,5.0656,34,0,115,0,41.194,36,8191,97,0,77,8,14.0475,4533,1273,7200,0,42,2809201864
683,7.95307,68,0,4,0,128.002,116,8189,4,0,191,4,13.7912,4537,1277,7204,0,42,2735935958
377,4.3901,16,0,140,0,93.058,16,8191,65,0,82,6,14.5251,4602,1283,7344,0,43,2793251874
722,8.40777,73,0,6,0,124.448,122,8191,6,0,232,6,14.0475,4608,1289,7350,0,43,2853101244
602,7.01028,69,0,139,0,67.83,81,8189,63,0,172,3,13.8378,4671,1292,7489,0,44,2775065314
692,8.05822,126,0,4,0,115.284,140,8141,4,0,205,4,15.5384,4675,1296,7493,0,44,2693085220
697,8.11587,137,0,23,0,96.927,153,8191,23,0,61,23,15.6899,4698,1319,7516,0,44,2788243472
391,4.55294,69,0,162,0,76.001,69,8167,69,0,89,9,11.9159,4767,1328,7678,0,45,2745072302
517,6.02111,55,0,70,0,66.04,55,8189,70,0,202,1,11.4849,4837,1329,7748,0,46,2944473980
499,5.81105,33,0,55,0,45.171,33,8189,55,0,213,0,13.6398,4892,1329,7803,0,47,2808773982
650,7.56932,97,0,1,0,95.845,97,8190,1,0,297,1,14.129,4893,1330,7804,0,47,2714540290
625,7.27796,53,0,6,0,112.806,149,8191,6,0,201,6,14.1523,4899,1336,7810,0,47,2805237148
795,9.25738,104,0,18,0,100.914,192,8174,17,0,225,18,19.161,4916,1354,7828,0,47,2842994518
396,4.61131,31,0,214,0,59.965,31,8191,81,0,39,21,18.7882,4997,1375,8042,0,48,2791979834
673,7.83697,105,0,13,0,113.096,113,8190,13,0,185,13,16.5518,5010,1388,8055,0,48,2569128450
706,8.22123,77,0,15,0,81.78,133,8191,15,0,79,15,15.5734,5025,1403,8070,0,48,3034442782
737,8.58219,95,0,9,0,102.174,165,8174,9,0,149,9,16.3421,5034,1412,8079,0,48,2783915358
680,7.91843,109,0,19,0,90.146,181,8191,19,0,84,19,17.6351,5053,1431,8098,0,48,2566890417
741,8.62849,78,0,8,0,110.103,197,8189,8,0,95,8,14.8628,5061,1439,8106,0,48,3039795521
705,8.20954,102,0,5,0,105.692,222,8189,5,0,165,5,16.0509,5066,1444,8111,0,48,2727440996
675,7.86021,119,0,8,0,154.877,234,8189,8,0,86,8,13.3836,5074,1452,8119,0,48,2764036268
454,5.28671,237,0,31,0,134.78,237,8181,31,0,19,31,11.0307,5105,1483,8150,0,48,1382336970
630,7.33628,82,0,239,0,79.209,94,8191,114,0,153,2,11.4966,5219,1485,8389,0,49,4297365968
632,7.36006,71,0,4,0,141.315,141,8189,4,0,173,4,15.62,5223,1489,8393,0,49,2767017596
693,8.07042,78,0,8,0,150.665,169,8191,8,0,138,8,15.783,5231,1497,8401,0,49,2814745598
234,2.72505,27,0,177,0,70.791,27,8189,67,0,27,7,15.3637,5298,1504,8578,0,50,2793056434
726,8.45362,126,0,5,0,110.832,126,8191,5,0,239,5,15.9578,5303,1509,8583,0,50,2795732552
736,8.57067,89,0,2,0,100.749,187,8190,2,0,297,2,21.2227,5305,1511,8585,0,50,2766796308
721,8.39592,72,0,8,0,91.974,213,8189,7,0,162,8,21.0945,5312,1519,8593,0,50,2720478172
769,8.95501,186,0,31,0,87.967,218,8168,32,0,33,31,15.4802,5344,1550,8624,0,50,2517801294
508,5.91546,81,0,226,0,60.609,81,8189,169,0,118,8,13.0691,5513,1558,8850,0,51,3116110256
639,7.44099,91,0,6,0,101.005,121,8189,6,0,124,6,14.327,5519,1564,8856,0,51,2813682722
687,7.99991,77,0,8,0,93.964,157,8134,8,0,160,8,16.6333,5527,1572,8864,0,51,2791356592
721,8.39593,86,0,7,0,95.712,182,8191,7,0,132,7,17.0177,5534,1579,8871,0,51,2765610862
730,8.50067,68,0,12,0,98.212,197,8189,12,0,86,12,16.0509,5546,1591,8883,0,51,2870976850
694,8.08164,115,0,20,0,108.572,208,8190,20,0,69,20,15.0376,5566,1611,8903,0,51,2575541598
488,5.68259,3,0,238,0,95.939,3,7981,118,0,18,28,13.4651,5684,1639,9141,0,52,2795965340
589,6.85912,97,0,8,0,83.655,101,8191,8,0,172,8,12.0091,5692,1647,9149,0,52,2999688398
693,8.07052,84,0,20,0,99.184,123,8129,20,0,78,20,15.0143,5712,1667,9169,0,52,2813977894
674,7.84922,72,0,4,0,141.99,166,8191,4,0,195,4,16.016,5716,1671,9173,0,52,2770308954
745,8.67591,73,0,4,0,102.492,201,8191,4,0,201,4,16.214,5720,1675,9177,0,52,2796665844
530,6.17172,61,0,270,0,73.944,4,8189,101,0,125,3,15.0725,5821,1678,9447,0,54,2689289204
530,6.17172,40,0,0,0,62.311,40,8191,22,0,241,0,15.818,5843,1678,9447,0,54,2916149936
707,8.23289,126,0,4,0,86.123,126,8191,4,0,224,4,17.5419,5847,1682,9451,0,54,2722031788
734,8.54708,64,0,7,0,92.884,151,8189,7,0,110,7,13.4068,5854,1689,9458,0,54,2824172162
716,8.33766,82,0,25,0,97.902,160,8164,25,0,44,25,10.8093,5879,1714,9483,0,54,2760489914
789,9.18833,83,0,9,0,90.982,196,8189,9,0,199,9,14.4319,5888,1723,9492,0,54,2876180398
667,7.76776,88,0,4,0,103.763,223,8191,4,0,180,4,14.4785,5892,1727,9496,0,54,2773493030
716,8.33775,65,0,3,0,128.435,251,8187,3,0,202,3,13.8145,5895,1730,9499,0,54,2804864776
738,8.59377,141,0,4,0,106.234,267,8189,4,0,135,4,15.8529,5899,1734,9503,0,54,2643541600
669,7.79029,99,0,8,0,210.371,283,8152,8,0,132,8,15.9228,5907,1742,9511,0,54,2860586162
652,7.59233,251,0,13,0,116.527,293,8190,13,0,96,13,16.1791,5920,1755,9524,0,54,2784191452
556,6.47451,295,0,27,0,194.676,295,8177,27,0,18,27,15.5151,5947,1782,9551,0,54,1526908110
327,3.80798,68,0,296,0,68.82,68,8189,92,0,87,1,16.447,6039,1783,9847,0,55,4133804584
624,7.26667,114,0,12,0,129.249,120,8188,12,0,154,12,17.0177,6051,1795,9859,0,55,2794050014
614,7.15031,69,0,6,0,121.088,160,8189,5,0,175,6,13.3952,6056,1801,9865,0,55,2769295858
725,8.44262,146,0,9,0,143.505,176,8189,10,0,86,9,13.4651,6066,1810,9874,0,55,2733719114
718,8.36091,131,0,5,0,100.177,201,8189,5,0,142,5,14.1756,6071,1815,9879,0,55,2745538936
554,6.45122,206,0,225,0,152.34,2,8191,77,0,37,19,12.6614,6148,1834,10104,0,56,1794378404
590,6.87034,87,0,3,0,80.718,104,8189,4,0,185,3,11.4966,6152,1837,10107,0,56,3894086000
751,8.74513,71,0,9,0,86.949,151,8191,9,0,188,9,16.0742,6161,1846,10116,0,56,2780995140
604,7.03356,157,0,21,0,107.846,157,8191,21,0,27,21,14.6182,6182,1867,10137,0,56,2295420904
480,5.58955,37,0,231,0,136.421,37,8190,162,0,146,0,13.8378,6344,1867,10368,0,58,3362230620
709,8.25613,77,0,5,0,100.035,120,8189,5,0,232,5,12.277,6349,1872,10373,0,58,2797290580
678,7.89514,54,0,8,0,92.803,149,8189,8,0,122,8,12.1256,6357,1880,10381,0,58,2761063606
673,7.83703,82,0,8,0,119.324,178,8189,8,0,149,8,11.1937,6365,1888,10389,0,58,2825511164
698,8.12792,65,0,8,0,115.559,198,8189,8,0,117,8,13.1972,6373,1896,10397,0,58,2768755682
709,8.25611,128,0,7,0,107.051,228,8189,7,0,198,7,14.5018,6380,1903,10404,0,58,2656122714
750,8.73387,112,0,28,0,88.985,235,8175,28,0,50,28,11.846,6408,1931,10432,0,58,2956945474
718,8.36127,105,0,28,0,102.94,248,8191,28,0,101,27,12.3702,6436,1958,10460,0,58,2736149500
614,7.15014,87,0,255,0,81.996,87,8190,65,0,137,6,15.0725,6501,1964,10715,0,59,2677533768
736,8.57091,78,0,5,0,105.083,134,8191,5,0,162,5,14.8978,6506,1969,10720,0,59,2897143970
649,7.55744,148,0,23,0,116.354,148,8184,23,0,62,23,14.5018,6529,1992,10743,0,59,2788996154
516,6.00869,78,0,152,0,80.98,81,8189,93,0,117,4,12.6614,6622,1996,10895,0,60,2872299024
708,8.24453,79,0,10,0,91.331,121,8189,10,0,126,10,14.4435,6632,2006,10905,0,60,2780962954
716,8.33769,75,0,11,0,91.927,154,8189,11,0,145,11,15.1773,6643,2017,10916,0,60,2784117252
560,6.52109,167,0,29,0,106.879,167,8191,29,0,61,29,15.5035,6672,2046,10945,0,60,2064340054
570,6.63755,78,0,172,0,75.113,90,8189,132,0,141,5,17.3322,6804,2051,11117,0,61,3485629014
723,8.41926,149,0,6,0,98.684,149,8189,6,0,219,6,13.4884,6810,2057,11123,0,61,2658726686
764,8.89669,98,0,15,0,117.762,175,8169,15,0,134,15,14.2222,6825,2072,11138,0,61,2991773904
451,5.25176,56,0,187,0,84.602,59,8189,71,0,76,11,14.7347,6896,2083,11325,0,62,2771423536
692,8.05811,90,0,8,0,122.804,121,8189,8,0,176,8,13.3719,6904,2091,11333,0,62,2786358414
751,8.7453,169,0,1,0,172.886,177,8189,1,0,262,1,17.9146,6905,2092,11334,0,62,2796166067
710,8.26764,84,0,6,0,77.56,207,8191,6,0,181,6,13.733,6911,2098,11340,0,62,2775065557
726,8.45308,100,0,13,0,98.335,233,8191,13,0,174,13,15.5268,6924,2111,11353,0,62,2848607832
549,6.39313,4,0,268,0,117.354,4,7968,95,0,31,31,13.6165,7019,2142,11621,0,63,2746394252
501,5.83456,66,0,2,0,133.313,102,8191,2,0,175,2,12.0324,7021,2144,11623,0,63,2835075208
416,4.84438,5,0,142,0,174.863,5,8190,62,0,142,3,14.991,7083,2147,11765,0,64,2775204516
537,6.25331,37,0,86,0,52.338,37,8189,67,0,155,3,16.7382,7150,2150,11851,0,65,2798637296
695,8.09318,70,0,3,0,141.129,126,8191,3,0,229,3,16.3654,7153,2153,11854,0,65,2812852182
703,8.18623,139,0,11,0,84.285,165,8191,11,0,176,11,13.6631,7164,2164,11865,0,65,2770373088
711,8.27943,128,0,24,0,139.157,183,8179,24,0,96,24,14.2921,7188,2188,11889,0,65,2699513012
433,5.04221,33,0,197,0,37.363,33,8191,72,0,39,13,14.5833,7260,2201,12086,0,66,2906658510
753,8.76931,91,0,1,0,102.134,142,8191,1,0,298,1,17.1924,7261,2202,12087,0,66,2795980026
701,8.16372,88,0,3,0,98.639,185,8191,3,0,223,3,12.0557,7264,2205,12090,0,66,2785515474
710,8.26788,83,0,11,0,111.327,209,8189,11,0,145,11,13.4884,7275,2216,12101,0,66,2748086922
726,8.4541,233,0,7,0,130.659,233,8191,7,0,164,7,15.7248,7282,2223,12108,0,66,2617363778
758,8.82736,118,0,16,0,88.776,251,8176,16,0,140,16,14.0009,7298,2239,12124,0,66,3031279082
388,4.51809,44,0,272,0,53.69,44,8191,80,0,46,21,16.3771,7378,2260,12396,0,67,2777574786
623,7.25486,131,0,3,0,108.68,131,8190,3,0,237,3,16.7032,7381,2263,12399,0,67,2630674102
761,8.86224,108,0,6,0,109.117,167,8191,6,0,172,6,17.705,7387,2269,12405,0,67,2776923282
709,8.25642,111,0,12,0,126.619,187,8154,12,0,109,12,13.6748,7399,2281,12417,0,67,2793625212
461,5.36824,7,0,208,0,101.767,7,8190,121,0,16,19,15.4802,7520,2300,12625,0,68,2957158680
638,7.42937,116,0,7,0,89.425,116,8189,7,0,221,7,18.066,7527,2307,12632,0,68,2773381520
629,7.32462,139,0,14,0,111.109,139,8155,14,0,90,14,17.6234,7541,2321,12646,0,68,2612652826
426,4.96069,74,0,142,0,78.106,82,8189,62,0,119,3,15.9811,7603,2324,12788,0,69,3011015168
521,6.06712,63,0,118,0,58.952,63,8191,63,0,182,2,14.7114,7666,2326,12906,0,70,2769003720
728,8.47752,63,0,5,0,160.568,142,8189,5,0,255,5,11.9858,7671,2331,12911,0,70,2833486740
732,8.52467,107,0,8,0,98.956,177,8189,8,0,172,8,14.0591,7679,2339,12919,0,70,2787677242
834,9.71189,115,0,9,0,155.369,210,8189,9,0,203,9,17.3555,7688,2348,12928,0,70,2788833110
688,8.01166,79,0,18,0,83.579,223,8189,18,0,86,18,14.8163,7706,2366,12946,0,70,2735403174
736,8.57075,98,0,10,0,94.206,241,8115,9,0,134,10,16.3072,7715,2376,12956,0,70,2807213542
735,8.55894,115,0,28,0,92.293,247,8176,29,0,40,28,16.1092,7744,2404,12984,0,70,2849105000
412,4.79767,38,0,264,0,51.355,38,8189,76,0,41,17,12.1605,7820,2421,13248,0,71,2792241340
648,7.54612,74,0,11,0,114.082,105,8191,11,0,150,11,11.1704,7831,2432,13259,0,71,2756142396
737,8.58263,71,0,6,0,111.465,150,8189,6,0,180,6,11.6131,7837,2438,13265,0,71,2783370646
721,8.39654,183,0,4,0,150.89,183,8189,4,0,171,4,14.1523,7841,2442,13269,0,71,2625073458
658,7.66234,190,0,23,0,95.323,190,8174,23,0,39,23,14.8163,7864,2465,13292,0,71,2651133772
464,5.40316,81,0,194,0,105.974,84,8189,148,0,124,4,15.1773,8012,2469,13486,0,72,3147758516
734,8.54728,98,0,11,0,91.58,129,8156,11,0,151,11,12.3935,8023,2480,13497,0,72,2760756838
559,6.50949,147,0,17,0,93.554,147,8180,17,0,78,17,12.242,8040,2497,13514,0,72,2147590872
621,7.23143,74,0,150,0,98.114,93,8189,97,0,151,3,15.6899,8137,2500,13664,0,73,3486259798
647,7.53435,144,0,3,0,143.082,144,8189,3,0,187,3,16.7032,8140,2503,13667,0,73,2594600134
756,8.80356,66,0,3,0,99.027,190,8189,3,0,240,3,12.4634,8143,2506,13670,0,73,2983101240
766,8.91994,160,0,23,0,82.247,209,8148,21,0,120,23,14.4901,8164,2529,13693,0,73,2681801488
452,5.2635,74,0,219,0,69.564,81,8189,70,0,118,10,11.1471,8234,2539,13912,0,74,2840271712
486,5.65943,43,0,110,0,37.986,43,8189,65,0,115,5,9.85421,8299,2544,14022,0,75,2860529336
659,7.67388,115,0,8,0,121.313,115,8189,8,0,179,8,11.7062,8307,2552,14030,0,75,2556578948
368,4.28526,24,0,128,0,69.657,24,8189,70,0,30,11,13.1506,8377,2563,14158,0,76,2918190982
695,8.09304,83,0,3,0,112.592,123,8189,3,0,230,3,13.8961,8380,2566,14161,0,76,2879181774
702,8.17466,151,0,6,0,86.841,151,8189,6,0,118,6,11.4034,8386,2572,14167,0,76,2771333194
556,6.47488,93,0,152,0,86.293,101,8189,60,0,173,1,14.3503,8446,2573,14319,0,77,2749130636
666,7.75544,128,0,7,0,103.394,141,8117,7,0,152,7,16.7731,8453,2580,14326,0,77,2674015694
764,8.89661,73,0,9,0,116.116,162,8191,9,0,102,9,17.1342,8462,2589,14335,0,77,3017288778
758,8.82673,79,0,6,0,159.836,185,8189,6,0,125,6,17.8098,8468,2595,14341,0,77,2797560724
685,7.97673,126,0,17,0,121.451,206,8191,17,0,125,17,16.5751,8485,2612,14358,0,77,2687131314
469,5.46144,58,0,215,0,52.685,58,8191,144,0,69,9,14.8396,8629,2621,14573,0,78,2895374874
655,7.62744,98,0,11,0,112.236,124,8189,11,0,188,11,13.9543,8640,2632,14584,0,78,2788765578
673,7.83717,74,0,4,0,141.602,163,8189,4,0,174,4,14.8861,8644,2636,14588,0,78,2775613648
767,8.93156,81,0,6,0,157.657,185,8189,6,0,125,6,19.1144,8650,2642,14594,0,78,2790319126
699,8.1397,67,0,4,0,87.94,214,8189,4,0,178,4,16.4586,8654,2646,14598,0,78,2799446720
526,6.1249,222,0,235,0,101.813,2,8166,71,0,54,13,14.0708,8725,2659,14833,0,79,1347570420
535,6.23001,95,0,1,0,104.687,99,8189,34,0,167,1,13.7097,8759,2660,14834,0,79,4162963630
717,8.34952,142,0,6,0,73.507,145,8189,6,0,176,6,11.5548,8765,2666,14840,0,79,2731565088
694,8.08162,94,0,10,0,108.342,163,8157,10,0,86,10,12.9293,8775,2676,14850,0,79,2932592544
585,6.81262,170,0,22,0,94.547,170,8156,22,0,37,22,11.8344,8797,2698,14872,0,79,1874681704
601,6.99903,99,0,174,0,84.387,103,8189,63,0,181,4,11.0307,8860,2702,15046,0,80,3747967440
700,8.15174,102,0,7,0,94.933,142,8191,7,0,149,7,12.6264,8867,2709,15053,0,80,2792046390
629,7.32461,78,0,6,0,121.661,174,8151,6,0,158,6,14.5949,8873,2715,15059,0,80,2721996998
811,9.4442,76,0,6,0,135.809,205,8189,6,0,186,6,19.0794,8879,2721,15065,0,80,2862263110
715,8.32617,70,0,8,0,78.184,223,8189,8,0,120,8,15.4452,8887,2729,15073,0,80,2766998374
760,8.85001,139,0,5,0,97.172,246,8189,5,0,166,5,11.3684,8892,2734,15078,0,80,2788254070
479,5.57795,20,0,254,0,85.934,20,8189,154,0,43,5,12.7779,9046,2739,15332,0,81,2765885668
681,7.93036,76,0,3,0,142.943,122,8189,3,0,229,3,13.3952,9049,2742,15335,0,81,2860243918
719,8.37276,99,0,7,0,99.529,156,8189,7,0,150,7,12.2188,9056,2749,15342,0,81,2782194814
779,9.07166,143,0,5,0,97.649,190,8189,5,0,180,5,18.3223,9061,2754,15347,0,81,2773883014
438,5.10047,5,0,206,0,161.679,5,8189,65,0,62,7,17.4371,9126,2761,15553,0,82,2804656960
702,8.17453,68,0,4,0,76.463,115,8189,4,0,219,4,14.362,9130,2765,15557,0,82,2799593020
718,8.36092,115,0,12,0,119.677,154,8189,12,0,164,12,14.0125,9142,2777,15569,0,82,2691587878
547,6.3697,163,0,24,0,95.804,163,8191,24,0,44,24,13.1972,9166,2801,15593,0,82,1858242148
613,7.13858,104,0,166,0,90.599,105,8191,62,0,188,3,10.7278,9228,2804,15759,0,83,3829764890
701,8.16345,90,0,4,0,89.987,160,8189,4,0,228,4,11.4849,9232,2808,15763,0,83,2779768334
687,7.99995,139,0,8,0,88.129,188,8189,8,0,153,8,11.6829,9240,2816,15771,0,83,2740840088
426,4.96065,66,0,197,0,54.382,66,8189,61,0,125,2,11.3219,9301,2818,15968,0,84,2872354968
686,7.98827,132,0,8,0,153.607,132,8190,8,0,205,8,12.277,9309,2826,15976,0,84,2791090106
660,7.6855,145,0,8,0,156.877,153,8189,8,0,94,8,13.1506,9317,2834,15984,0,84,2638553862
713,8.30276,58,0,11,0,86.987,187,8191,11,0,180,11,13.1972,9328,2845,15995,0,84,2944864118
721,8.39656,98,0,8,0,92.766,212,8189,8,0,156,8,15.4336,9336,2853,16003,0,84,2743894244
745,8.67538,150,0,2,0,103.376,250,8190,2,0,276,2,16.5169,9338,2855,16005,0,84,2542257536
755,8.79187,134,0,17,0,96.81,257,8157,17,0,58,17,10.9375,9355,2872,16022,0,84,2937527390
698,8.1279,64,0,168,0,89.844,96,8189,100,0,180,7,17.5186,9455,2879,16190,0,85,2950949898
738,8.59389,116,0,13,0,94.258,140,8168,13,0,163,13,16.5285,9468,2892,16203,0,85,2770358100
703,8.1865,83,0,10,0,104.098,164,8189,10,0,115,10,17.2041,9478,2902,16213,0,85,2829207626
702,8.17486,147,0,18,0,97.42,177,8162,18,0,66,18,16.5052,9496,2920,16231,0,85,2661806252
537,6.25324,12,0,207,0,77.716,12,8191,86,0,35,26,15.2589,9582,2946,16438,0,86,2865118242
636,7.40572,59,0,8,0,107.157,106,8191,8,0,179,8,15.0376,9590,2954,16446,0,86,2861459398
708,8.24495,137,0,10,0,80.414,137,8190,10,0,121,10,13.4884,9600,2964,16456,0,86,2683472890
753,8.7692,152,0,11,0,88.534,169,8162,11,0,149,11,13.6165,9611,2975,16467,0,86,2764690684
800,9.31619,94,0,14,0,84.245,196,8191,14,0,156,14,18.497,9625,2989,16481,0,86,2905189980
567,6.60301,221,0,7,0,126.955,221,8156,7,0,162,7,17.5302,9632,2996,16488,0,86,2144707082
486,5.65938,97,0,221,0,101.035,100,8189,59,0,170,0,15.8762,9691,2996,16709,0,87,3461970554
718,8.36094,120,0,6,0,98.998,139,8189,6,0,147,6,14.4552,9697,3002,16715,0,87,2646938224
716,8.33758,115,0,10,0,154.524,169,8148,10,0,142,10,15.8296,9707,3012,16725,0,87,2907983876
818,9.52546,118,0,11,0,81.022,183,8189,11,0,80,11,15.9112,9718,3023,16736,0,87,2836482012
734,8.54727,138,0,14,0,117.689,211,8174,14,0,173,14,19.3357,9732,3037,16750,0,87,2746162832
587,6.8355,226,0,11,0,103.349,226,8158,11,0,101,11,18.9396,9743,3048,16761,0,87,1842199856
490,5.70592,87,0,232,0,79.581,87,8190,64,0,133,6,15.6316,9807,3054,16993,0,88,3591474670
698,8.12796,102,0,12,0,92.891,119,8191,12,0,104,12,14.0242,9819,3066,17005,0,88,2966103056
658,7.66239,68,0,5,0,182.186,164,8189,5,0,198,5,15.7481,9824,3071,17010,0,88,2777033644
572,6.66086,175,0,20,0,111.841,175,8166,20,0,61,20,13.4418,9844,3091,17030,0,88,2178937404
545,6.34638,71,0,176,0,83.905,101,8189,59,0,173,1,12.3003,9903,3092,17206,0,89,3367923846
791,9.21098,123,0,14,0,98.927,143,8168,14,0,161,14,13.5233,9917,3106,17220,0,89,2819031908
445,5.18224,79,0,151,0,65.54,79,8189,68,0,113,8,15.1075,9985,3114,17371,0,90,2859900064
518,6.03194,3,0,133,0,114.951,3,8069,70,0,134,11,15.8762,10055,3125,17504,0,91,2708956782
712,8.291,117,0,3,0,124.169,131,8156,3,0,282,3,14.991,10058,3128,17507,0,91,2810294158
705,8.20961,84,0,18,0,96.697,160,8156,18,0,132,18,16.7615,10076,3146,17525,0,91,2790470060
369,4.29693,68,0,163,0,75.174,68,8189,62,0,87,3,16.016,10138,3149,17688,0,92,2825208036
652,7.59242,64,0,6,0,95.939,129,8189,6,0,187,6,14.56,10144,3155,17694,0,92,2823557730
658,7.66225,77,0,141,0,101.973,100,8189,86,0,209,3,15.0492,10230,3158,17835,0,93,2744786842
658,7.66232,75,0,11,0,78.611,137,8189,11,0,138,11,15.5734,10241,3169,17846,0,93,2816664130
729,8.48922,127,0,5,0,146.844,180,8189,5,0,210,5,16.3421,10246,3174,17851,0,93,2690504418
718,8.361,80,0,9,0,88.435,204,8187,9,0,144,9,11.8926,10255,3183,17860,0,93,2887583244
359,4.18047,33,0,217,0,45.727,33,8191,102,0,35,13,11.7179,10357,3196,18077,0,94,2844164904
696,8.10478,111,0,11,0,75.116,111,8147,11,0,176,11,15.4569,10368,3207,18088,0,94,2773820182
695,8.09334,106,0,7,0,86.298,154,8168,7,0,178,7,16.9362,10375,3214,18095,0,94,2767377998
695,8.09335,89,0,13,0,125.941,175,8191,12,0,107,13,17.5535,10387,3227,18108,0,94,2769917724
372,4.33196,45,0,180,0,37.087,45,8191,159,0,46,5,15.2589,10546,3232,18288,0,95,2837944634
638,7.42994,75,0,93,0,90.817,79,8191,62,0,206,3,12.6148,10608,3235,18381,0,96,2814709618
694,8.08151,81,0,5,0,105.865,135,8189,5,0,189,5,14.3037,10613,3240,18386,0,96,2754201170
658,7.66221,111,0,11,0,124.275,163,8112,11,0,127,11,12.9992,10624,3251,18397,0,96,2665782560
794,9.24624,131,0,18,0,114.842,179,8190,18,0,88,18,15.3171,10642,3269,18415,0,96,2711176496
525,6.11346,185,0,205,0,105.694,2,8173,110,0,36,20,18.5786,10752,3289,18620,0,97,1761021472
559,6.50942,79,0,5,0,104.274,104,8189,36,0,185,5,19.4638,10788,3294,18625,0,97,4068394498
745,8.67535,64,0,136,0,72.875,4,8190,70,0,163,8,19.1959,10858,3302,18761,0,98,2741005358
604,7.03406,111,0,2,0,109.636,111,8187,35,0,204,2,17.5069,10893,3304,18763,0,98,2853773608
791,9.2111,62,0,5,0,151.009,165,8189,5,0,235,5,19.6618,10898,3309,18768,0,98,2780045590
718,8.36101,72,0,5,0,93.156,202,8191,5,0,214,5,15.9461,10903,3314,18773,0,98,2821380968
594,6.91691,69,0,210,0,83.522,71,8189,109,0,106,7,16.1674,11012,3321,18983,0,99,2756664148
738,8.59451,101,0,5,0,84.084,130,8191,5,0,185,5,13.8145,11017,3326,18988,0,99,2738632274
663,7.7206,163,0,7,0,118.868,163,8190,7,0,152,7,16.7498,11024,3333,18995,0,99,2780475138
679,7.90682,161,0,3,0,108.605,195,8191,3,0,181,3,14.6299,11027,3336,18998,0,99,2735130440
610,7.10313,202,0,216,0,120.287,2,8191,72,0,41,14,14.4086,11099,3350,19214,0,100,1710944830
486,5.65982,86,0,1,0,100.076,98,8191,32,0,164,1,13.6049,11131,3351,19215,0,100,4043995450
675,7.8604,97,0,7,0,89.241,147,8151,7,0,187,7,13.5699,11138,3358,19222,0,100,2615904776
778,9.05964,121,0,33,0,82.851,158,8169,32,0,53,33,16.6217,11170,3391,19255,0,100,2909545940
613,7.13824,166,0,59,0,89.709,166,8191,60,0,42,57,15.0492,11230,3448,19314,0,100,2308983222
534,6.21883,83,0,167,0,90.926,92,8191,167,0,146,1,13.4301,11397,3449,19481,0,101,3321846654
724,8.43112,129,0,8,0,79.291,140,8191,8,0,174,8,14.4785,11405,3457,19489,0,101,2645704404
661,7.69726,112,0,8,0,89.394,171,8167,8,0,154,8,17.2856,11413,3465,19497,0,101,2937094398
717,8.3492,126,0,27,0,90.077,186,8190,25,0,82,27,15.1773,11438,3492,19524,0,101,2752733942
439,5.11206,6,0,201,0,116.653,6,8189,75,0,14,13,15.6083,11513,3505,19725,0,102,2796347820
700,8.15129,60,0,1,0,136.729,130,8191,1,0,273,1,15.1308,11514,3506,19726,0,102,2826566344
659,7.67408,67,0,6,0,103.643,164,8189,6,0,159,6,12.5682,11520,3512,19732,0,102,2816766568
718,8.36105,122,0,12,0,88.962,183,8191,12,0,105,12,15.4103,11532,3524,19744,0,102,2765787066
777,9.04803,164,0,14,0,99.063,200,8191,14,0,100,14,13.4767,11546,3538,19758,0,102,2823392614
704,8.19804,78,0,9,0,108.41,219,8189,9,0,125,9,14.2455,11555,3547,19767,0,102,2786430948
500,5.82259,22,0,233,0,61.177,22,8189,101,0,37,11,14.7347,11656,3558,20000,0,103,2716466480
723,8.41976,59,0,2,0,108.198,133,8187,2,0,270,2,16.6799,11658,3560,20002,0,103,2851819502
748,8.71041,70,0,14,0,122.639,156,8189,14,0,104,14,16.645,11672,3574,20016,0,103,2761932866
759,8.83842,65,0,13,0,133.556,181,8189,13,0,133,13,14.2921,11685,3587,20029,0,103,2859324006
658,7.66225,196,0,25,0,93.45,196,8191,25,0,89,25,15.4685,11710,3612,20054,0,103,2183760978
492,5.72934,67,0,202,0,100.161,91,8187,65,0,144,6,12.9293,11775,3618,20256,0,104,3392083912
354,4.12225,33,0,111,0,68.723,33,8190,111,0,82,4,14.3969,11886,3622,20367,0,105,2796613358
731,8.51256,57,0,2,0,116.891,146,8191,2,0,315,2,12.6614,11888,3624,20369,0,105,2788601382
707,8.23293,112,0,16,0,87.253,162,8169,16,0,79,16,12.3119,11904,3640,20385,0,105,2725641520
612,7.12692,70,0,179,0,64.266,80,8189,74,0,125,15,14.4435,11978,3655,20564,0,106,2883178228
678,7.89531,133,0,12,0,119.609,133,8190,12,0,179,12,15.2239,11990,3667,20576,0,106,2592607836
785,9.14106,63,0,3,0,95.403,187,8191,3,0,268,3,13.8029,11993,3670,20579,0,106,2990477896
718,8.36091,56,0,163,0,96.682,63,8189,109,0,190,3,13.4884,12102,3673,20742,0,107,2750979980
671,7.8138,104,0,4,0,94.799,126,8190,4,0,184,4,12.9875,12106,3677,20746,0,107,2736056484
723,8.4192,111,0,14,0,92.111,147,8189,14,0,94,14,15.2822,12120,3691,20760,0,107,2891348754
747,8.69846,136,0,24,0,88.211,160,8168,24,0,60,24,15.2356,12144,3715,20784,0,107,2625139706
674,7.84881,80,0,10,0,171.838,180,8189,10,0,109,10,15.9694,12154,3725,20794,0,107,2949203586
722,8.40797,195,0,30,0,107.629,195,8179,30,0,85,30,17.6001,12184,3755,20824,0,107,2252274724
363,4.22706,59,0,199,0,82.619,84,8189,63,0,125,4,13.698,12247,3759,21023,0,108,3268385918
748,8.71033,77,0,11,0,73.725,134,8187,11,0,171,11,15.9694,12258,3770,21034,0,108,2880683134
469,5.46155,12,0,157,0,91.201,12,8191,71,0,58,12,18.3922,12329,3782,21191,0,109,2790225606
699,8.13982,104,0,6,0,94.662,117,8189,6,0,220,6,16.412,12335,3788,21197,0,109,2746536548
675,7.8606,90,0,8,0,93.213,150,8191,8,0,137,8,15.3171,12343,3796,21205,0,109,2838419066
698,8.12823,119,0,13,0,111.879,168,8160,13,0,88,13,13.0458,12356,3809,21218,0,109,2803986962
528,6.14862,4,0,196,0,95.243,4,8189,78,0,52,19,13.3486,12434,3828,21414,0,110,2756043654
645,7.51101,110,0,8,0,101.165,112,8191,8,0,210,8,13.9077,12442,3836,21422,0,110,2829766226
646,7.5227,73,0,9,0,118.643,156,8104,9,0,181,8,14.164,12451,3844,21431,0,110,2754030860
443,5.15912,55,0,167,0,46.008,55,8189,69,0,66,10,13.4651,12520,3854,21598,0,111,2807729764
701,8.16305,68,0,6,0,122.202,131,8189,6,0,220,6,14.6881,12526,3860,21604,0,111,2742870732
777,9.04786,98,0,7,0,89.722,157,8189,7,0,119,7,14.5949,12533,3867,21611,0,111,2850466668
755,8.79183,75,0,8,0,103.352,182,8133,8,0,133,8,16.5635,12541,3875,21619,0,111,2765508312
493,5.74089,3,0,203,0,108.553,3,7999,70,0,61,11,17.6234,12611,3886,21822,0,112,2745315932
659,7.67455,82,0,10,0,82.414,113,8190,10,0,212,10,18.1359,12621,3896,21832,0,112,2861417914
634,7.3829,138,0,14,0,112.043,138,8191,14,0,98,14,18.2408,12635,3910,21846,0,112,2520831138
344,4.00595,71,0,144,0,80.454,71,8189,96,0,94,6,16.2956,12731,3916,21990,0,113,2536634548
577,6.71897,67,0,71,0,77.81,84,8189,59,0,232,0,13.7446,12790,3916,22061,0,114,3343796288
670,7.80247,86,0,7,0,103.919,134,8189,7,0,171,7,14.8396,12797,3923,22068,0,114,2789811346
730,8.50079,83,0,12,0,103.527,153,8191,12,0,87,12,13.3719,12809,3935,22080,0,114,2740102232
799,9.30422,78,0,8,0,91.294,190,8189,8,0,197,8,13.2671,12817,3943,22088,0,114,2858781632
720,8.38421,160,0,14,0,107.076,213,8178,14,0,145,14,14.8046,12831,3957,22102,0,114,2607482584
475,5.53136,76,0,219,0,84.519,81,8191,124,0,116,6,14.7697,12955,3963,22321,0,115,2969364286
475,5.53121,68,0,95,0,68.301,70,8191,95,0,116,5,14.6415,13050,3968,22416,0,116,2797289306
701,8.16344,75,0,3,0,122.325,136,8189,3,0,214,3,16.878,13053,3971,22419,0,116,2806581316
710,8.26769,111,0,12,0,107.859,161,8135,12,0,114,12,17.6584,13065,3983,22431,0,116,2593503780
708,8.24472,168,0,39,0,80.229,168,8181,39,0,36,39,16.6683,13104,4022,22470,0,116,2423973958
599,6.97534,109,0,175,0,108.654,109,8163,66,0,201,7,13.3952,13170,4029,22645,0,117,3306668498
488,5.68292,86,0,113,0,76.249,90,8191,63,0,140,4,12.8943,13233,4033,22758,0,118,2823128952
720,8.38385,134,0,9,0,87.225,134,8191,9,0,157,9,13.1739,13242,4042,22767,0,118,2703600242
742,8.64091,119,0,15,0,112.833,164,8166,15,0,140,15,14.9444,13257,4057,22782,0,118,2904064184
423,4.92576,19,0,187,0,63.36,19,8189,143,0,28,21,16.2956,13400,4078,22969,0,119,2809604126
618,7.19646,112,0,7,0,102.911,112,8191,7,0,192,7,16.9944,13407,4085,22976,0,119,2649786034
733,8.53565,122,0,12,0,96.055,146,8157,12,0,137,12,14.7813,13419,4097,22988,0,119,2894808672
700,8.1513,167,0,15,0,130.179,167,8191,15,0,103,15,12.7546,13434,4112,23003,0,119,2535850310
734,8.54709,135,0,8,0,144.325,190,8189,8,0,130,8,13.8611,13442,4120,23011,0,119,2785649944
491,5.71762,4,0,203,0,110.72,4,8189,129,0,43,6,12.4168,13571,4126,23214,0,120,3026361828
675,7.86029,119,0,3,0,95.942,119,8191,3,0,234,3,14.1523,13574,4129,23217,0,120,2842129668
578,6.73069,95,0,10,0,104.929,134,8157,10,0,59,10,14.0358,13584,4139,23227,0,120,2650368868
488,5.68284,11,0,156,0,84.145,11,8189,156,0,21,19,11.1704,13740,4158,23383,0,121,2943043474
570,6.63758,37,0,66,0,46.571,37,8191,66,0,247,0,12.2071,13806,4158,23449,0,122,2765407526
632,7.35936,112,0,3,0,79.185,112,8189,3,0,210,3,16.2956,13809,4161,23452,0,122,2718896838
670,7.80207,140,0,8,0,138.443,156,8191,8,0,184,8,16.4936,13817,4169,23460,0,122,2764752690
650,7.56897,181,0,12,0,143.559,181,8189,12,0,130,12,17.0993,13829,4181,23472,0,122,2735154422
740,8.61771,66,0,11,0,94.24,201,8191,11,0,120,11,17.3905,13840,4192,23483,0,122,2999352748
709,8.25667,66,0,14,0,111.581,215,8190,14,0,91,14,14.4086,13854,4206,23497,0,122,2776348918
619,7.20863,222,0,25,0,97.931,222,8191,25,0,48,25,12.8012,13879,4231,23522,0,122,2040849748
462,5.37993,58,0,224,0,88.916,77,8191,129,0,108,2,15.0376,14008,4233,23746,0,123,3509486134
662,7.70887,93,0,6,0,98.739,125,8190,6,0,149,6,18.8465,14014,4239,23752,0,123,2838818262
625,7.27792,74,0,32,0,93.127,135,8190,32,0,41,32,15.3288,14046,4271,23784,0,123,2745396360
390,4.54147,15,0,162,0,66.581,15,8189,120,0,27,23,11.1238,14166,4294,23946,0,124,2868151146
472,5.49634,33,0,91,0,68.751,33,8191,63,0,158,1,11.846,14229,4295,24037,0,125,2684695188
637,7.41791,90,0,7,0,99.497,111,8191,7,0,175,7,15.6782,14236,4302,24044,0,125,2814188580
744,8.66359,157,0,3,0,111.365,157,8191,3,0,195,3,11.4966,14239,4305,24047,0,125,2699153198
650,7.5691,123,0,9,0,98.079,193,8164,9,0,199,9,13.5699,14248,4314,24056,0,125,2778471248
713,8.30272,107,0,20,0,125.475,203,8191,20,0,61,20,15.2472,14268,4334,24076,0,125,2869468938
730,8.5006,74,0,4,0,167.311,232,8191,3,0,198,4,15.0259,14271,4338,24080,0,125,2806860868
777,9.04836,125,0,26,0,89.74,239,8189,26,0,49,26,17.7283,14297,4364,24106,0,125,2900151828
725,8.4422,91,0,4,0,196.429,257,8189,5,0,138,4,15.0143,14302,4368,24110,0,125,2660196714
702,8.17513,3,0,250,0,106.022,3,7946,66,0,111,5,14.1407,14368,4373,24360,0,126,2712744454
567,6.6032,72,0,81,0,58.276,72,8189,16,0,207,2,17.2856,14384,4375,24441,0,127,3015818260
697,8.11699,71,0,2,0,161.113,157,8189,2,0,305,2,18.2874,14386,4377,24443,0,127,2792361166
381,4.43667,25,0,147,0,44.597,25,8189,124,0,110,3,15.2239,14510,4380,24590,0,129,2767716714
581,6.76564,34,0,0,0,36.619,34,8189,0,0,292,0,14.327,14510,4380,24590,0,129,2754217676
649,7.5574,85,0,2,0,77.941,103,8189,2,0,254,2,15.6549,14512,4382,24592,0,129,2850965382
742,8.64126,149,0,2,0,120.817,156,8189,2,0,218,2,19.4522,14514,4384,24594,0,129,2798148984
659,7.67394,99,0,2,0,129.951,206,8189,2,0,283,2,17.7516,14516,4386,24596,0,129,2764885256
624,7.26632,211,0,20,0,106.593,211,8191,20,0,30,20,15.2705,14536,4406,24616,0,129,2043563592
498,5.79909,81,0,216,0,86.31,88,8189,94,0,136,5,12.5449,14630,4411,24832,0,130,3545588228
704,8.19816,115,0,9,0,72.376,132,8189,9,0,151,9,12.9176,14639,4420,24841,0,130,2749887294
664,7.73218,96,0,7,0,120.632,160,8189,7,0,127,7,16.7382,14646,4427,24848,0,130,2644664918
658,7.66199,170,0,22,0,122.735,170,8175,22,0,54,22,18.73,14668,4449,24870,0,130,2401673316
245,2.85298,59,0,170,0,72.95,59,8187,59,0,68,0,16.8663,14727,4449,25040,0,131,3288896940
661,7.6974,100,0,6,0,150.425,133,8190,6,0,222,6,15.3637,14733,4455,25046,0,131,2845768660
682,7.94153,112,0,30,0,96.091,139,8184,30,0,28,30,17.6118,14763,4485,25076,0,131,2818628358
462,5.38018,9,0,160,0,94.856,9,8191,130,0,56,10,17.1924,14893,4495,25236,0,132,2833736360
678,7.89573,96,0,6,0,101.512,123,8189,6,0,245,6,13.966,14899,4501,25242,0,132,2718093616
737,8.58209,132,0,9,0,97.932,152,8190,9,0,124,9,15.0143,14908,4510,25251,0,132,2779287056
735,8.55892,111,0,24,0,92.257,166,8177,24,0,72,23,14.2106,14932,4533,25275,0,132,2894692122
448,5.21686,64,0,180,0,65.561,74,8191,71,0,102,13,13.0691,15003,4546,25455,0,133,2714133492
552,6.42791,113,0,120,0,109.483,2,8159,65,0,114,7,12.0673,15068,4553,25575,0,134,2127210946
562,6.54436,108,0,3,0,76.414,108,8190,3,0,197,3,12.1955,15071,4556,25578,0,134,3278038274
526,6.12516,116,0,132,0,96.914,2,8178,74,0,27,16,12.6381,15145,4572,25710,0,135,2032189278
629,7.32429,65,0,1,0,99.29,114,8189,55,0,219,1,12.4867,15200,4573,25711,0,135,3772395676
671,7.8136,109,0,6,0,87.304,153,8191,6,0,160,6,15.1075,15206,4579,25717,0,135,2750178578
567,6.60257,3,0,177,0,111.405,3,8035,81,0,18,21,16.8896,15287,4600,25894,0,136,2854545414
599,6.97541,102,0,1,0,102.461,115,8189,1,0,222,1,16.2373,15288,4601,25895,0,136,2775125878
666,7.75599,27,0,14,0,133.93,144,8189,14,0,115,14,15.5151,15302,4615,25909,0,136,2848590192
763,8.88481,156,0,4,0,90.509,180,8190,4,0,185,4,14.1057,15306,4619,25913,0,136,2647314250
524,6.102,184,0,34,0,107.456,184,8186,34,0,23,32,15.0958,15340,4651,25947,0,136,2114968422
570,6.63686,67,0,189,0,79.696,86,8116,138,0,129,5,14.0941,15478,4656,26136,0,137,3542206052
701,8.16334,74,0,5,0,87.014,136,8189,5,0,174,5,13.4534,15483,4661,26141,0,137,2859465098
688,8.01189,149,0,9,0,104.881,168,8191,9,0,151,9,16.843,15492,4670,26150,0,137,2546301436
680,7.91849,74,0,9,0,86.544,187,8131,9,0,109,9,17.1924,15501,4679,26159,0,137,2976920954
789,9.18771,74,0,12,0,144.306,202,8189,12,0,88,12,15.6316,15513,4691,26171,0,137,2860097128
748,8.7104,124,0,4,0,127.457,227,8191,4,0,167,4,15.9112,15517,4695,26175,0,137,2775940692
584,6.80052,6,0,241,0,142.121,6,8189,170,0,31,11,14.56,15687,4706,26416,0,138,2782679942
646,7.52255,86,0,3,0,84.271,115,8190,3,0,216,3,15.0725,15690,4709,26419,0,138,2810295684
634,7.38106,99,0,21,0,102.742,132,8174,21,0,68,21,16.5285,15711,4730,26440,0,138,2771041532
478,5.56625,70,0,145,0,69.466,70,8191,99,0,97,11,13.8728,15810,4741,26585,0,139,2774744770
686,7.98865,75,0,10,0,102.928,127,8189,9,0,175,10,16.0509,15819,4751,26595,0,139,2813842612
689,8.02316,71,0,8,0,165.272,160,8189,9,0,149,8,15.6666,15828,4759,26603,0,139,2787841462
695,8.09034,63,0,5,0,128.523,193,8189,5,0,184,5,13.3137,15833,4764,26608,0,139,2706600904
490,5.7063,3,0,214,0,124.795,3,7990,72,0,53,13,15.0842,15905,4777,26822,0,140,2749548452
585,6.81257,107,0,5,0,110.593,107,8170,5,0,192,5,17.2041,15910,4782,26827,0,140,2972855536
511,5.95051,58,0,124,0,53.437,61,8189,124,0,122,3,17.67,16034,4785,26951,0,141,2787566698
669,7.7904,89,0,7,0,81.42,126,8189,7,0,189,7,14.2222,16041,4792,26958,0,141,2736339816
691,8.04246,103,0,12,0,131.289,151,8189,12,0,110,12,13.3486,16053,4804,26970,0,141,2865936472
590,6.8704,178,0,6,0,95.162,178,8189,6,0,137,6,14.4668,16059,4810,26976,0,141,2188646376
494,5.75271,74,0,179,0,90.477,90,8190,60,0,142,1,13.4884,16119,4811,27155,0,142,3397860172
644,7.49958,75,0,121,0,72.37,80,8189,89,0,197,6,13.931,16208,4817,27276,0,143,2794082662
671,7.81388,106,0,14,0,86.575,119,8160,14,0,122,14,14.758,16222,4831,27290,0,143,2668493548
717,8.34923,134,0,32,0,88.572,134,8191,32,0,58,32,15.6782,16254,4863,27322,0,143,2644125260
713,8.30263,100,0,7,0,111.416,153,8190,7,0,89,7,15.0725,16261,4870,27329,0,143,2915390002
734,8.54742,123,0,7,0,110.032,191,8156,7,0,201,7,17.4138,16268,4877,27336,0,143,2942364418
452,5.26348,14,0,209,0,84.062,14,8189,110,0,22,17,16.7265,16378,4894,27545,0,144,2714566904
707,8.23351,108,0,6,0,108.767,115,8189,6,0,211,6,14.9327,16384,4900,27551,0,144,2886727074
655,7.62778,70,0,9,0,117.019,152,8189,9,0,154,9,17.5419,16393,4909,27560,0,144,2780373218
465,5.41492,14,0,177,0,77.779,14,8189,75,0,57,16,15.9811,16468,4925,27737,0,145,2757234256
645,7.51128,89,0,7,0,99.744,108,8191,7,0,184,7,11.9858,16475,4932,27744,0,145,2844466898
673,7.8375,139,0,6,0,120.892,151,8190,6,0,175,6,12.475,16481,4938,27750,0,145,2790853982
695,8.09324,57,0,6,0,123.765,178,8191,6,0,137,6,13.8262,16487,4944,27756,0,145,2752111180
692,8.05828,119,0,24,0,149.577,190,8186,24,0,70,23,12.6148,16511,4967,27780,0,145,2754860528
731,8.51236,101,0,33,0,101.214,202,8158,33,0,75,33,12.4168,16544,5000,27813,0,145,2875071122
485,5.64768,66,0,210,0,86.316,73,8190,103,0,99,8,16.3072,16647,5008,28023,0,146,2778508950
603,7.02173,89,0,7,0,117.888,127,8191,7,0,168,7,13.3253,16654,5015,28030,0,146,2799107094
631,7.34779,136,0,45,0,84.766,136,8191,45,0,37,45,12.0324,16699,5060,28075,0,146,2469773194
491,5.71758,89,0,137,0,79.036,92,8189,128,0,146,1,11.7179,16827,5061,28212,0,147,3079474006


