SendPacket,SendRate(Mb/s),FlightSize,ReceiveRate(Mb/s),Send Loss,Recv Loss,RTT(ms),CWnd,FlowWindow,Retrans,PktSndPeriod(us),RecvACK,RecvNAK,EstimatedBandwidth(Mb/s),Retrans_Total,NAK_TotalRecv,Total Send Loss,Total Recv Loss,Timeout,usSndDuration
596,6.23983,88,0,4,0,82.548,172,8189,4,0,170,4,11.8111,4,4,4,0,0,-607766478825362
699,8.13946,115,0,4,0,133.77,403,8189,4,0,231,4,12.5682,8,8,8,0,0,2749811526
663,7.72101,100,0,9,0,130.81,499,8191,9,0,96,9,13.7796,17,17,17,0,0,2800147490
667,7.7671,517,0,17,0,114.022,517,8156,17,0,18,17,13.966,34,34,34,0,0,1003190314
480,5.5895,118,0,637,0,79.435,2,8189,72,0,116,2,15.1657,106,36,671,0,2,4445144060
698,8.12805,62,0,3,0,83.215,62,8191,51,0,275,4,17.239,157,40,674,0,2,3067208754
659,7.67415,67,0,2,0,87.988,67,8191,2,0,301,2,16.8081,159,42,676,0,2,2758789214
681,7.93014,70,0,5,0,88.1,70,8189,5,0,210,5,11.6014,164,47,681,0,2,2804020268
618,7.19649,59,0,5,0,83.524,72,8189,5,0,181,5,11.3917,169,52,686,0,2,2829186038
665,7.74388,74,0,1,0,78.381,76,8191,1,0,293,1,19.0095,170,53,687,0,2,2760752932
662,7.70906,72,0,5,0,73.281,79,8189,5,0,226,5,14.793,175,58,692,0,2,2707567758
709,8.25621,75,0,4,0,83.516,82,8189,4,0,210,4,15.3404,179,62,696,0,2,2928418864
623,7.25512,84,0,4,0,96.603,84,8189,4,0,201,4,16.3188,183,66,700,0,2,2745122744
611,7.11498,68,0,5,0,91.858,86,8189,5,0,134,5,17.1808,188,71,705,0,2,2773625526
622,7.24307,82,0,4,0,109.676,88,8191,4,0,204,4,18.5087,192,75,709,0,2,2812908560
681,7.93016,62,0,3,0,94.265,90,8189,3,0,210,3,14.7464,195,78,712,0,2,2837532334
609,7.09194,82,0,5,0,113.155,92,8189,5,0,166,5,15.8063,200,83,717,0,2,2753286410
596,6.94063,46,0,98,0,50.1,46,8189,65,0,169,5,13.535,265,88,815,0,3,2798833604
629,7.32451,51,0,4,0,80.216,51,8169,4,0,261,4,18.334,269,92,819,0,3,2782184146
683,7.95399,56,0,2,0,72.221,56,8189,2,0,280,2,15.2472,271,94,821,0,3,2852195094
610,7.10348,58,0,4,0,72.336,60,8189,4,0,201,4,13.8029,275,98,825,0,3,2785010492
626,7.29047,57,0,4,0,81.802,64,8191,4,0,230,4,12.8827,279,102,829,0,3,2803035790
635,7.39458,62,0,5,0,95.54,67,8189,5,0,195,5,14.2339,284,107,834,0,3,2790357864
598,6.96358,69,0,7,0,75.259,69,8189,7,0,199,7,13.8378,291,114,841,0,3,2653658420
631,7.34785,73,0,3,0,89.642,73,8190,3,0,248,3,13.6282,294,117,844,0,3,2752424388
671,7.81363,74,0,4,0,77.711,76,8189,4,0,203,4,14.0125,298,121,848,0,3,2966867624
715,8.32595,62,0,6,0,83.987,79,8151,6,0,244,6,15.189,304,127,854,0,3,2789062598
715,8.32611,60,0,3,0,76.164,82,8191,3,0,285,3,14.0475,307,130,857,0,3,2793577290
607,7.06843,84,0,5,0,108.58,84,8190,5,0,181,5,16.9362,312,135,862,0,3,2665225472
615,7.16153,65,0,4,0,121.199,86,8189,4,0,174,4,19.5337,316,139,866,0,3,2902729970
619,7.20823,89,0,5,0,125.89,89,8190,5,0,215,5,17.5885,321,144,871,0,3,2570955912
561,6.53281,5,0,97,0,84.437,5,8191,66,0,121,7,14.793,387,151,968,0,4,3014669224
622,7.24347,50,0,0,0,73.023,50,8191,0,0,294,0,13.0458,387,151,968,0,4,2831351488
524,6.10187,31,0,51,0,39.588,31,8189,51,0,229,1,13.5583,438,152,1019,0,5,2783310264
673,7.83718,41,0,0,0,48.832,41,8189,0,0,337,0,15.818,438,152,1019,0,5,2810697792
606,7.05671,47,0,2,0,57.369,47,8183,2,0,263,2,14.3503,440,154,1021,0,5,2732698102
630,7.33654,51,0,4,0,72.786,51,8140,4,0,225,4,11.7062,444,158,1025,0,5,2836355934
640,7.4527,56,0,3,0,61.033,56,8189,3,0,243,3,11.8693,447,161,1028,0,5,2770877536
592,6.89377,59,0,6,0,100.279,59,8189,6,0,214,6,13.4068,453,167,1034,0,5,2672704622
600,6.98694,62,0,4,0,93.187,62,8190,4,0,191,4,14.9327,457,171,1038,0,5,2939715856
577,6.71908,66,0,4,0,87.392,66,8189,4,0,204,4,15.189,461,175,1042,0,5,2643889710
711,8.2794,54,0,3,0,76.163,70,8189,3,0,276,3,17.6467,464,178,1045,0,5,2948361570
568,6.61421,66,0,9,0,96.72,72,8189,9,0,146,9,15.8879,473,187,1054,0,5,2776613812
626,7.28967,75,0,6,0,82.142,75,8190,6,0,241,6,16.0859,479,193,1060,0,5,2653682318
650,7.56916,74,0,6,0,95.014,77,8189,6,0,183,6,14.56,485,199,1066,0,5,2939674360
622,7.24311,80,0,4,0,84.288,80,8189,4,0,207,4,14.8512,489,203,1070,0,5,2552343150
665,7.7438,45,0,81,0,53.987,45,8189,81,0,260,1,15.3171,570,204,1151,0,6,3047140348
667,7.76579,47,0,2,0,69.556,51,8189,2,0,293,2,15.8879,572,206,1153,0,6,2816398746
621,7.23171,56,0,4,0,77.282,56,8189,4,0,262,4,16.6333,576,210,1157,0,6,2764342504
575,6.69615,59,0,6,0,75.11,59,8189,6,0,178,6,15.8646,582,216,1163,0,6,2811579624
624,7.2666,59,0,5,0,89.584,63,8189,5,0,230,5,16.4586,587,221,1168,0,6,2744403236
573,6.67279,65,0,5,0,93.171,66,8189,5,0,194,5,14.1989,592,226,1173,0,6,2772245174
627,7.30128,64,0,4,0,55.697,68,8189,4,0,195,4,12.673,596,230,1177,0,6,2822093848
581,6.76557,71,0,5,0,84.31,71,8189,5,0,191,5,12.871,601,235,1182,0,6,2757687310
545,6.34654,40,0,72,0,52.654,40,8191,60,0,231,1,13.8262,661,236,1254,0,7,2876009962
666,7.75488,47,0,1,0,55.226,47,8189,1,0,316,1,11.7062,662,237,1255,0,7,2785952232
434,5.0542,28,0,48,0,57.309,28,8189,48,0,186,1,9.73773,710,238,1303,0,8,2804331600
660,7.68604,38,0,0,0,46.673,38,8189,0,0,332,0,12.475,710,238,1303,0,8,2787830766
622,7.2433,45,0,2,0,65.35,45,8189,2,0,277,2,11.7994,712,240,1305,0,8,2789488198
619,7.20834,50,0,3,0,71.791,50,8191,3,0,242,3,12.871,715,243,1308,0,8,2812439420
592,6.89367,54,0,4,0,75.03,54,8189,4,0,205,4,14.6415,719,247,1312,0,8,2756403608
639,7.44114,58,0,5,0,86.36,58,8189,5,0,269,5,13.966,724,252,1317,0,8,2614215044
558,6.49769,32,0,63,0,34.433,32,8189,8,0,211,3,12.3352,732,255,1380,0,9,3003733992
649,7.55801,40,0,1,0,58.093,40,8189,1,0,307,1,14.956,733,256,1381,0,9,2803264212
601,6.99859,46,0,5,0,72.281,46,8189,5,0,223,5,12.9409,738,261,1386,0,9,2653039998
668,7.77868,51,0,3,0,62.946,51,8189,3,0,248,3,13.4068,741,264,1389,0,9,2923927496
431,5.0189,29,0,52,0,58.967,29,8190,52,0,180,1,15.783,793,265,1441,0,10,2792839182
611,7.11499,38,0,0,0,52.184,38,8189,0,0,306,0,15.3637,793,265,1441,0,10,2798347674
659,7.67401,46,0,0,0,50.6,46,8189,0,0,330,0,13.4884,793,265,1441,0,10,2663330170
683,7.95343,52,0,4,0,66.452,52,8191,4,0,271,4,14.4785,797,269,1445,0,10,2905190008
538,6.26492,55,0,5,0,69.678,55,8190,5,0,174,5,13.1506,802,274,1450,0,10,2724972502
330,3.84273,9,0,61,0,39.709,9,8189,61,0,111,1,11.5781,863,275,1511,0,12,2883685630
357,4.15694,21,0,0,0,31.062,21,8189,0,0,183,0,12.3003,863,275,1511,0,12,2759279250
528,6.14848,31,0,0,0,33.373,31,8189,0,0,265,0,13.8728,863,275,1511,0,12,2747858470
654,7.61599,40,0,0,0,63.408,40,8189,0,0,329,0,16.4819,863,275,1511,0,12,2859232530
626,7.29009,46,0,3,0,51.981,46,8189,3,0,271,3,17.5885,866,278,1514,0,12,2738826832
633,7.37027,51,0,3,0,66.955,51,8190,3,0,228,3,11.7062,869,281,1517,0,12,2868970468
638,7.42984,56,0,3,0,67.418,56,8189,3,0,271,3,11.0074,872,284,1520,0,12,2690667784
625,7.27824,58,0,4,0,66.601,60,8189,4,0,259,4,12.1372,876,288,1524,0,12,2900492350
629,7.3246,63,0,4,0,77.829,63,8189,4,0,196,4,12.0557,880,292,1528,0,12,2728432084
584,6.80076,66,0,7,0,69.393,66,8189,7,0,199,7,14.1057,887,299,1535,0,12,2632806288
711,8.27958,66,0,3,0,82.504,70,8189,3,0,268,3,13.6748,890,302,1538,0,12,2995097714
654,7.61574,71,0,6,0,87.062,73,8189,6,0,223,6,10.8792,896,308,1544,0,12,2781275532
632,7.35948,72,0,4,0,97.218,76,8189,4,0,215,4,16.1907,900,312,1548,0,12,2821199080
647,7.53418,63,0,7,0,102.64,79,8189,7,0,196,7,19.359,907,319,1555,0,12,2800560182
652,7.59295,81,0,5,0,98.77,81,8189,5,0,178,5,15.0725,912,324,1560,0,12,2757446440
629,7.32468,84,0,4,0,110.967,84,8190,4,0,240,4,14.5367,916,328,1564,0,12,2759855350
653,7.60408,70,0,6,0,132.883,87,8142,6,0,222,6,12.5216,922,334,1570,0,12,2837984044
667,7.76707,77,0,6,0,86.777,89,8189,6,0,184,6,14.1756,928,340,1576,0,12,2782700424
675,7.86014,64,0,5,0,102.147,91,8189,5,0,183,5,15.1773,933,345,1581,0,12,2735653592
652,7.59235,64,0,5,0,113.449,93,8189,5,0,189,5,17.6351,938,350,1586,0,12,2812204318
666,7.75547,88,0,10,0,125.849,94,8191,10,0,167,10,13.4185,948,360,1596,0,12,2817021998
492,5.72933,27,0,102,0,48.324,27,8189,65,0,130,6,12.8594,1013,366,1698,0,13,2858286648
521,6.06726,28,0,50,0,44.726,28,8189,50,0,216,2,13.8844,1063,368,1748,0,14,2794144710
572,6.66104,37,0,1,0,51.113,37,8189,1,0,271,1,13.3253,1064,369,1749,0,14,2772459270
636,7.40651,44,0,0,0,70.61,44,8189,0,0,322,0,11.648,1064,369,1749,0,14,2812956004
651,7.58129,50,0,1,0,65.796,51,8189,1,0,306,1,13.8262,1065,370,1750,0,14,2799129160
634,7.38282,53,0,5,0,57.277,55,8191,5,0,243,5,14.5134,1070,375,1755,0,14,2767087820
665,7.74367,57,0,3,0,75.689,60,8191,3,0,256,3,12.3352,1073,378,1758,0,14,2785171536
483,5.6244,20,0,66,0,54.71,20,8189,66,0,146,4,13.2438,1139,382,1824,0,15,2806561534
595,6.92828,39,0,0,0,50.77,39,8189,0,0,293,0,14.1174,1139,382,1824,0,15,2810322886
527,6.13677,22,0,44,0,34.47,22,8189,44,0,236,1,14.7114,1183,383,1868,0,16,2778937630
546,6.35803,32,0,0,0,34.928,32,8191,0,0,275,0,14.3387,1183,383,1868,0,16,2763763212
574,6.68401,39,0,2,0,60.102,39,8189,2,0,270,2,13.5117,1185,385,1870,0,16,2741473742
514,5.98559,6,0,45,0,59.967,6,8189,45,0,215,1,12.4284,1230,386,1915,0,17,2847883346
542,6.31137,31,0,0,0,44.862,31,8189,0,0,267,0,12.5565,1230,386,1915,0,17,2839671380
507,5.90393,38,0,2,0,40.878,38,8189,2,0,229,2,15.5617,1232,388,1917,0,17,2597754908
617,7.18505,45,0,0,0,68.54,45,8189,0,0,311,0,13.4884,1232,388,1917,0,17,2930376806
613,7.13872,50,0,4,0,61.6,50,8190,4,0,245,4,12.3352,1236,392,1921,0,17,2698630186
460,5.35659,31,0,50,0,62.121,31,8189,50,0,201,0,12.3003,1286,392,1971,0,18,2939241634
590,6.8705,39,0,0,0,52.679,39,8189,0,0,296,0,15.154,1286,392,1971,0,18,2794891184
653,7.60371,46,0,2,0,62.876,46,8189,2,0,309,2,16.8081,1288,394,1973,0,18,2776366564
428,4.98396,27,0,48,0,59.886,27,8189,48,0,163,1,15.5967,1336,395,2021,0,19,2818714318
585,6.81223,36,0,0,0,42.223,36,8189,0,0,296,0,13.4651,1336,395,2021,0,19,2773478106
698,8.12833,45,0,0,0,66.552,45,8189,0,0,352,0,15.6666,1336,395,2021,0,19,2808282624
665,7.74391,51,0,1,0,64.738,51,8191,1,0,312,1,15.2239,1337,396,2022,0,19,2675826118
623,7.25498,55,0,4,0,57.913,55,8189,4,0,216,4,14.3037,1341,400,2026,0,19,2903321176
647,7.53493,59,0,7,0,58.732,59,8189,7,0,241,7,14.7347,1348,407,2033,0,19,2820409242
493,5.74102,6,0,64,0,87.558,6,8190,60,0,220,1,17.3788,1408,408,2097,0,20,2771100318
578,6.73069,38,0,0,0,51.109,38,8189,0,0,279,0,14.1057,1408,408,2097,0,20,2808708700
635,7.39504,45,0,2,0,69.039,45,8189,2,0,280,2,11.9741,1410,410,2099,0,20,2807324338
679,7.90685,51,0,2,0,56.988,51,8191,2,0,296,2,15.1424,1412,412,2101,0,20,2778857634
572,6.66143,56,0,1,0,90.965,56,8189,1,0,263,1,18.3805,1413,413,2102,0,20,2793906094
600,6.98722,54,0,1,0,91.968,60,8189,1,0,278,1,15.7947,1414,414,2103,0,20,2773361584
657,7.65108,65,0,2,0,97.118,65,8189,2,0,271,2,12.9759,1416,416,2105,0,20,2793216552
646,7.52305,67,0,3,0,105.449,69,8189,2,0,268,3,9.78432,1418,419,2108,0,20,2766222274
416,4.84466,35,0,70,0,43.337,35,8189,61,0,133,1,11.6364,1479,420,2178,0,21,2856150384
594,6.91683,42,0,1,0,51.325,42,8189,1,0,280,1,14.0475,1480,421,2179,0,21,2793191898
691,8.04659,49,0,1,0,60.942,49,8143,1,0,323,1,17.2973,1481,422,2180,0,21,2703388660
642,7.476,55,0,1,0,76.724,55,8137,1,0,299,1,16.5169,1482,423,2181,0,21,2760736132
668,7.77879,54,0,3,0,73.226,60,8191,3,0,286,3,15.9694,1485,426,2184,0,21,2903231254
569,6.62604,60,0,4,0,88.948,63,8189,4,0,197,4,15.8413,1489,430,2188,0,21,2775599946
710,8.267,68,0,3,0,98.332,68,8189,3,0,296,3,16.4819,1492,433,2191,0,21,2833744886
584,6.8005,70,0,3,0,88.327,70,8189,3,0,178,3,18.6601,1495,436,2194,0,21,2766930740
715,8.32603,63,0,4,0,97.754,74,8189,4,0,295,4,15.5967,1499,440,2198,0,21,2745594656
543,6.32316,38,0,78,0,70.658,38,8189,70,0,183,3,15.3987,1569,443,2276,0,22,2855939744
608,7.08009,45,0,1,0,52.446,45,8189,1,0,289,1,17.4021,1570,444,2277,0,22,2789763956
646,7.52255,51,0,1,0,68.707,51,8190,1,0,304,1,16.2024,1571,445,2278,0,22,2776412870
692,8.05795,56,0,4,0,87.898,56,8190,4,0,272,4,16.6683,1575,449,2282,0,22,2813763764
628,7.31268,58,0,2,0,70.223,60,8189,2,0,238,2,15.6666,1577,451,2284,0,22,2812787124
698,8.12869,65,0,2,0,71.522,65,8189,2,0,288,2,14.5949,1579,453,2286,0,22,2780029380
609,7.09184,68,0,4,0,83.673,68,8189,4,0,227,4,16.7382,1583,457,2290,0,22,2532267736
617,7.18503,69,0,2,0,92.928,72,8189,2,0,243,2,14.7464,1585,459,2292,0,22,3068174844
557,6.4866,37,0,75,0,59.302,37,8189,72,0,199,2,13.7446,1657,461,2367,0,23,2796208170
604,7.03382,44,0,1,0,60.289,44,8189,1,0,286,1,12.6148,1658,462,2368,0,23,2792322932
620,7.21992,51,0,0,0,49.887,51,8189,0,0,313,0,16.4586,1658,462,2368,0,23,2785798568
661,7.6976,55,0,2,0,75.662,56,8189,2,0,286,2,19.3007,1660,464,2370,0,23,2801136478
561,6.53284,60,0,4,0,72.624,60,8190,4,0,205,4,16.9711,1664,468,2374,0,23,2647424148
477,5.55474,31,0,63,0,70.515,31,8191,44,0,153,2,16.1092,1708,470,2437,0,24,2934656622
597,6.95206,39,0,0,0,55.33,39,8191,0,0,300,0,16.3771,1708,470,2437,0,24,2792895980
585,6.81219,46,0,1,0,50.509,46,8189,1,0,272,1,13.5932,1709,471,2438,0,24,2773715140
483,5.62439,24,0,50,0,59.099,24,8189,50,0,211,1,17.8331,1759,472,2488,0,25,2815495564
537,6.25325,33,0,0,0,39.969,33,8189,0,0,268,0,13.931,1759,472,2488,0,25,2761876152
536,6.24163,3,0,41,0,58.145,3,8152,41,0,234,2,11.3917,1800,474,2529,0,26,2764366668
422,4.91415,27,0,0,0,42.577,27,8189,0,0,204,0,11.3917,1800,474,2529,0,26,2798452818
610,7.10388,36,0,0,0,49.516,36,8189,0,0,307,0,12.3702,1800,474,2529,0,26,2861625222
648,7.54649,44,0,0,0,47.923,44,8189,0,0,326,0,12.8477,1800,474,2529,0,26,2781158202
551,6.41664,49,0,2,0,94.065,49,8189,2,0,240,2,14.956,1802,476,2531,0,26,2777398920
643,7.48794,55,0,3,0,67.526,55,8190,3,0,280,3,16.5402,1805,479,2534,0,26,2768999310
624,7.26675,58,0,3,0,78.422,58,8189,3,0,210,3,18.9629,1808,482,2537,0,26,2792441932
649,7.55801,61,0,1,0,67.719,63,8189,1,0,297,1,13.7446,1809,483,2538,0,26,2838841712
466,5.42659,33,0,66,0,42.29,33,8191,62,0,158,2,12.8361,1871,485,2604,0,27,2776796204
603,7.02228,40,0,2,0,50.227,40,8189,2,0,273,2,17.0177,1873,487,2606,0,27,2823634212
604,7.03354,47,0,1,0,60.277,47,8189,1,0,285,1,17.9263,1874,488,2607,0,27,2787611400
595,6.92862,52,0,3,0,64.198,52,8189,3,0,234,3,16.8663,1877,491,2610,0,27,2777479138
678,7.89514,57,0,1,0,69.116,57,8189,1,0,315,1,15.3404,1878,492,2611,0,27,2788183734
474,5.51966,30,0,61,0,31.575,30,8191,60,0,169,2,15.6782,1938,494,2672,0,28,2675332520
587,6.83551,39,0,0,0,54.392,39,8189,0,0,296,0,13.7213,1938,494,2672,0,28,2938069652
565,6.57932,45,0,1,0,53.019,45,8189,1,0,269,1,10.7628,1939,495,2673,0,28,2782273746
613,7.1382,50,0,2,0,56.81,50,8189,2,0,263,2,10.1221,1941,497,2675,0,28,2754685178
524,6.10213,3,0,60,0,78.542,3,8190,57,0,214,2,14.5949,1998,499,2735,0,30,2798440680
152,1.77027,12,0,3,0,33.212,12,8189,3,0,77,0,16.0509,2001,499,2738,0,31,2624404384
287,3.3423,21,0,0,0,47.51,21,8191,0,0,147,0,17.5069,2001,499,2738,0,31,2962354738
478,5.56666,30,0,0,0,69.03,30,8189,0,0,242,0,15.0376,2001,499,2738,0,31,2846251450
528,6.14877,38,0,0,0,49.144,38,8189,0,0,266,0,13.6165,2001,499,2738,0,31,2730973784
600,6.98718,45,0,0,0,56.089,45,8189,0,0,304,0,16.3771,2001,499,2738,0,31,2820531280
651,7.58077,52,0,0,0,72.475,52,8189,0,0,327,0,15.5617,2001,499,2738,0,31,2808671096
560,6.52102,56,0,6,0,77.942,56,8190,6,0,206,6,14.1756,2007,505,2744,0,31,2724007034
625,7.27798,60,0,3,0,71.624,60,8189,3,0,231,3,15.0492,2010,508,2747,0,31,2678626426
611,7.11493,59,0,2,0,99.473,63,8189,2,0,224,2,14.3387,2012,510,2749,0,31,2978416826
662,7.70888,65,0,4,0,59.12,67,8189,4,0,250,4,14.0009,2016,514,2753,0,31,2775886526
526,6.12513,62,0,4,0,88.785,69,8189,4,0,139,4,12.1139,2020,518,2757,0,31,2815156246
621,7.23138,69,0,5,0,85.684,72,8189,5,0,209,5,14.2222,2025,523,2762,0,31,2779101892
612,7.12659,75,0,6,0,81.163,75,8191,6,0,202,6,12.5915,2031,529,2768,0,31,2605360256
635,7.39447,68,0,4,0,96.261,77,8189,4,0,178,4,12.0557,2035,533,2772,0,31,2967984500
634,7.38287,70,0,4,0,90.767,80,8190,4,0,210,4,13.0924,2039,537,2776,0,31,2833353202
619,7.20819,15,0,85,0,71.808,15,8189,82,0,160,4,14.327,2121,541,2861,0,32,2782731034
591,6.88251,46,0,1,0,66.026,46,8189,1,0,265,1,16.2257,2122,542,2862,0,32,2709349328
514,5.98571,25,0,50,0,42.779,25,8189,50,0,225,1,16.878,2172,543,2912,0,33,2902824064
532,6.19528,34,0,0,0,56.492,34,8189,0,0,267,0,16.016,2172,543,2912,0,33,2775617712
501,5.8342,40,0,1,0,62.106,40,8151,1,0,236,1,13.8961,2173,544,2913,0,33,2745224720
589,6.85889,47,0,3,0,83.395,47,8166,3,0,275,3,13.4301,2176,547,2916,0,33,2821501424
616,7.17322,52,0,2,0,77.937,52,8189,2,0,265,2,14.3736,2178,549,2918,0,33,2819540794
617,7.18477,56,0,5,0,83.245,56,8135,5,0,209,5,15.8995,2183,554,2923,0,33,2805646452
413,4.80928,31,0,58,0,49.742,31,8189,58,0,167,1,13.8611,2241,555,2981,0,34,2792538098
588,6.84697,39,0,0,0,62.461,39,8189,0,0,297,0,13.3137,2241,555,2981,0,34,2801396024
591,6.88208,46,0,1,0,67.384,46,8191,1,0,279,1,18.3223,2242,556,2982,0,34,2781851002
618,7.19648,51,0,3,0,61.632,51,8189,3,0,266,3,13.9077,2245,559,2985,0,34,2671348302
639,7.441,56,0,2,0,69.453,56,8189,2,0,273,2,12.9875,2247,561,2987,0,34,2867359670
576,6.70728,58,0,4,0,74.293,60,8189,4,0,215,4,15.0143,2251,565,2991,0,34,2814493976
448,5.21689,32,0,63,0,59.637,32,8191,63,0,158,2,14.8396,2314,567,3054,0,35,2826858944
551,6.41642,39,0,1,0,45.385,39,8191,1,0,263,1,14.4901,2315,568,3055,0,35,2799138608
561,6.53286,45,0,1,0,73.896,45,8189,1,0,261,1,13.0691,2316,569,3056,0,35,2786836164
649,7.55796,51,0,2,0,66.808,51,8187,2,0,309,2,13.1156,2318,571,3058,0,35,2753567810
602,7.00898,56,0,2,0,94.372,56,8135,2,0,229,2,12.1023,2320,573,3060,0,35,2808061760
602,7.01033,60,0,3,0,72.101,60,8189,3,0,248,3,14.0708,2323,576,3063,0,35,2679633096
564,6.56805,35,0,60,0,50.085,36,8190,60,0,239,0,17.4836,2383,576,3123,0,36,2950788050
578,6.7306,43,0,1,0,52.68,43,8190,1,0,277,1,17.3206,2384,577,3124,0,36,2786784028
607,7.06885,48,0,2,0,74.039,49,8189,2,0,272,2,14.8046,2386,579,3126,0,36,2800071876
607,7.06851,53,0,4,0,68.873,53,8191,4,0,211,4,11.5082,2390,583,3130,0,36,2770157362
657,7.65069,57,0,3,0,68.61,57,8189,3,0,249,3,12.8128,2393,586,3133,0,36,2815014006
628,7.3128,58,0,2,0,77.797,62,8189,2,0,262,2,14.4552,2395,588,3135,0,36,2792196050
495,5.76405,32,0,67,0,57.448,32,8189,67,0,174,4,14.0358,2462,592,3202,0,37,2799128346
512,5.96212,39,0,0,0,44.892,39,8189,0,0,258,0,13.8611,2462,592,3202,0,37,2790558036
524,6.10189,45,0,1,0,51.37,45,8189,1,0,248,1,16.4353,2463,593,3203,0,37,2718447354
665,7.74389,51,0,2,0,59.365,51,8191,2,0,291,2,17.3206,2465,595,3205,0,37,2873905683
700,8.15152,58,0,0,0,77.31,58,8189,0,0,352,0,23.2844,2465,595,3205,0,37,2777487099
616,7.1734,60,0,2,0,89.623,62,8191,2,0,262,2,20.1044,2467,597,3207,0,37,2787662500
641,7.4647,60,0,2,0,100.366,66,8189,2,0,267,2,20.5238,2469,599,3209,0,37,2805225682
624,7.26663,57,0,6,0,80.125,69,8185,6,0,189,6,17.0294,2475,605,3215,0,37,2709165410
545,6.3464,38,0,71,0,50.835,38,8189,64,0,226,2,11.1238,2539,607,3286,0,38,2864665608
622,7.24309,45,0,1,0,47.113,45,8189,1,0,293,1,10.4599,2540,608,3287,0,38,2809474794
594,6.91695,50,0,4,0,70.599,50,8189,4,0,253,4,14.793,2544,612,3291,0,38,2731681428
527,6.13704,54,0,2,0,64.049,54,8190,2,0,219,2,16.8197,2546,614,3293,0,38,2750280596
514,5.98566,29,0,58,0,38.618,29,8189,58,0,199,1,14.9793,2604,615,3351,0,39,2880454794
545,6.34644,36,0,1,0,47.566,36,8189,1,0,257,1,15.0376,2605,616,3352,0,39,2811678464
676,7.86915,45,0,0,0,57.107,45,8189,0,0,338,0,16.0044,2605,616,3352,0,39,2802636270
573,6.67244,50,0,2,0,69.348,50,8189,2,0,268,2,15.6782,2607,618,3354,0,39,2776497038
663,7.7212,56,0,2,0,78.089,56,8189,2,0,291,2,17.1575,2609,620,3356,0,39,2821427966
488,5.68261,29,0,60,0,41.854,29,8189,60,0,181,2,14.0591,2669,622,3416,0,40,2786477484
645,7.5111,39,0,0,0,65.543,39,8189,0,0,323,0,12.9992,2669,622,3416,0,40,2733033142
590,6.87078,45,0,2,0,62.175,45,8155,2,0,278,2,11.9276,2671,624,3418,0,40,2841982976
682,7.94215,51,0,2,0,61.624,52,8189,2,0,314,2,13.931,2673,626,3420,0,40,2815266048
612,7.12693,56,0,2,0,61.709,56,8189,2,0,261,2,13.302,2675,628,3422,0,40,2778824188
516,6.00878,14,0,63,0,62.397,14,8189,63,0,146,4,11.9392,2738,632,3485,0,41,2776491648
524,6.10188,36,0,0,0,44.03,36,8189,0,0,258,0,11.252,2738,632,3485,0,41,2811291630
571,6.64956,43,0,0,0,74.357,43,8189,0,0,288,0,10.9375,2738,632,3485,0,41,2810208478
610,7.10339,49,0,2,0,72.808,49,8189,2,0,263,2,10.0639,2740,634,3487,0,41,2742302374
669,7.79042,54,0,2,0,74,54,8190,2,0,288,2,12.3935,2742,636,3489,0,41,2816454606
544,6.33482,20,0,61,0,53.469,20,8187,61,0,212,3,15.0609,2803,639,3550,0,42,2821713146
623,7.25195,36,0,0,0,51.657,37,8189,0,0,309,0,14.0125,2803,639,3550,0,42,2798365150
634,7.37581,45,0,1,0,57.149,45,8189,1,0,299,1,12.51,2804,640,3551,0,42,2783828334
627,7.30176,51,0,1,0,53.824,51,8189,1,0,295,1,13.3603,2805,641,3552,0,42,2785375348
493,5.7413,28,0,54,0,42.168,28,8191,54,0,212,1,15.2239,2859,642,3606,0,43,2797816182
599,6.97534,37,0,0,0,67.088,37,8190,0,0,304,0,16.8896,2859,642,3606,0,43,2788911146
681,7.93005,45,0,2,0,45.698,45,8189,2,0,307,2,17.9146,2861,644,3608,0,43,2794137696
627,7.30138,50,0,1,0,73.435,51,8189,1,0,295,1,18.8814,2862,645,3609,0,43,2787325504
404,4.70455,29,0,52,0,60.01,29,8189,52,0,166,1,16.8663,2914,646,3661,0,44,2790461452
603,7.0224,38,0,0,0,66.679,38,8189,0,0,302,0,18.4854,2914,646,3661,0,44,2827939856
618,7.19654,44,0,2,0,61.028,44,8189,2,0,272,2,12.1955,2916,648,3663,0,44,2774130828
692,8.05823,51,0,1,0,71.471,51,8189,1,0,328,1,12.5915,2917,649,3664,0,44,2784424370
619,7.20808,56,0,2,0,84.236,56,8189,2,0,264,2,15.7947,2919,651,3666,0,44,2783915638
536,6.24147,59,0,4,0,80.361,59,8189,4,0,186,4,15.8646,2923,655,3670,0,44,2654832516
436,5.07675,32,0,62,0,41.468,32,8189,62,0,148,2,15.6782,2985,657,3732,0,45,2942906582
642,7.47596,41,0,0,0,51.877,41,8189,0,0,323,0,14.6299,2985,657,3732,0,45,2808866032
663,7.72055,48,0,3,0,55.513,48,8189,3,0,291,3,15.5617,2988,660,3735,0,45,2781240798
450,5.24002,8,0,54,0,75.281,8,8190,54,0,156,3,15.154,3042,663,3789,0,46,2804118702
480,5.5897,32,0,0,0,84.042,32,8191,0,0,236,0,12.1605,3042,663,3789,0,46,2809217334
600,6.98691,40,0,0,0,57.709,40,8189,0,0,302,0,12.1489,3042,663,3789,0,46,2780478960
637,7.41794,47,0,0,0,58.518,47,8189,0,0,318,0,12.3935,3042,663,3789,0,46,2805789392
669,7.79037,54,0,1,0,68.711,54,8189,1,0,314,1,12.4401,3043,664,3790,0,46,2714221552
731,8.51256,59,0,4,0,72.965,59,8190,4,0,318,4,16.4586,3047,668,3794,0,46,2859234000
602,7.01039,63,0,4,0,76.468,63,8189,4,0,217,4,15.0725,3051,672,3798,0,46,2620973636
639,7.44061,57,0,5,0,106.913,66,8177,5,0,236,5,15.8995,3056,677,3803,0,46,2914430924
615,7.16146,63,0,6,0,85.791,69,8189,6,0,208,6,14.5716,3062,683,3809,0,46,2841403796
558,6.49821,36,0,75,0,36.968,36,8191,61,0,198,3,12.8128,3123,686,3884,0,47,2822459108
622,7.24319,44,0,0,0,52.52,44,8189,0,0,315,0,13.9543,3123,686,3884,0,47,2724658160
587,6.83543,50,0,0,0,59.715,50,8189,0,0,296,0,13.1389,3123,686,3884,0,47,2814796012
543,6.32281,55,0,1,0,67.433,55,8189,1,0,252,1,14.4901,3124,687,3885,0,47,2814485716
530,6.17177,58,0,6,0,74.153,58,8191,6,0,187,6,15.8063,3130,693,3891,0,47,2821871276
663,7.72051,62,0,6,0,59.352,62,8191,6,0,234,6,13.7912,3136,699,3897,0,47,2791500948
651,7.58141,63,0,3,0,80.932,66,8189,3,0,245,3,15.9811,3139,702,3900,0,47,2774516922
632,7.35961,59,0,6,0,83.382,68,8189,6,0,196,6,16.2024,3145,708,3906,0,47,2678971162
685,7.97723,72,0,3,0,85.978,72,8191,3,0,270,3,15.585,3148,711,3909,0,47,2910220628
560,6.5213,75,0,5,0,101.338,75,8191,5,0,179,5,13.0574,3153,716,3914,0,47,2740763452
696,8.10477,72,0,2,0,92.944,78,8191,2,0,282,2,12.3935,3155,718,3916,0,47,2801018808
641,7.4645,75,0,3,0,96.431,81,8189,3,0,245,3,18.1243,3158,721,3919,0,47,2817875984
688,8.0116,60,0,5,0,96.083,84,8189,5,0,240,5,14.4552,3163,726,3924,0,47,2778269956
599,6.97544,58,0,6,0,86.83,86,8191,6,0,167,6,13.3253,3169,732,3930,0,47,2756652192
654,7.61528,60,0,6,0,85.619,89,8189,6,0,217,6,15.2006,3175,738,3936,0,47,2874229974
682,7.94246,90,0,5,0,111.431,91,8189,5,0,242,5,16.0393,3180,743,3941,0,47,2811294248
608,7.08009,93,0,6,0,87.671,93,8190,6,0,173,6,15.9461,3186,749,3947,0,47,2695497112
707,8.2327,88,0,5,0,113.286,96,8189,5,0,215,5,12.242,3191,754,3952,0,47,2846680298
605,7.04508,98,0,6,0,113.672,98,8190,6,0,205,6,11.5665,3197,760,3958,0,47,2771897842
607,7.06842,99,0,4,0,122.998,99,8190,4,0,146,4,14.327,3201,764,3962,0,47,2622090912
697,8.11671,78,0,5,0,97.997,101,8110,5,0,163,5,16.0509,3206,769,3967,0,47,2994044970
692,8.05884,74,0,3,0,130.856,103,8189,3,0,254,3,16.3771,3209,772,3970,0,47,2839527194
656,7.63916,97,0,4,0,62.457,105,8189,4,0,188,4,16.2839,3213,776,3974,0,47,2691239572
715,8.3265,100,0,5,0,95.655,107,8189,5,0,207,5,17.2973,3218,781,3979,0,47,2785409326
633,7.37161,55,0,110,0,87.304,56,8189,38,0,258,3,17.7516,3256,784,4089,0,48,2901816890
648,7.54627,60,0,6,0,75.683,60,8189,6,0,231,6,13.5583,3262,790,4095,0,48,2774903376
561,6.53277,63,0,4,0,65.308,63,8189,4,0,200,4,10.2735,3266,794,4099,0,48,2720908134
643,7.4855,58,0,4,0,95.169,66,8125,4,0,203,4,15.9578,3270,798,4103,0,48,2803035830
622,7.24177,70,0,5,0,87.987,70,8191,5,0,246,5,14.1057,3275,803,4108,0,48,2695958874
680,7.91833,54,0,5,0,84.153,73,8189,4,0,215,5,12.9875,3279,808,4113,0,48,2952370428
642,7.47597,76,0,2,0,101.737,76,8189,3,0,218,2,14.6881,3282,810,4115,0,48,2803926300
687,8.00069,79,0,3,0,100.773,79,8189,3,0,283,3,13.5699,3285,813,4118,0,48,2807750722
621,7.23185,82,0,1,0,120.894,83,8189,1,0,275,1,15.0026,3286,814,4119,0,48,2741612510
637,7.41777,84,0,5,0,116.849,85,8191,5,0,221,5,14.3037,3291,819,4124,0,48,2840620076
462,5.37992,20,0,89,0,63.419,20,8189,60,0,158,2,14.8628,3351,821,4213,0,49,2783536042
614,7.15,49,0,1,0,65.439,49,8190,1,0,300,1,14.6066,3352,822,4214,0,49,2650743858
581,6.76567,53,0,2,0,66.449,53,8189,2,0,222,2,15.2705,3354,824,4216,0,49,2954398874
548,6.38176,57,0,3,0,72.886,57,8189,3,0,204,3,13.6515,3357,827,4219,0,49,2736089146
540,6.28854,24,0,62,0,54.295,24,8189,62,0,205,2,15.2123,3419,829,4281,0,50,2854120668
554,6.45151,33,0,0,0,62.996,38,8189,0,0,279,0,15.0609,3419,829,4281,0,50,2798395026
648,7.54631,44,0,2,0,55.66,44,8189,2,0,289,2,12.5565,3421,831,4283,0,50,2793818265
661,7.69783,47,0,2,0,53.656,51,8189,2,0,293,2,12.4284,3423,833,4285,0,50,2794144689
483,5.6247,30,0,53,0,64.967,30,8191,53,0,204,1,13.4418,3476,834,4338,0,51,2708752102
618,7.19648,39,0,0,0,70.916,39,8189,0,0,312,0,14.6998,3476,834,4338,0,51,2871528576
548,6.38129,45,0,46,0,72.028,2,8185,46,0,254,1,16.7731,3522,835,4384,0,52,2441767062
453,5.2751,29,0,0,0,32.17,29,8189,0,0,218,0,15.3404,3522,835,4384,0,52,3049451986
579,6.74236,38,0,0,0,61.315,38,8189,0,0,293,0,11.0423,3522,835,4384,0,52,2877553938
594,6.91695,44,0,2,0,68.795,44,8148,2,0,260,2,12.7662,3524,837,4386,0,52,2712768352
649,7.55755,51,0,0,0,72.416,51,8190,0,0,329,0,16.9711,3524,837,4386,0,52,2750069182
624,7.2664,56,0,2,0,68.396,56,8190,2,0,287,2,19.8598,3526,839,4388,0,52,2899153138
543,6.32315,31,0,59,0,54.336,31,8189,59,0,204,1,15.8296,3585,840,4447,0,53,2832637318
548,6.38157,39,0,0,0,59.557,39,8189,0,0,274,0,12.6847,3585,840,4447,0,53,2798397406
634,7.38299,46,0,1,0,72.989,46,8189,1,0,295,1,13.7213,3586,841,4448,0,53,2789143056
584,6.80043,51,0,3,0,71.364,51,8191,3,0,250,3,13.1855,3589,844,4451,0,53,2729495552
681,7.93008,54,0,3,0,62.911,56,8189,3,0,271,3,11.5898,3592,847,4454,0,53,2829593228
516,6.00884,29,0,61,0,56.997,29,8189,61,0,167,3,14.5134,3653,850,4515,0,54,2811924444
647,7.53452,38,0,0,0,44.319,38,8189,0,0,325,0,15.4103,3653,850,4515,0,54,2796468570
547,6.36972,22,0,45,0,41.943,22,8189,45,0,245,1,16.6217,3698,851,4560,0,55,2792585124
514,5.98541,31,0,0,0,40.53,31,8189,0,0,261,0,15.7947,3698,851,4560,0,55,2794265880
547,6.37012,39,0,0,0,60.741,39,8189,0,0,273,0,13.6049,3698,851,4560,0,55,2810596502
698,8.12799,47,0,1,0,52.38,47,8147,1,0,333,1,15.585,3699,852,4561,0,55,2760674294
650,7.56911,52,0,2,0,68.075,52,8189,2,0,283,2,13.3137,3701,854,4563,0,55,2736844838
617,7.18488,57,0,3,0,70.687,57,8189,3,0,232,3,14.956,3704,857,4566,0,55,2861019280
640,7.45266,58,0,3,0,64.4,61,8189,3,0,240,3,12.9176,3707,860,4569,0,55,2745662010
671,7.81369,65,0,4,0,65.217,65,8190,4,0,277,4,14.6299,3711,864,4573,0,55,2834529222
683,7.95388,45,0,4,0,79.996,69,8191,4,0,238,4,13.4185,3715,868,4577,0,55,2827303108
596,6.9402,72,0,3,0,100.549,72,8191,3,0,218,3,15.7132,3718,871,4580,0,55,2790725196
600,6.98671,37,0,76,0,59.084,37,8189,67,0,192,3,13.9427,3785,874,4656,0,56,2769732448
679,7.90744,45,0,1,0,55.221,45,8189,1,0,322,1,16.4819,3786,875,4657,0,56,2789693718
619,7.20858,50,0,3,0,60.481,50,8189,3,0,272,3,17.8447,3789,878,4660,0,56,2774546782
636,7.4066,54,0,4,0,59.175,54,8189,4,0,200,4,14.0708,3793,882,4664,0,56,2832869498
537,6.25365,58,0,1,0,123.463,58,8189,1,0,245,1,17.1692,3794,883,4665,0,56,2804328754
542,6.31189,61,0,5,0,84.311,61,8191,5,0,187,5,16.5868,3799,888,4670,0,56,2790273262
651,7.58097,65,0,4,0,91.619,65,8189,4,0,238,4,16.0975,3803,892,4674,0,56,2790294360
443,5.15869,11,0,69,0,86.495,11,8189,61,0,127,2,15.2356,3864,894,4743,0,57,2795564506
576,6.70746,40,0,0,0,79.858,40,8189,0,0,278,0,15.5734,3864,894,4743,0,57,2761029026
645,7.51074,47,0,1,0,58.445,47,8189,1,0,309,1,18.2524,3865,895,4744,0,57,2835205254
601,6.99832,51,0,1,0,64.851,52,8189,1,0,279,1,17.5768,3866,896,4745,0,57,2755825954
632,7.35949,57,0,4,0,64.487,57,8189,4,0,245,4,14.1756,3870,900,4749,0,57,2746763950
564,6.56771,14,0,63,0,63.886,14,8189,63,0,199,3,13.8262,3933,903,4812,0,58,2800116634
572,6.66088,37,0,0,0,75.627,37,8189,0,0,279,0,16.1325,3933,903,4812,0,58,2870515564
643,7.48813,45,0,1,0,58.076,45,8189,1,0,303,1,16.1325,3934,904,4813,0,58,2738759576
563,6.55611,50,0,1,0,108.105,50,8189,1,0,262,1,13.535,3935,905,4814,0,58,2848437130
644,7.49914,55,0,3,0,75.796,55,8189,3,0,249,3,13.7097,3938,908,4817,0,58,2800693938
639,7.44157,59,0,2,0,89.869,59,8189,2,0,269,2,15.4918,3940,910,4819,0,58,2793750974
440,5.12412,34,0,61,0,57.092,34,8189,61,0,181,1,16.6566,4001,911,4880,0,59,2770973198
657,7.6514,42,0,0,0,61.344,42,8189,0,0,333,0,13.0691,4001,911,4880,0,59,2811985638
692,8.0588,50,0,1,0,71.819,50,8189,1,0,331,1,14.2804,4002,912,4881,0,59,2793444836
596,6.94038,54,0,4,0,67.778,54,8189,4,0,206,4,14.8628,4006,916,4885,0,59,2707257322
638,7.42948,58,0,5,0,84.993,58,8189,5,0,269,5,17.0876,4011,921,4890,0,59,2869952932
610,7.10341,62,0,3,0,90.28,62,8189,3,0,220,3,16.1791,4014,924,4893,0,59,2772179844
682,7.94236,64,0,5,0,72.205,65,8189,5,0,225,5,16.5402,4019,929,4898,0,59,2834671000
622,7.24314,69,0,3,0,78.179,69,8190,3,0,257,3,16.3538,4022,932,4901,0,59,2686814466
568,6.6143,67,0,3,0,68.325,71,8189,3,0,160,3,15.0492,4025,935,4904,0,59,2885703016
669,7.79043,69,0,4,0,96.372,75,8189,4,0,236,4,17.3905,4029,939,4908,0,59,2763165468
587,6.8354,76,0,4,0,78.605,77,8189,4,0,161,4,18.5203,4033,943,4912,0,59,2829810060
621,7.23138,78,0,3,0,108.373,80,8189,3,0,241,3,17.5302,4036,946,4915,0,59,2732204370
474,5.51967,82,0,5,0,99.905,82,8189,5,0,158,5,13.8029,4041,951,4920,0,59,2632660842
622,7.24311,59,0,2,0,111.786,84,8191,2,0,212,2,15.5501,4043,953,4922,0,59,3002417222
590,6.87015,86,0,6,0,79.869,86,8191,6,0,172,6,13.7213,4049,959,4928,0,59,2668109416
701,8.16321,85,0,7,0,99.021,88,8191,7,0,172,7,13.9892,4056,966,4935,0,59,2937441136
633,7.372,88,0,6,0,111.071,90,8189,6,0,160,6,15.9112,4062,972,4941,0,59,2794363082
638,7.42989,79,0,2,0,111.696,93,8189,2,0,244,2,16.878,4064,974,4943,0,59,2696404592
723,8.41981,95,0,7,0,75.05,95,8191,7,0,207,7,13.3253,4071,981,4950,0,59,2901543680
670,7.80214,97,0,6,0,126.647,97,8189,6,0,203,6,13.4651,4077,987,4956,0,59,2725042376
677,7.88359,91,0,6,0,100.462,99,8189,6,0,159,6,15.7947,4083,993,4962,0,59,2838935778
659,7.67422,100,0,10,0,96.218,100,8191,10,0,177,10,16.4819,4093,1003,4972,0,59,2805669132
706,8.22112,97,0,16,0,98.034,102,8189,16,0,150,16,13.6282,4109,1019,4988,0,59,2719698576
650,7.5691,105,0,3,0,141.223,105,8189,3,0,275,3,14.7697,4112,1022,4991,0,59,2619655388
719,8.37262,99,0,4,0,117.008,106,8191,4,0,192,4,14.5716,4116,1026,4995,0,59,2925537874
717,8.34939,91,0,5,0,89.686,108,8189,5,0,218,5,13.733,4121,1031,5000,0,59,2898629048
705,8.20964,110,0,8,0,109.966,110,8189,8,0,223,8,15.8063,4129,1039,5008,0,59,2656710350
673,7.83715,111,0,9,0,108.406,111,8191,9,0,118,9,11.4383,4138,1048,5017,0,59,2845802246
443,5.15852,33,0,125,0,37.39,33,8189,72,0,44,13,11.6014,4210,1061,5142,0,60,2835526722
632,7.35951,58,0,6,0,90.252,59,8191,6,0,226,6,15.4336,4216,1067,5148,0,60,2814027412
503,5.85783,4,0,68,0,73.887,4,8189,65,0,162,3,13.7446,4281,1070,5216,0,62,2827085660
193,2.2473,14,0,0,0,35.997,14,8191,0,0,98,0,13.2321,4281,1070,5216,0,62,2749270006
493,5.74141,26,0,0,0,35.756,26,8189,0,0,247,0,14.2339,4281,1070,5216,0,62,2859187520
500,5.82286,34,0,0,0,64.913,34,8191,0,0,253,0,14.4552,4281,1070,5216,0,62,2793419986
549,6.39303,5,0,42,0,65.042,5,8189,42,0,253,1,16.7731,4323,1071,5258,0,63,2784387802
451,5.25036,25,0,0,0,80.243,28,8191,0,0,220,0,16.7615,4323,1071,5258,0,63,2806392484
584,6.80044,37,0,0,0,43.637,37,8189,0,0,295,0,14.2222,4323,1071,5258,0,63,2774095856
569,6.62592,44,0,1,0,48.731,44,8190,1,0,269,1,18.5087,4324,1072,5259,0,63,2807216314
537,6.25342,48,0,2,0,56.75,48,8191,2,0,228,2,19.324,4326,1074,5261,0,63,2787157884
665,7.74417,54,0,2,0,73.889,54,8189,2,0,285,2,13.5583,4328,1076,5263,0,63,2788416260
644,7.49174,58,0,3,0,70.249,58,8191,3,0,246,3,15.9461,4331,1079,5266,0,63,2793257460
679,7.90688,63,0,4,0,71.671,63,8191,4,0,310,4,13.7213,4335,1083,5270,0,63,2605171226
620,7.21979,66,0,5,0,92.638,67,8189,4,0,223,5,13.966,4339,1088,5275,0,63,2923673578
713,8.30336,71,0,4,0,92.938,71,8136,5,0,267,4,16.2839,4344,1092,5279,0,63,2834280526
716,8.33776,73,0,2,0,80.029,75,8189,2,0,321,2,16.878,4346,1094,5281,0,63,2810440178
674,7.8492,74,0,6,0,88.586,77,8189,6,0,191,6,17.3322,4352,1100,5287,0,63,2818766426
668,7.77991,76,0,3,0,96.941,80,8189,3,0,222,3,17.274,4355,1103,5290,0,63,2771502958
586,6.82393,57,0,5,0,109.014,82,8189,5,0,164,5,16.9245,4360,1108,5295,0,63,2715236524
614,7.14988,85,0,4,0,68.274,85,8190,4,0,256,4,16.3654,4364,1112,5299,0,63,2844776802
683,7.95344,85,0,4,0,99.336,88,8189,4,0,222,4,17.7283,4368,1116,5303,0,63,2836631266
705,8.20965,90,0,4,0,96.534,90,8191,4,0,235,4,17.1342,4372,1120,5307,0,63,2763481798
611,7.11501,79,0,4,0,75.077,93,8191,4,0,187,4,16.9595,4376,1124,5311,0,63,2806196246
603,7.02202,94,0,4,0,96.048,94,8190,4,0,173,4,16.0044,4380,1128,5315,0,63,2685234146
709,8.25623,61,0,4,0,103.771,97,8189,4,0,207,4,18.4854,4384,1132,5319,0,63,2923751992
667,7.76769,81,0,4,0,138.657,99,8189,4,0,195,4,17.076,4388,1136,5323,0,63,2780464204
624,7.26688,100,0,7,0,137.556,100,8190,7,0,194,7,15.2822,4395,1143,5330,0,63,2712020430
719,8.37267,103,0,6,0,90.574,103,8190,6,0,230,6,17.0061,4401,1149,5336,0,63,2735878474
556,6.47313,13,0,107,0,92.651,13,8189,106,0,114,4,12.7313,4507,1153,5443,0,64,2925921460
570,6.63803,55,0,2,0,77.38,55,8189,2,0,243,2,12.8012,4509,1155,5445,0,64,2733808812
668,7.77859,58,0,3,0,72.747,60,8131,3,0,256,3,18.2408,4512,1158,5448,0,64,2741063360
629,7.32499,60,0,4,0,75.064,63,8189,4,0,232,4,15.62,4516,1162,5452,0,64,2927528938
700,8.15186,68,0,3,0,75.782,68,8191,3,0,290,3,15.0026,4519,1165,5455,0,64,2795216790
672,7.82528,70,0,4,0,82.882,71,8189,4,0,241,4,17.5885,4523,1169,5459,0,64,2770512710
660,7.68564,74,0,4,0,100.585,74,8189,4,0,230,4,15.0725,4527,1173,5463,0,64,2803521442
597,6.95198,77,0,7,0,95.61,77,8163,7,0,212,7,12.277,4534,1180,5470,0,64,2812384042
634,7.38269,78,0,3,0,103.366,80,8191,3,0,222,3,12.5332,4537,1183,5473,0,64,2717583708
582,6.77727,82,0,5,0,105.792,82,8190,5,0,175,5,17.2623,4542,1188,5478,0,64,2595598250
708,8.24455,75,0,4,0,92.739,85,8191,4,0,207,4,17.1109,4546,1192,5482,0,64,3030503476
623,7.25477,63,0,4,0,108.64,87,8189,4,0,202,4,18.4504,4550,1196,5486,0,64,2796589026
663,7.72098,85,0,5,0,91.25,89,8189,5,0,177,5,18.6601,4555,1201,5491,0,64,2834903358
699,8.13961,88,0,6,0,111.928,91,8191,6,0,192,6,15.8995,4561,1207,5497,0,64,2746265718
669,7.79029,60,0,6,0,137.661,93,8101,6,0,222,6,14.2921,4567,1213,5503,0,64,2839781098
606,7.05684,69,0,5,0,82.467,95,8189,5,0,167,5,14.5833,4572,1218,5508,0,64,2776648420
678,7.89562,90,0,8,0,107.098,97,8189,8,0,138,8,16.3188,4580,1226,5516,0,64,2744810320
642,7.47639,96,0,5,0,81.919,98,8189,5,0,157,5,18.9047,4585,1231,5521,0,64,2843297450
616,7.17355,97,0,12,0,116.642,100,8191,12,0,139,12,16.9245,4597,1243,5533,0,64,2710804320
376,4.37879,50,0,111,0,51.591,50,8191,70,0,66,11,14.6066,4667,1254,5644,0,65,2887963050
605,7.04491,52,0,3,0,67.308,55,8191,3,0,259,3,17.8564,4670,1257,5647,0,65,2804611740
469,5.46139,32,0,56,0,47.878,32,8189,56,0,195,1,19.2192,4726,1258,5703,0,66,2775734724
634,7.38289,40,0,1,0,50.157,40,8189,1,0,301,1,14.3736,4727,1259,5704,0,66,2806053278
595,6.92862,47,0,0,0,57.331,47,8189,0,0,300,0,13.7213,4727,1259,5704,0,66,2792968934
532,6.19514,50,0,4,0,71.076,50,8191,4,0,177,4,13.9892,4731,1263,5708,0,66,2792028484
559,6.50934,55,0,3,0,86.372,55,8190,3,0,232,3,15.2006,4734,1266,5711,0,66,2620469754
671,7.8135,59,0,2,0,69.505,59,8191,2,0,257,2,13.6748,4736,1268,5713,0,66,2917189940
647,7.53418,64,0,2,0,99.482,64,8191,2,0,267,2,14.7114,4738,1270,5715,0,66,2854955236
424,4.93741,35,0,65,0,52.909,35,8191,65,0,168,1,15.3055,4803,1271,5780,0,67,2785283676
530,6.17196,41,0,1,0,72.525,41,8189,1,0,248,1,16.1674,4804,1272,5781,0,67,2714838266
619,7.20837,47,0,2,0,58.304,47,8189,2,0,267,2,13.1273,4806,1274,5783,0,67,2878510950
622,7.24317,52,0,2,0,90.965,52,8191,2,0,266,2,15.0492,4808,1276,5785,0,67,2790042766
635,7.39472,57,0,2,0,68.607,57,8189,2,0,271,2,16.645,4810,1278,5787,0,67,2766409772
670,7.80247,62,0,1,0,91.017,62,8189,1,0,311,1,15.8063,4811,1279,5788,0,67,2819690678
576,6.70766,58,0,4,0,88.181,66,8189,4,0,203,4,16.9129,4815,1283,5792,0,67,2734060000
621,7.23144,65,0,2,0,85.36,69,8189,2,0,248,2,14.1523,4817,1285,5794,0,67,2841308778
668,7.77924,69,0,5,0,81.722,73,8191,5,0,267,5,12.0906,4822,1290,5799,0,67,2821958580
510,5.93891,4,0,85,0,88.137,4,8191,69,0,154,6,14.7114,4891,1296,5884,0,69,2686264756
257,2.99277,16,0,0,0,38.797,16,8189,0,0,132,0,15.4103,4891,1296,5884,0,69,2901224410
515,5.99715,28,0,0,0,45.393,28,8191,0,0,260,0,12.5332,4891,1296,5884,0,69,2750098946
534,6.21874,36,0,0,0,68.164,36,8189,0,0,269,0,12.3585,4891,1296,5884,0,69,2836726368
639,7.44114,44,0,0,0,52.234,44,8191,0,0,323,0,15.8413,4891,1296,5884,0,69,2734824232
659,7.67388,51,0,1,0,63.878,51,8189,1,0,309,1,16.7265,4892,1297,5885,0,69,2773141098
511,5.95057,28,0,55,0,37.319,28,8189,55,0,196,2,15.4802,4947,1299,5940,0,70,2866156076
483,5.62436,35,0,0,0,44.265,35,8189,0,0,247,0,15.7947,4947,1299,5940,0,70,2778200950
576,6.70734,43,0,1,0,52.653,43,8189,1,0,290,1,15.6666,4948,1300,5941,0,70,2723246330
672,7.82512,50,0,1,0,69.465,50,8190,1,0,316,1,14.1407,4949,1301,5942,0,70,2716231448
484,5.63617,31,0,50,0,34.07,31,8189,50,0,209,0,13.7213,4999,1301,5992,0,71,2956910208
595,6.92917,39,0,1,0,51.415,39,8153,1,0,280,1,12.8594,5000,1302,5993,0,71,2807273546
561,6.53311,45,0,2,0,61.944,45,8191,2,0,245,2,14.5134,5002,1304,5995,0,71,2770966898
663,7.72069,52,0,0,0,59.761,52,8190,0,0,335,0,17.0294,5002,1304,5995,0,71,2767311050
648,7.54563,56,0,4,0,73.317,56,8189,4,0,252,4,17.9379,5006,1308,5999,0,71,2788985696
645,7.51092,61,0,3,0,88.83,61,8190,3,0,271,3,14.9211,5009,1311,6002,0,71,2807557088
618,7.19656,64,0,5,0,75.042,64,8190,5,0,193,5,17.5885,5014,1316,6007,0,71,2682576484
656,7.63898,67,0,4,0,87.647,67,8189,4,0,207,4,17.0643,5018,1320,6011,0,71,2771038844
598,6.96364,3,0,73,0,86.443,3,8121,62,0,184,3,15.0609,5080,1323,6084,0,72,2916192748
525,6.11346,40,0,0,0,52.843,40,8189,0,0,251,0,13.1622,5080,1323,6084,0,72,2831931256
614,7.14987,47,0,3,0,72.252,47,8189,3,0,273,3,11.2753,5083,1326,6087,0,72,2642383172
529,6.16051,16,0,52,0,50.361,16,8189,52,0,192,2,12.9409,5135,1328,6139,0,73,2963745524
533,6.20691,33,0,0,0,45.703,33,8189,0,0,267,0,12.5565,5135,1328,6139,0,73,2765429576
406,4.72779,15,0,54,0,33.755,15,8189,54,0,192,0,12.7313,5189,1328,6193,0,75,2759001308
448,5.21699,26,0,0,0,48.585,26,8190,0,0,225,0,11.6946,5189,1328,6193,0,75,2835385532
587,6.83498,35,0,0,0,47.548,35,8191,0,0,293,0,12.2071,5189,1328,6193,0,75,2773026060
619,7.20854,43,0,0,0,63.197,43,8189,0,0,312,0,15.3521,5189,1328,6193,0,75,2807274820
596,6.94064,49,0,2,0,85.3,49,8189,2,0,258,2,15.4569,5191,1330,6195,0,75,2741842936
607,7.06882,53,0,3,0,68.324,53,8191,3,0,236,3,16.6799,5194,1333,6198,0,75,2868682292
637,7.41779,57,0,5,0,71.592,57,8189,5,0,220,5,13.7213,5199,1338,6203,0,75,2740879904
662,7.70889,59,0,1,0,82.672,62,8189,1,0,280,1,16.2723,5200,1339,6204,0,75,2838830568
625,7.27787,65,0,6,0,74.771,65,8189,6,0,196,6,13.2787,5206,1345,6210,0,75,2810012688
665,7.74429,69,0,3,0,90.509,69,8190,3,0,276,3,12.079,5209,1348,6213,0,75,2795927778
628,7.31307,70,0,4,0,82.455,72,8191,4,0,197,4,14.6648,5213,1352,6217,0,75,2769962762
676,7.8719,65,0,5,0,76.256,75,8189,5,0,213,5,19.7783,5218,1357,6222,0,75,2789152324
638,7.42955,78,0,5,0,91.117,78,8191,5,0,243,5,16.878,5223,1362,6227,0,75,2718915444
669,7.79038,78,0,4,0,139.812,81,8191,4,0,231,4,14.5367,5227,1366,6231,0,75,2828803180
577,6.71898,82,0,3,0,94.528,83,8191,3,0,214,3,16.412,5230,1369,6234,0,75,2799624170
661,7.69754,69,0,7,0,87.839,85,8189,7,0,188,7,14.9793,5237,1376,6241,0,75,2833745936
737,8.58221,54,0,4,0,81.057,89,8187,4,0,295,4,14.362,5241,1380,6245,0,75,2803467422
669,7.79077,63,0,6,0,89.217,91,8189,6,0,172,6,11.3568,5247,1386,6251,0,75,2800702926
628,7.31371,93,0,4,0,107.223,93,8189,4,0,232,4,13.5816,5251,1390,6255,0,75,2408552636
705,8.21066,85,0,2,0,102.339,96,8189,2,0,230,2,17.5419,5253,1392,6257,0,75,3182898250
699,8.14013,90,0,3,0,125.092,98,8189,3,0,264,3,16.3188,5256,1395,6260,0,75,2798158482
720,8.38454,99,0,2,0,132.793,101,8189,2,0,270,2,16.7964,5258,1397,6262,0,75,2783189696
714,8.31502,89,0,4,0,101.602,103,8189,4,0,246,4,18.1476,5262,1401,6266,0,75,2808679314
712,8.29124,105,0,5,0,90.318,105,8190,5,0,206,5,18.0078,5267,1406,6271,0,75,2695063252
725,8.44324,86,0,4,0,75.46,107,8189,4,0,185,4,15.7364,5271,1410,6275,0,75,2890892410
655,7.62782,110,0,5,0,131.861,110,8189,5,0,270,5,15.0958,5276,1415,6280,0,75,2784242328
703,8.1863,90,0,5,0,122.223,112,8189,5,0,207,5,15.2938,5281,1420,6285,0,75,2798186244
651,7.58076,113,0,6,0,71.789,113,8191,6,0,134,6,14.3154,5287,1426,6291,0,75,2650082806
435,5.06552,57,0,113,0,79.747,57,8189,59,0,165,0,12.8361,5346,1426,6404,0,76,2915773910
555,6.46334,61,0,4,0,73.609,61,8189,4,0,197,4,15.5967,5350,1430,6408,0,76,2825030096
563,6.55615,63,0,4,0,65.006,63,8190,4,0,171,4,14.8279,5354,1434,6412,0,76,2684187618
661,7.69728,64,0,4,0,102.111,67,8189,4,0,213,4,11.8227,5358,1438,6416,0,76,2886492182
643,7.48743,54,0,4,0,71.537,70,8189,4,0,237,4,11.2287,5362,1442,6420,0,76,2758524216


