SendPacket,SendRate(Mb/s),FlightSize,ReceiveRate(Mb/s),Send Loss,Recv Loss,RTT(ms),CWnd,FlowWindow,Retrans,PktSndPeriod(us),RecvACK,RecvNAK,EstimatedBandwidth(Mb/s),Retrans_Total,NAK_TotalRecv,Total Send Loss,Total Recv Loss
1286,4.29885,214,0,1,0,117.422,528,8189,1,0,526,1,8.14234,1,1,1,0
1445,5.26968,142,0,1,0,294.15,1024,8189,1,0,496,1,9.1127,2,2,2,0
1716,6.25827,477,0,1,0,207.26,1610,8189,1,0,586,1,13.0015,3,3,3,0
1670,6.09076,374,0,0,0,120.734,2408,8189,0,0,798,0,11.2541,3,3,3,0
1398,5.09868,165,0,2,0,155.538,3052,8190,2,0,644,2,11.4219,5,5,5,0
1501,5.47398,185,0,1,0,113.767,3675,8189,1,0,623,1,11.8232,6,6,6,0
1713,6.24769,255,0,0,0,185.639,4439,8189,0,0,764,0,121.194,6,6,6,0
1475,5.37982,225,0,2,0,173.645,5024,8180,2,0,585,2,9.41914,8,8,8,0
1596,5.82074,151,0,3,0,101.718,5497,8189,3,0,473,3,9.51034,11,11,11,0
1668,6.08377,205,0,1,0,83.273,6227,8189,1,0,730,1,27.7175,12,12,12,0
1649,6.01449,315,0,0,0,111.127,7002,8189,0,0,775,0,8.82816,12,12,12,0
1597,5.82432,219,0,3,0,65.944,7602,8189,3,0,600,3,16.9887,15,15,15,0
1823,6.64869,279,0,1,0,137.766,8335,8187,1,0,733,1,11.918,16,16,16,0
1562,5.69687,136,0,2,0,71.77,8991,8189,2,0,656,2,10.426,18,18,18,0
1634,5.9594,130,0,1,0,66.364,9747,8189,1,0,756,1,13.4575,19,19,19,0
1708,6.22955,156,0,2,0,86.115,10439,8189,2,0,692,2,13.1219,21,21,21,0
1740,6.3461,95,0,1,0,97.909,11257,8189,1,0,818,1,11.7356,22,22,22,0
1434,5.23023,217,0,2,0,134.767,11782,8189,2,0,525,2,9.22944,24,24,24,0
1506,5.49245,101,0,3,0,92.087,12368,8189,3,0,586,3,8.10221,27,27,27,0
1638,5.97383,262,0,3,0,67.762,12803,8189,3,0,435,3,9.97363,30,30,30,0
1484,5.41243,155,0,1,0,97.39,13486,8189,1,0,683,1,10.2509,31,31,31,0
1467,5.35017,616,0,0,0,211.341,13963,8189,0,0,477,0,12.0639,31,31,31,0
1622,5.91583,204,0,2,0,120.835,14560,8189,2,0,597,2,8.95219,33,33,33,0
1572,5.73356,434,0,0,0,154.578,15234,8189,0,0,674,0,10.3786,33,33,33,0
1421,5.18265,97,0,1036,0,45.951,124,8189,118,0,257,0,9.3097,151,33,1069,0
1572,5.7337,458,0,0,0,158.797,518,8191,0,0,610,0,10.8273,151,33,1069,0
1640,5.98167,371,0,0,0,197.588,519,8187,0,0,697,0,8.90112,151,33,1069,0
1547,5.64248,124,0,3,0,163.543,520,8189,3,0,399,3,11.203,154,36,1072,0
1532,5.58774,169,0,1,0,61.975,521,8189,1,0,689,1,13.0343,155,37,1073,0
1590,5.79878,286,0,1,0,149.958,523,8189,1,0,655,1,19.0353,156,38,1074,0
1513,5.51807,136,0,1,0,43.283,524,8189,1,0,678,1,9.88608,157,39,1075,0
1263,4.60619,157,0,6,0,90.202,525,8189,6,0,339,6,10.8856,163,45,1081,0
1742,6.35308,331,0,1,0,114.545,526,8187,1,0,709,1,14.9896,164,46,1082,0
1696,6.18559,523,0,0,0,245.659,527,8189,0,0,739,0,14.1469,164,46,1082,0
1601,5.83882,137,0,2,0,80.835,529,8189,2,0,684,2,13.2824,166,48,1084,0
1659,6.05034,148,0,1,0,60.228,530,8191,1,0,733,1,12.0676,167,49,1085,0
1795,6.54638,110,0,1,0,42.13,532,8189,1,0,839,1,10.0429,168,50,1086,0
1566,5.71119,128,0,2,0,85.664,533,8189,2,0,591,2,12.841,170,52,1088,0
1670,6.09051,160,0,0,0,127.153,534,8189,0,0,824,0,9.24038,170,52,1088,0
1667,6.07879,219,0,0,0,99.239,536,8189,0,0,809,0,10.5464,170,52,1088,0
1706,6.222,231,0,2,0,64.791,537,8189,2,0,678,2,10.5026,172,54,1090,0
1849,6.74365,191,0,1,0,124.986,538,8189,1,0,741,1,17.1237,173,55,1091,0
1752,6.3893,201,0,1,0,73.611,540,8189,1,0,785,1,10.1889,174,56,1092,0
1809,6.59804,188,0,2,0,88.622,541,8189,2,0,641,2,8.08762,176,58,1094,0
1553,5.66435,183,0,1,0,95.71,542,8189,1,0,596,1,7.83226,177,59,1095,0
1771,6.4589,167,0,0,0,133.644,544,8189,0,0,893,0,8.18611,177,59,1095,0
1721,6.27669,235,0,1,0,130.26,545,8191,1,0,716,1,11.3854,178,60,1096,0
1652,6.02513,131,0,1,0,87.849,546,8189,1,0,698,1,9.0215,179,61,1097,0
1749,6.37925,308,0,0,0,175.153,548,8189,0,0,792,0,8.7552,179,61,1097,0
1686,6.14943,250,0,0,0,152.622,549,8189,0,0,876,0,9.29146,179,61,1097,0
1671,6.09457,101,0,1,0,93.558,551,8189,1,0,782,1,11.3781,180,62,1098,0
1692,6.17087,292,0,2,0,91.64,552,8189,2,0,597,2,8.48525,182,64,1100,0
1766,6.44096,93,0,2,0,59.485,553,8189,2,0,744,2,10.3749,184,66,1102,0
1576,5.7477,540,0,0,0,247.389,554,8187,0,0,506,0,8.86464,184,66,1102,0
1685,6.14548,199,0,1,0,66.801,556,8189,1,0,844,1,9.5687,185,67,1103,0
1815,6.61939,271,0,0,0,162.946,557,8189,0,0,876,0,8.52538,185,67,1103,0
1755,6.40092,276,0,0,0,176.111,559,8189,0,0,879,0,14.5117,185,67,1103,0
1626,5.93059,192,0,0,0,134.172,560,8189,0,0,859,0,11.3307,185,67,1103,0
1710,6.23678,178,0,3,0,85.604,562,8189,3,0,662,3,11.2504,188,70,1106,0
1767,6.44479,126,0,0,0,86.699,563,8189,0,0,913,0,10.0174,188,70,1106,0
1675,6.10915,142,0,1,0,84.012,565,8189,1,0,780,1,10.5537,189,71,1107,0
1686,6.14892,249,0,1,0,91.225,566,8189,1,0,685,1,8.59469,190,72,1108,0
1800,6.56467,384,0,0,0,269.397,567,8189,0,0,700,0,11.9837,190,72,1108,0
1738,6.33893,200,0,0,0,165.333,569,8191,0,0,883,0,18.6851,190,72,1108,0
1607,5.86088,206,0,2,0,92.922,570,8191,2,0,595,2,14.6978,192,74,1110,0
1690,6.16386,136,0,0,0,118.432,571,8189,0,0,758,0,17.0143,192,74,1110,0
1742,6.35313,327,0,0,0,194.264,572,8189,0,0,681,0,17.8095,192,74,1110,0
1686,6.14936,254,0,1,0,108.214,573,8187,1,0,712,1,9.25133,193,75,1111,0
1646,6.00341,383,0,0,0,225.054,575,8189,0,0,717,0,17.0398,193,75,1111,0
1738,6.33863,125,0,1,0,54.957,576,8191,1,0,792,1,16.7078,194,76,1112,0
1722,6.28024,365,0,1,0,274.209,577,8189,1,0,583,1,17.3973,195,77,1113,0
1595,5.81725,307,0,0,0,248.86,578,8189,0,0,661,0,11.8669,195,77,1113,0
1604,5.84979,422,0,0,0,107.44,579,8191,0,0,742,0,9.80218,195,77,1113,0
1877,6.84534,380,0,0,0,203.392,581,8189,0,0,679,0,15.4566,195,77,1113,0
1598,5.82814,116,0,1,0,209.641,582,8189,1,0,687,1,9.10176,196,78,1114,0
1771,6.45943,119,0,2,0,78.901,583,8189,2,0,639,2,36.3341,198,80,1116,0
1797,6.55415,149,0,0,0,85.456,584,8187,0,0,888,0,10.8236,198,80,1116,0
1650,6.01756,128,0,0,0,60.21,586,8189,0,0,839,0,10.0211,198,80,1116,0
1739,6.34196,278,0,1,0,168.155,587,8189,1,0,750,1,16.1242,199,81,1117,0
1904,6.94392,284,0,0,0,250.502,589,8189,0,0,920,0,15.0006,199,81,1117,0
1678,6.11997,334,0,2,0,162.527,590,8189,2,0,588,2,10.5683,201,83,1119,0
1724,6.28779,195,0,0,0,139,591,8189,0,0,908,0,77.8921,201,83,1119,0
1724,6.28754,167,0,1,0,68.994,592,8189,1,0,785,1,12.9869,202,84,1120,0
1734,6.32393,343,0,1,0,153.361,594,8191,1,0,783,1,12.9796,203,85,1121,0
1883,6.86775,399,0,0,0,192.73,595,8189,0,0,719,0,9.95539,203,85,1121,0
1756,6.40445,197,0,0,0,107.557,597,8189,0,0,937,0,13.6289,203,85,1121,0
1735,6.3278,263,0,0,0,179.922,598,8189,0,0,840,0,12.0749,203,85,1121,0
1716,6.25793,278,0,1,0,119.492,599,8189,1,0,651,1,11.4255,204,86,1122,0
2079,7.58248,374,0,0,0,184.271,601,8189,0,0,995,0,19.6883,204,86,1122,0
1687,6.15239,182,0,1,0,87.161,602,8189,1,0,794,1,10.4588,205,87,1123,0
1817,6.62648,497,0,1,0,183.65,603,8187,1,0,622,1,12.3959,206,88,1124,0
1638,5.97414,164,0,1,0,100.279,604,8189,1,0,572,1,8.59104,207,89,1125,0
1732,6.31705,500,0,0,0,159.416,605,8189,0,0,703,0,13.7748,207,89,1125,0
1737,6.33518,109,0,2,0,86.181,606,8189,2,0,736,2,8.20435,209,91,1127,0
1584,5.77726,123,0,1,0,49.511,607,8189,1,0,617,1,13.5487,210,92,1128,0
1724,6.28793,215,0,2,0,123.154,608,8189,2,0,570,2,9.16742,212,94,1130,0
1808,6.59407,327,0,1,0,163.303,610,8189,1,0,728,1,8.664,213,95,1131,0
1676,6.11195,481,0,1,0,142.23,611,8189,1,0,645,1,8.42688,214,96,1132,0
1682,6.13424,215,0,2,0,135.876,612,8189,2,0,623,2,7.63891,216,98,1134,0
1663,6.06551,125,0,2,0,39.664,613,8190,2,0,711,2,9.6745,218,100,1136,0
1879,6.85285,161,0,1,0,159.155,614,8187,1,0,725,1,9.7657,219,101,1137,0
1692,6.17074,157,0,1,0,64.652,615,8189,1,0,686,1,10.8674,220,102,1138,0
1786,6.51354,275,0,0,0,166.225,616,8189,0,0,839,0,10.6266,220,102,1138,0
1767,6.44468,503,0,0,0,164.088,618,8189,0,0,775,0,12.1442,220,102,1138,0
1682,6.13435,114,0,1,0,94.326,619,8189,1,0,793,1,9.77664,221,103,1139,0
1740,6.34576,120,0,2,0,57.219,620,8189,2,0,710,2,8.21165,223,105,1141,0
1638,5.97419,258,0,3,0,102.547,621,8189,3,0,532,3,68.4438,226,108,1144,0
1665,6.06675,135,0,1,0,96.338,622,8185,1,0,789,1,11.4584,227,109,1145,0
1545,5.63485,295,0,0,0,119.476,623,8185,0,0,672,0,8.79168,227,109,1145,0
1696,6.18566,141,0,1,0,199.699,625,8191,1,0,757,1,9.25498,228,110,1146,0
1921,7.00619,561,0,0,0,175.14,626,8189,0,0,756,0,11.3416,228,110,1146,0
1739,6.34221,344,0,0,0,266.453,627,8191,0,0,719,0,14.9714,228,110,1146,0
1689,6.15976,370,0,0,0,190.42,628,8189,0,0,821,0,9.97728,228,110,1146,0
1610,5.87192,360,0,0,0,246.261,629,8189,0,0,745,0,11.1519,228,110,1146,0
1701,6.20383,197,0,1,0,100.828,631,8189,1,0,806,1,11.6444,229,111,1147,0
1648,6.01086,200,0,1,0,119.633,632,8189,1,0,748,1,11.5459,230,112,1148,0
1817,6.62723,96,0,2,0,111.89,633,8191,2,0,616,2,11.5386,232,114,1150,0
1747,6.37141,168,0,0,0,100.999,634,8189,0,0,844,0,9.45926,232,114,1150,0
1836,6.69568,466,0,1,0,169.822,635,8189,1,0,679,1,8.2992,233,115,1151,0
1606,5.85757,227,0,0,0,62.297,637,8189,0,0,842,0,10.6449,233,115,1151,0
1660,6.05465,417,0,1,0,185.838,637,8189,1,0,605,1,12.4689,234,116,1152,0
1527,5.56944,156,0,0,0,162.206,639,8189,0,0,738,0,9.50669,234,116,1152,0
1895,6.91158,241,0,1,0,154.982,640,8189,1,0,838,1,11.2979,235,117,1153,0
1730,6.30985,226,0,0,0,105.983,641,8189,0,0,779,0,8.60198,235,117,1153,0
1748,6.37528,605,0,0,0,211.943,642,8189,0,0,660,0,11.8268,235,117,1153,0
1553,5.66419,323,0,0,0,225.356,643,8189,0,0,680,0,12.3521,235,117,1153,0
1778,6.48484,131,0,2,0,53.983,644,8189,2,0,642,2,8.15693,237,119,1155,0
1788,6.52097,358,0,0,0,238.116,645,8189,0,0,720,0,8.91571,237,119,1155,0
1669,6.08689,147,0,0,0,93.37,647,8189,0,0,750,0,14.0083,237,119,1155,0
1831,6.67773,251,0,0,0,88.04,648,8189,0,0,866,0,11.2979,237,119,1155,0
1710,6.23631,162,0,0,0,93.762,649,8189,0,0,903,0,9.72922,237,119,1155,0
1812,6.60894,256,0,0,0,159.015,651,8189,0,0,866,0,9.90067,237,119,1155,0
1663,6.06507,174,0,1,0,87.663,652,8191,1,0,650,1,14.0703,238,120,1156,0
1798,6.5579,223,0,1,0,119.378,653,8189,1,0,748,1,12.7716,239,121,1157,0
1740,6.34588,235,0,0,0,109.202,654,8189,0,0,867,0,10.747,239,121,1157,0
1647,6.00674,140,0,1,0,100.054,655,8189,1,0,758,1,9.50304,240,122,1158,0
1704,6.21443,415,0,1,0,156.496,656,8189,1,0,594,1,10.5573,241,123,1159,0
1718,6.26552,325,0,2,0,125.427,657,8187,2,0,593,2,10.0721,243,125,1161,0
1507,5.49649,284,0,0,0,205.885,658,8187,0,0,749,0,10.5318,243,125,1161,0
1627,5.93372,395,0,1,0,198.789,659,8189,1,0,754,1,10.4479,244,126,1162,0
1693,6.17492,145,0,2,0,90.253,660,8189,2,0,662,2,17.6454,246,128,1164,0
1876,6.84178,560,0,1,0,118.205,661,8189,1,0,668,1,18.9258,247,129,1165,0
1727,6.29862,167,0,1,0,98.121,662,8189,1,0,657,1,34.3496,248,130,1166,0
1768,6.44826,251,0,1,0,152.239,663,8189,1,0,764,1,12.3375,249,131,1167,0
1738,6.33908,192,0,2,0,101.982,664,8189,2,0,593,2,11.9545,251,133,1169,0
1590,5.79884,130,0,0,0,121.324,666,8189,0,0,830,0,10.0539,251,133,1169,0
1488,5.42673,103,0,0,0,80.291,667,8189,0,0,761,0,8.67494,251,133,1169,0
1824,6.65204,112,0,1,0,38.756,668,8189,1,0,829,1,9.94445,252,134,1170,0
1621,5.91204,237,0,1,0,243.282,669,8191,1,0,519,1,10.8564,253,135,1171,0
1785,6.50999,373,0,1,0,138.341,670,8185,1,0,604,1,8.63117,254,136,1172,0
2459,8.9687,633,0,0,0,202.164,671,8189,0,0,949,0,28.2829,254,136,1172,0
1636,5.96627,250,0,0,0,100.718,672,8189,0,0,884,0,10.871,254,136,1172,0
1666,6.07573,225,0,2,0,141.283,673,8189,2,0,650,2,7.22669,256,138,1174,0
1714,6.25119,256,0,1,0,165.644,675,8190,1,0,847,1,8.55091,257,139,1175,0
1658,6.0472,153,0,1,0,88.635,676,8189,1,0,657,1,11.1994,258,140,1176,0
1522,5.55118,297,0,1,0,229.122,676,8189,1,0,577,1,14.4023,259,141,1177,0
1633,5.95562,456,0,1,0,156.929,677,8191,1,0,624,1,15.504,260,142,1178,0
1751,6.38619,123,0,1,0,58.182,679,8187,1,0,800,1,10.5026,261,143,1179,0
1559,5.68621,137,0,1,0,120.748,680,8189,1,0,711,1,13.7785,262,144,1180,0
1688,6.15616,216,0,1,0,120.499,681,8189,1,0,688,1,13.0088,263,145,1181,0
1728,6.3026,253,0,0,0,70.494,682,8191,0,0,850,0,9.35347,263,145,1181,0
1594,5.81393,157,0,2,0,71.766,683,8189,2,0,635,2,9.86419,265,147,1183,0
1654,6.0325,134,0,0,0,68.371,684,8189,0,0,843,0,8.73331,265,147,1183,0
1660,6.05409,133,0,0,0,77.309,685,8189,0,0,837,0,9.17837,265,147,1183,0
1823,6.64864,343,0,0,0,190.748,686,8189,0,0,782,0,20.0895,265,147,1183,0
1122,4.09201,687,0,0,0,309.197,687,8191,0,0,315,0,12.695,265,147,1183,0
1311,4.78123,211,0,687,0,101.354,343,8187,128,0,493,0,10.8419,393,147,1870,0
1742,6.35308,345,0,1,0,193.159,345,8189,1,0,693,1,22.5337,394,148,1871,0
1778,6.48467,347,0,0,0,107.024,347,8189,0,0,867,0,10.094,394,148,1871,0
1810,6.60137,286,0,0,0,192.236,350,8189,0,0,921,0,12.1697,394,148,1871,0
1659,6.05057,226,0,1,0,118.113,352,8187,1,0,688,1,10.9002,395,149,1872,0
1694,6.1784,134,0,2,0,164.202,354,8189,2,0,717,2,9.74016,397,151,1874,0
1610,5.87209,94,0,0,0,71.678,356,8189,0,0,829,0,13.5742,397,151,1874,0
1727,6.2987,144,0,2,0,86.534,358,8189,2,0,719,2,10.1123,399,153,1876,0
1668,6.08331,357,0,1,0,131.712,360,8189,1,0,635,1,14.6467,400,154,1877,0
1670,6.09064,169,0,1,0,70.353,362,8189,1,0,746,1,13.9609,401,155,1878,0
1557,5.67837,189,0,1,0,150.049,364,8189,1,0,648,1,8.52173,402,156,1879,0
1724,6.28796,313,0,1,0,100.451,366,8189,1,0,735,1,9.57965,403,157,1880,0
1644,5.99578,180,0,1,0,54.988,368,8191,1,0,825,1,21.815,404,158,1881,0
1541,5.62003,370,0,0,0,194.704,370,8189,0,0,682,0,11.6043,404,158,1881,0
684,2.49456,101,0,370,0,81.039,185,8189,105,0,220,0,9.06528,509,158,2251,0
1551,5.65674,187,0,2,0,108.407,188,8189,2,0,597,2,10.156,511,160,2253,0
1573,5.73672,131,0,3,0,66.934,191,8189,3,0,575,3,8.51443,514,163,2256,0
1729,6.30566,167,0,0,0,76.851,195,8189,0,0,850,0,9.70368,514,163,2256,0
1656,6.03938,184,0,1,0,73.975,199,8191,1,0,727,1,11.462,515,164,2257,0
1603,5.84676,159,0,1,0,89.119,203,8189,1,0,742,1,8.3977,516,165,2258,0
1580,5.76249,136,0,1,0,109.601,206,8189,1,0,718,1,9.65261,517,166,2259,0
1717,6.26202,189,0,1,0,95.088,210,8189,1,0,735,1,9.55046,518,167,2260,0
1687,6.15267,214,0,1,0,130.5,214,8190,1,0,836,1,9.60883,519,168,2261,0
1588,5.79187,153,0,1,0,116.864,217,8189,1,0,637,1,16.8501,520,169,2262,0
1642,5.98883,139,0,2,0,71.685,220,8189,2,0,694,2,10.7288,522,171,2264,0
1738,6.33887,211,0,1,0,143.948,223,8185,1,0,758,1,9.53587,523,172,2265,0
1605,5.85371,205,0,2,0,87.788,226,8191,2,0,648,2,17.6636,525,174,2267,0
1713,6.24758,203,0,1,0,118.601,229,8189,1,0,775,1,8.68224,526,175,2268,0
1626,5.93025,127,0,1,0,122.474,233,8189,1,0,782,1,11.462,527,176,2269,0
1527,5.56901,183,0,0,0,67.246,236,8189,0,0,742,0,12.2099,527,176,2269,0
1851,6.75069,208,0,1,0,119.781,239,8189,1,0,824,1,9.92256,528,177,2270,0
1700,6.20049,242,0,0,0,124.278,243,8189,0,0,839,0,10.5099,528,177,2270,0
1574,5.74055,186,0,0,0,154.798,246,8191,0,0,820,0,7.97088,528,177,2270,0
1824,6.6522,243,0,1,0,127.744,249,8189,1,0,797,1,10.612,529,178,2271,0
1828,6.66686,246,0,0,0,129.057,253,8189,0,0,918,0,12.0712,529,178,2271,0
1695,6.18163,253,0,0,0,181.449,256,8189,0,0,849,0,10.9549,529,178,2271,0
1692,6.17132,260,0,0,0,115.31,260,8189,0,0,846,0,11.2067,529,178,2271,0
1649,6.01378,140,0,0,0,140.791,263,8191,0,0,889,0,21.3773,529,178,2271,0
1755,6.40047,264,0,1,0,119.698,266,8191,1,0,725,1,10.0466,530,179,2272,0
1554,5.66788,122,0,264,0,78.64,133,8191,98,0,737,1,16.1096,628,180,2536,0
1500,5.47062,123,0,1,0,81.51,138,8189,1,0,715,1,12.7862,629,181,2537,0
1509,5.50388,143,0,0,0,71.902,143,8189,0,0,750,0,11.6444,629,181,2537,0
1681,6.13087,143,0,0,0,92.846,149,8189,0,0,847,0,11.4182,629,181,2537,0
1664,6.06896,151,0,0,0,89.716,155,8189,0,0,832,0,11.2687,629,181,2537,0
1505,5.4893,156,0,0,0,99.508,159,8185,0,0,754,0,10.0393,629,181,2537,0
1696,6.18593,126,0,0,0,88.694,165,8189,0,0,869,0,19.1009,629,181,2537,0
1515,5.52573,166,0,3,0,96.941,168,8189,3,0,580,3,10.882,632,184,2540,0
1667,6.07984,162,0,0,0,96.178,173,8189,0,0,842,0,12.1041,632,184,2540,0
1673,6.10202,175,0,0,0,96.538,178,8189,0,0,835,0,14.2163,632,184,2540,0
1492,5.44158,179,0,1,0,105.139,182,8189,1,0,660,1,57.5253,633,185,2541,0
1712,6.24379,184,0,0,0,104.756,186,8189,0,0,861,0,10.7397,633,185,2541,0
1610,5.87222,114,0,0,0,66.812,191,8189,0,0,845,0,16.0621,633,185,2541,0
1613,5.88295,177,0,0,0,106.429,195,8191,0,0,780,0,24.7225,633,185,2541,0
1568,5.71906,154,0,0,0,86.306,199,8189,0,0,803,0,10.4114,633,185,2541,0
1692,6.17123,200,0,0,0,116.654,203,8189,0,0,827,0,10.8674,633,185,2541,0
1560,5.68938,204,0,1,0,54.582,206,8189,1,0,706,1,11.1556,634,186,2542,0
1693,6.17461,203,0,2,0,77.822,210,8189,2,0,664,2,11.1082,636,188,2544,0
1610,5.87177,139,0,0,0,83.336,213,8189,0,0,841,0,10.871,636,188,2544,0
1542,5.62423,185,0,1,0,102.519,217,8187,1,0,669,1,11.1592,637,189,2545,0
1568,5.71885,171,0,2,0,94.872,219,8189,2,0,619,2,10.1196,639,191,2547,0
1703,6.21092,190,0,0,0,119.407,223,8189,0,0,848,0,8.99962,639,191,2547,0
1629,5.94143,225,0,1,0,128.164,226,8189,1,0,725,1,11.1009,640,192,2548,0
1686,6.14908,227,0,0,0,177.365,230,8189,0,0,847,0,9.41184,640,192,2548,0
1555,5.67117,212,0,3,0,77.662,233,8189,3,0,599,3,61.3411,643,195,2551,0
1651,6.02147,124,0,3,0,83.838,235,8191,3,0,546,3,15.38,646,198,2554,0
1631,5.94838,154,0,1,0,90.541,238,8189,1,0,728,1,19.2031,647,199,2555,0
1613,5.88273,188,0,2,0,102.261,241,8189,2,0,636,2,13.4246,649,201,2557,0
1209,4.40918,14,0,244,0,75.28,14,8189,145,0,503,1,10.2509,794,202,2801,0
222,0.80964,14,0,21,0,30.102,14,8191,21,0,106,0,10.2764,815,202,2822,0
396,1.44425,24,0,0,0,72.955,24,8189,0,0,198,0,11.6955,815,202,2822,0
791,2.885,36,0,0,0,55.556,37,8189,0,0,396,0,13.7748,815,202,2822,0
1033,3.76755,49,0,0,0,41.884,49,8191,0,0,516,0,15.9892,815,202,2822,0
1043,3.80402,58,0,0,0,36.735,58,8191,0,0,522,0,11.141,815,202,2822,0
1160,4.23092,68,0,0,0,64.824,68,8189,0,0,582,0,8.98502,815,202,2822,0
1324,4.82908,77,0,0,0,35.091,77,8189,0,0,667,0,9.67814,815,202,2822,0
1494,5.44899,86,0,0,0,64.9,86,8189,0,0,750,0,11.3416,815,202,2822,0
1316,4.79976,93,0,0,0,47.756,93,8189,0,0,659,0,9.61978,815,202,2822,0
1661,6.05764,101,0,0,0,62.184,102,8189,0,0,831,0,12.7133,815,202,2822,0
1459,5.32109,107,0,0,0,70.563,109,8187,0,0,730,0,7.43462,815,202,2822,0
1396,5.09137,114,0,1,0,85.142,114,8190,1,0,648,1,13.0562,816,203,2823,0
1577,5.75149,119,0,0,0,58.769,121,8189,0,0,790,0,9.52858,816,203,2823,0
1398,5.09836,112,0,1,0,73.939,126,8189,1,0,651,1,8.85734,817,204,2824,0
1613,5.88262,105,0,1,0,97.278,132,8189,1,0,755,1,8.63117,818,205,2825,0
1625,5.92583,131,0,1,0,76.332,138,8189,1,0,740,1,9.26227,819,206,2826,0
1643,5.98657,137,0,0,0,72.562,143,8189,0,0,822,0,11.6809,819,206,2826,0
1663,6.06487,145,0,0,0,78.75,149,8189,0,0,832,0,9.9408,819,206,2826,0
1660,6.05454,154,0,1,0,86.642,154,8189,1,0,757,1,160.527,820,207,2827,0
1580,5.76272,155,0,1,0,95.79,159,8189,1,0,729,1,7.87238,821,208,2828,0
1513,5.51829,145,0,1,0,80.736,163,8189,1,0,688,1,10.5135,822,209,2829,0
1514,5.52158,163,0,2,0,82.157,167,8189,2,0,589,2,9.90432,824,211,2831,0
1711,6.24043,128,0,0,0,74.517,172,8189,0,0,875,0,16.6604,824,211,2831,0
1587,5.78829,148,0,0,0,102.278,176,8189,0,0,789,0,15.836,824,211,2831,0
1578,5.75499,166,0,1,0,80.489,180,8189,1,0,706,1,11.8013,825,212,2832,0
1546,5.63827,184,0,1,0,92.567,184,8189,1,0,682,1,9.95904,826,213,2833,0
1691,6.16684,171,0,0,0,100.497,189,8189,0,0,859,0,15.7229,826,213,2833,0
1661,6.05817,188,0,0,0,120.946,193,8189,0,0,826,0,8.51443,826,213,2833,0
1589,5.79515,185,0,1,0,107.22,196,8191,1,0,704,1,8.59469,827,214,2834,0
1661,6.0581,163,0,0,0,119.404,201,8189,0,0,846,0,14.4607,827,214,2834,0
1614,5.8861,204,0,1,0,157.877,204,8189,1,0,693,1,8.06208,828,215,2835,0
1591,5.80243,124,0,4,0,91.988,207,8189,4,0,505,4,11.3672,832,219,2839,0
1559,5.68593,205,0,0,0,107.044,210,8189,0,0,746,0,15.2705,832,219,2839,0
1635,5.96332,153,0,1,0,88.85,214,8189,1,0,747,1,21.1183,833,220,2840,0
1629,5.94085,146,0,2,0,70.379,217,8185,2,0,716,2,12.9212,835,222,2842,0
1643,5.99154,220,0,1,0,117.583,220,8189,1,0,680,1,14.7525,836,223,2843,0
1642,5.98871,122,0,0,0,116.989,224,8191,0,0,875,0,11.6663,836,223,2843,0
1773,6.4667,199,0,1,0,80.957,228,8189,1,0,799,1,11.8925,837,224,2844,0
1645,5.99939,168,0,0,0,104.093,231,8189,0,0,843,0,8.36851,837,224,2844,0
1664,6.06848,92,0,2,0,72.823,234,8189,2,0,708,2,16.23,839,226,2846,0
1721,6.27689,235,0,1,0,119.969,237,8189,1,0,683,1,10.9185,840,227,2847,0
1550,5.65333,239,0,1,0,127.899,240,8187,1,0,661,1,8.9449,841,228,2848,0
1542,5.62761,150,0,1,0,154.045,243,7949,1,0,701,1,12.7023,842,229,2849,0
1729,6.30574,135,0,0,0,64.19,246,8191,0,0,878,0,9.21485,842,229,2849,0
1651,6.02125,234,0,1,0,115.701,249,8189,1,0,710,1,13.2641,843,230,2850,0
1697,6.18908,250,0,0,0,142.843,253,8189,0,0,847,0,26.4115,843,230,2850,0
1610,5.8721,186,0,4,0,103.405,255,8187,4,0,714,1,12.5601,847,231,2854,0
1677,6.11579,103,0,1,0,66.133,258,8189,1,0,759,1,21.4575,848,232,2855,0
1609,5.86843,201,0,1,0,83.063,261,8189,1,0,646,1,8.31379,849,233,2856,0
1756,6.40459,174,0,0,0,102.673,264,8189,0,0,894,0,11.7539,849,233,2856,0
1726,6.29451,232,0,0,0,92.625,267,8187,0,0,838,0,9.28416,849,233,2856,0
1702,6.20757,251,0,0,0,182.111,271,8189,0,0,847,0,13.6836,849,233,2856,0
1711,6.24054,132,0,1,0,73.436,274,8189,1,0,816,1,14.2673,850,234,2857,0
1856,6.76888,275,0,0,0,152.924,277,8189,0,0,860,0,9.28051,850,234,2857,0
1812,6.60883,278,0,1,0,93.733,279,8189,1,0,787,1,10.4004,851,235,2858,0
1524,5.5585,254,0,3,0,67.518,282,8189,3,0,577,3,18.6486,854,238,2861,0
1593,5.81017,157,0,1,0,154.611,284,8189,1,0,708,1,30.282,855,239,2862,0
1810,6.60165,287,0,0,0,137.874,287,8189,0,0,844,0,12.2755,855,239,2862,0
1727,6.29904,290,0,0,0,127.665,290,8189,0,0,866,0,12.2099,855,239,2862,0
1644,5.99627,288,0,0,0,165.921,293,8187,0,0,829,0,11.0097,855,239,2862,0
1613,5.88278,296,0,0,0,66.325,296,8187,0,0,806,0,9.31699,855,239,2862,0
1671,6.09414,285,0,0,0,202.945,298,8189,0,0,846,0,11.8524,855,239,2862,0
1607,5.86073,301,0,0,0,188.009,301,8189,0,0,800,0,10.0758,855,239,2862,0
1664,6.06857,300,0,0,0,172.701,304,8189,0,0,837,0,9.48845,855,239,2862,0
1574,5.74037,75,0,1,0,65.165,306,8187,1,0,788,1,11.2979,856,240,2863,0
1683,6.13782,228,0,1,0,105.227,309,8189,1,0,713,1,11.1009,857,241,2864,0
1834,6.68867,309,0,1,0,163.986,311,8189,1,0,748,1,22.2273,858,242,2865,0
1705,6.2181,105,0,1,0,194.09,314,8191,1,0,806,1,15.4821,859,243,2866,0
1703,6.21122,269,0,0,0,127.648,316,8189,0,0,774,0,12.7935,859,243,2866,0
1671,6.09444,308,0,0,0,187.521,319,8189,0,0,819,0,14.0229,859,243,2866,0
1590,5.799,288,0,0,0,187.466,321,8191,0,0,809,0,115.28,859,243,2866,0
1562,5.69716,113,0,2,0,71.532,323,8189,2,0,659,2,8.51443,861,245,2868,0
1722,6.28013,166,0,3,0,59.518,325,8189,3,0,608,3,7.97818,864,248,2871,0
1783,6.50314,327,0,0,0,202.809,328,8189,0,0,813,0,21.5341,864,248,2871,0
1675,6.10933,254,0,0,0,135.974,330,8189,0,0,878,0,9.69274,864,248,2871,0
1562,5.69544,265,0,0,0,117.286,333,8189,0,0,779,0,9.23309,864,248,2871,0
1735,6.32772,316,0,0,0,155.924,335,8189,0,0,845,0,8.66765,864,248,2871,0
1597,5.8246,232,0,0,0,135.627,338,8189,0,0,839,0,13.939,864,248,2871,0
1853,6.75841,207,0,0,0,91.279,340,8189,0,0,944,0,13.7785,864,248,2871,0
1628,5.93766,241,0,1,0,159.67,342,8191,1,0,674,1,14.5628,865,249,2872,0
1794,6.54303,330,0,0,0,129.346,345,8189,0,0,856,0,9.95174,865,249,2872,0
1544,5.63137,346,0,0,0,195.649,347,8189,0,0,730,0,8.79898,865,249,2872,0
1587,5.78794,139,0,2,0,73.777,349,8189,2,0,675,2,15.4931,867,251,2874,0
1594,5.81367,154,0,1,0,110.82,351,8189,1,0,626,1,9.05069,868,252,2875,0
1505,5.48871,152,0,0,0,141.07,353,8189,0,0,760,0,16.5254,868,252,2875,0
1671,6.09461,141,0,2,0,68.556,355,8183,2,0,710,2,7.46381,870,254,2877,0
1633,5.95602,195,0,0,0,104.935,357,8189,0,0,793,0,34.5393,870,254,2877,0
1834,6.68895,308,0,0,0,153.286,360,8189,0,0,863,0,39.0664,870,254,2877,0
1572,5.73336,233,0,0,0,123.471,362,8189,0,0,810,0,10.0138,870,254,2877,0
1743,6.35712,336,0,1,0,155.68,364,8189,1,0,681,1,10.9404,871,255,2878,0
1853,6.7583,340,0,1,0,167.07,366,8185,1,0,758,1,10.6558,872,256,2879,0
1463,5.33557,150,0,2,0,155.835,367,8189,2,0,623,2,12.8519,874,258,2881,0
1849,6.74331,306,0,0,0,140.745,370,8189,0,0,852,0,19.7247,874,258,2881,0
1721,6.27647,169,0,1,0,158.88,372,8189,1,0,789,1,21.0052,875,259,2882,0
1762,6.4262,370,0,0,0,171.259,374,8189,0,0,726,0,11.7356,875,259,2882,0
1659,6.05036,193,0,1,0,91.15,376,8189,1,0,819,1,10.8564,876,260,2883,0
1677,6.11638,378,0,2,0,182.481,378,8190,2,0,581,2,12.0129,878,262,2885,0
1792,6.53605,311,0,0,0,206.089,380,8189,0,0,776,0,11.597,878,262,2885,0
1667,6.08027,244,0,0,0,165.839,382,8189,0,0,874,0,10.6777,878,262,2885,0
1706,6.22184,104,0,0,0,51.348,384,8191,0,0,927,0,10.758,878,262,2885,0
1801,6.5681,276,0,0,0,141.411,386,8187,0,0,820,0,10.809,878,262,2885,0
1712,6.24373,380,0,0,0,207.604,389,8189,0,0,809,0,12.7789,878,262,2885,0
1574,5.74091,166,0,1,0,91.379,391,8189,1,0,820,1,10.3859,879,263,2886,0
1704,6.21459,92,0,1,0,76.316,393,8189,1,0,793,1,9.32064,880,264,2887,0
1849,6.74359,353,0,0,0,210.911,394,8189,0,0,697,0,10.6996,880,264,2887,0
1518,5.53635,249,0,1,0,169.791,396,8189,1,0,611,1,8.4816,881,265,2888,0
1855,6.75921,369,0,0,0,134.791,398,8191,0,0,872,0,22.5994,881,265,2888,0
1785,6.51057,367,0,0,0,195.057,400,8189,0,0,851,0,14.1615,881,265,2888,0
1787,6.51756,356,0,0,0,135.429,402,8189,0,0,896,0,13.1912,881,265,2888,0
1711,6.24012,229,0,0,0,105.897,405,8189,0,0,925,0,9.45926,881,265,2888,0
1858,6.77657,407,0,0,0,184.299,407,8187,0,0,847,0,15.2924,881,265,2888,0
1761,6.42278,163,0,2,0,80.428,409,8187,2,0,764,2,10.2436,883,267,2890,0
1694,6.17859,209,0,1,0,122.927,411,8187,1,0,761,1,9.58694,884,268,2891,0
1731,6.31307,334,0,0,0,174.556,413,8189,0,0,809,0,11.3781,884,268,2891,0
1800,6.5652,412,0,1,0,196.637,414,8189,1,0,685,1,12.0822,885,269,2892,0
1537,5.6055,191,0,1,0,71.276,416,8187,1,0,755,1,9.05798,886,270,2893,0
1668,6.0832,167,0,2,0,104.079,417,8189,2,0,568,2,10.6011,888,272,2895,0
1767,6.44411,138,0,4,0,80.059,419,8189,4,0,572,4,11.0279,892,276,2899,0
1749,6.37885,366,0,2,0,230.651,420,8191,2,0,644,2,10.4333,894,278,2901,0
1450,5.28864,147,0,3,0,106.483,421,8189,3,0,488,3,11.1519,897,281,2904,0
1639,5.97751,168,0,2,0,147.1,423,8187,2,0,585,2,34.6122,899,283,2906,0
1814,6.61574,350,0,0,0,176.313,425,8189,0,0,820,0,219.642,899,283,2906,0
1663,6.06501,208,0,3,0,58.315,426,8191,3,0,650,3,8.91206,902,286,2909,0
1802,6.57193,334,0,0,0,92.232,428,8191,0,0,845,0,15.7229,902,286,2909,0
1841,6.71318,425,0,0,0,128.316,430,8191,0,0,838,0,12.2135,902,286,2909,0
1631,5.9488,139,0,1,0,88.442,432,8189,1,0,740,1,12.0858,903,287,2910,0
1648,6.01062,368,0,0,0,223.028,433,8189,0,0,638,0,9.11635,903,287,2910,0
1920,7.00234,299,0,1,0,109.725,435,8189,1,0,770,1,11.203,904,288,2911,0
1971,7.18886,256,0,0,0,139.927,437,8189,0,0,979,0,12.7315,904,288,2911,0
1645,5.99933,142,0,1,0,170.863,439,8189,1,0,757,1,12.8373,905,289,2912,0
1724,6.28739,149,0,1,0,164.868,441,8189,1,0,713,1,9.00691,906,290,2913,0
1728,6.30196,411,0,0,0,138.866,442,8189,0,0,741,0,10.0211,906,290,2913,0
857,3.12571,108,0,443,0,48.797,197,8189,280,0,222,0,9.81312,1186,290,3356,0
1566,5.71153,104,0,1,0,149.493,223,8189,1,0,678,1,9.80218,1187,291,3357,0
1726,6.29494,189,0,0,0,131.051,227,8189,0,0,822,0,13.6253,1187,291,3357,0
1760,6.41895,221,0,4,0,63.629,230,8191,4,0,753,2,19.7357,1191,293,3361,0
1749,6.37864,106,0,0,0,69.415,234,8191,0,0,936,0,11.7137,1191,293,3361,0
1769,6.45162,236,0,0,0,129.697,238,8189,0,0,823,0,17.3389,1191,293,3361,0
1739,6.34245,186,0,33,0,51.095,241,8189,33,0,664,7,25.9519,1224,300,3394,0
2023,7.37841,157,0,0,0,90.97,245,8189,0,0,1029,0,15.6609,1224,300,3394,0
2076,7.57173,137,0,11,0,92.861,249,8189,11,0,949,3,17.5907,1235,303,3405,0
1811,6.60526,204,0,0,0,102.14,252,8189,0,0,877,0,13.5122,1235,303,3405,0
1920,7.0003,243,0,1,0,72.088,256,8189,1,0,863,1,20.6623,1236,304,3406,0
1997,7.28263,201,0,0,0,110.284,260,8189,0,0,1026,0,36.0751,1236,304,3406,0
1786,6.51014,252,0,1,0,119.155,262,8189,1,0,767,1,14.5044,1237,305,3407,0
1533,5.59113,263,0,1,0,163.201,265,8189,1,0,640,1,17.4593,1238,306,3408,0
1821,6.64173,255,0,1,0,138.574,268,8189,1,0,786,1,12.9212,1239,307,3409,0
1857,6.77287,223,0,0,0,73.907,271,8189,0,0,952,0,10.1451,1239,307,3409,0
1630,5.94456,198,0,0,0,142.643,274,8189,0,0,832,0,11.6736,1239,307,3409,0
1863,6.79468,238,0,0,0,103.545,278,8191,0,0,916,0,13.5304,1239,307,3409,0
1749,6.37871,261,0,1,0,110.068,280,8191,1,0,740,1,13.1875,1240,308,3410,0
1575,5.74428,146,0,2,0,142.058,283,8189,2,0,646,2,17.3171,1242,310,3412,0
1586,5.78406,284,0,1,0,109.193,285,8185,1,0,588,1,21.8734,1243,311,3413,0
1803,6.57562,104,0,1,0,132.085,288,7969,1,0,853,1,19.5898,1244,312,3414,0
1740,6.34577,278,0,0,0,144.706,290,8191,0,0,790,0,10.218,1244,312,3414,0
1645,5.9993,124,0,1,0,48.723,293,8191,1,0,854,1,14.8729,1245,313,3415,0
1768,6.44853,266,0,1,0,184.638,296,8191,1,0,775,1,12.9577,1246,314,3416,0
2267,8.26853,212,0,58,0,108.763,299,8191,58,0,799,14,23.4785,1304,328,3474,0
2529,9.22335,201,0,16,0,68.996,302,8191,16,0,1126,3,225.213,1320,331,3490,0
2450,8.9351,304,0,0,0,151.832,306,8185,0,0,1175,0,23.3034,1320,331,3490,0
2407,8.77815,309,0,0,0,87.216,310,8189,0,0,1204,0,17.4703,1320,331,3490,0
2281,8.31922,280,0,1,0,115.359,313,8191,1,0,1002,1,18.3276,1321,332,3491,0
1855,6.76557,308,0,0,0,124.192,316,8189,0,0,916,0,17.1492,1321,332,3491,0
1633,5.95603,239,0,2,0,76.165,319,8189,2,0,719,2,8.80262,1323,334,3493,0
1799,6.56151,251,0,0,0,133.321,321,8189,0,0,897,0,8.57645,1323,334,3493,0
1590,5.79903,103,0,2,0,86.766,323,8189,2,0,651,2,10.5026,1325,336,3495,0
1781,6.49589,265,0,0,0,90.475,326,8189,0,0,813,0,11.6335,1325,336,3495,0
1579,5.75895,186,0,2,0,99.77,328,8187,2,0,670,2,9.41549,1327,338,3497,0
1630,5.94508,194,0,0,0,112.849,330,8189,0,0,738,0,9.43008,1327,338,3497,0
1698,6.19324,292,0,0,0,137.209,333,8189,0,0,804,0,12.3047,1327,338,3497,0
1652,6.02493,267,0,1,0,180.556,335,8189,1,0,679,1,12.1588,1328,339,3498,0
1758,6.41188,335,0,1,0,177.84,337,8189,1,0,696,1,12.8154,1329,340,3499,0
1557,5.67828,254,0,1,0,111.962,339,8189,1,0,648,1,9.6672,1330,341,3500,0
1653,6.02905,164,0,1,0,85.075,341,8175,1,0,735,1,11.5532,1331,342,3501,0
1772,6.46261,104,0,1,0,123.812,343,8189,1,0,803,1,13.1693,1332,343,3502,0
1769,6.45217,280,0,0,0,205.333,345,8189,0,0,797,0,11.3161,1332,343,3502,0
1693,6.17508,321,0,1,0,80.16,347,8191,1,0,656,1,11.0316,1333,344,3503,0
1633,5.95566,120,0,0,0,99.534,350,8191,0,0,922,0,13.8296,1333,344,3503,0
1607,5.8609,112,0,0,0,106.756,352,8189,0,0,813,0,15.9308,1333,344,3503,0
1646,6.00305,193,0,1,0,87.246,354,8189,1,0,705,1,16.033,1334,345,3504,0
1711,6.23993,260,0,2,0,93.489,356,8189,2,0,684,2,13.6362,1336,347,3506,0
1751,6.38586,161,0,0,0,88.508,359,8187,0,0,928,0,9.97728,1336,347,3506,0
1717,6.26248,144,0,1,0,87.152,361,8189,1,0,763,1,10.0794,1337,348,3507,0
1693,6.1744,128,0,2,0,60.619,363,8191,2,0,734,2,8.8537,1339,350,3509,0
1968,7.17761,223,0,0,0,137.498,365,8191,0,0,925,0,8.74426,1339,350,3509,0
1611,5.87592,342,0,0,0,234.277,367,8189,0,0,737,0,9.32429,1339,350,3509,0
1768,6.44807,288,0,1,0,88.75,369,8189,1,0,727,1,8.88288,1340,351,3510,0
1733,6.32084,186,0,2,0,90.371,371,8187,2,0,748,2,8.2992,1342,353,3512,0
1760,6.41934,205,0,1,0,128.422,374,8191,1,0,790,1,10.2217,1343,354,3513,0
1768,6.44768,367,0,1,0,71.008,375,8189,1,0,650,1,63.8582,1344,355,3514,0
1832,6.68169,182,0,0,0,162.6,378,8189,0,0,949,0,9.05069,1344,355,3514,0
1654,6.03234,256,0,0,0,115.789,380,8189,0,0,793,0,11.1446,1344,355,3514,0
1503,5.48159,154,0,1,0,108.484,382,8187,1,0,729,1,7.08806,1345,356,3515,0
1702,6.20766,300,0,0,0,165.374,384,8189,0,0,780,0,9.7584,1345,356,3515,0
664,2.42162,7,0,384,0,181.24,7,8190,104,0,234,0,22.8255,1449,356,3899,0
1338,4.87997,191,0,40,0,74.075,193,8189,40,0,392,13,7.09536,1489,369,3939,0
1732,6.31666,196,0,154,0,78.094,196,8189,154,0,607,26,21.4867,1643,395,4093,0
1470,5.36135,101,0,261,0,35.637,101,8191,236,0,466,10,50.3096,1879,405,4354,0
2327,8.48733,111,0,144,0,58.561,111,8191,144,0,989,23,541.115,2023,428,4498,0
1487,5.42288,60,0,190,0,22.205,60,8189,190,0,581,16,28.9396,2213,444,4688,0
1710,6.23631,72,0,48,0,29.33,72,8189,48,0,755,13,295.915,2261,457,4736,0
2180,7.95051,84,0,64,0,50.186,84,8189,64,0,973,18,37.6437,2325,475,4800,0
2433,8.8732,96,0,37,0,25.603,96,8187,37,0,1132,8,69.0092,2362,483,4837,0
2131,7.77244,107,0,0,0,68.722,107,8189,0,0,1064,0,9.44102,2362,483,4837,0
2027,7.39259,116,0,0,0,57.537,116,8189,0,0,1012,0,21.9792,2362,483,4837,0
1788,6.52115,122,0,0,0,71.811,123,8189,0,0,895,0,12.4287,2362,483,4837,0
1865,6.80166,124,0,8,0,45.597,130,8191,8,0,873,3,13.6909,2370,486,4845,0
2061,7.51652,67,0,141,0,23.437,67,8189,139,0,865,5,19.1848,2509,491,4986,0
1842,6.71814,79,0,11,0,40.051,79,8191,11,0,883,3,15.0735,2520,494,4997,0
1759,6.41518,89,0,0,0,45.696,89,8189,0,0,880,0,15.7812,2520,494,4997,0
1747,6.37185,98,0,7,0,32.651,98,8189,7,0,824,2,11.6736,2527,496,5004,0
1923,7.01382,99,0,0,0,43.338,108,8189,0,0,964,0,7.20845,2527,496,5004,0
1746,6.36745,111,0,0,0,80.922,115,8189,0,0,869,0,79.5775,2527,496,5004,0
1818,6.63059,123,0,0,0,71.021,123,8191,0,0,904,0,88.3071,2527,496,5004,0
1720,6.27327,64,0,145,0,42.93,64,8189,135,0,773,7,14.9969,2662,503,5149,0
1540,5.61671,75,0,0,0,43.81,75,8187,0,0,770,0,33.091,2662,503,5149,0
1402,5.11335,84,0,0,0,29.391,84,8189,0,0,701,0,10.6777,2662,503,5149,0
1600,5.83563,44,0,96,0,54.372,44,8189,96,0,737,5,7.08806,2758,508,5245,0
1097,4.00084,55,0,0,0,67.577,55,8191,0,0,550,0,14.0995,2758,508,5245,0
1237,4.5117,65,0,0,0,36.958,65,8189,0,0,618,0,11.1556,2758,508,5245,0
1294,4.7195,74,0,0,0,34.695,74,8189,0,0,645,0,24.5182,2758,508,5245,0
1501,5.4742,84,0,0,0,42.474,84,8189,0,0,751,0,16.095,2758,508,5245,0
1406,5.12771,92,0,0,0,80.455,92,8189,0,0,703,0,6.8327,2758,508,5245,0
1418,5.1718,97,0,0,0,51.877,99,8191,0,0,712,0,11.6335,2758,508,5245,0
1597,5.81839,106,0,1,0,37.377,106,8189,1,0,749,1,18.3239,2759,509,5246,0
1560,5.68921,113,0,0,0,65.731,113,8190,0,0,783,0,13.2422,2759,509,5246,0
1707,6.22528,117,0,8,0,51.279,120,8189,8,0,799,4,7.95629,2767,513,5254,0
1745,6.36453,127,0,0,0,71.093,127,8189,0,0,871,0,7.43827,2767,513,5254,0
1538,5.60929,102,0,2,0,85.629,132,8191,2,0,670,2,11.7976,2769,515,5256,0
1762,6.42614,137,0,3,0,80.845,138,8191,3,0,801,2,8.50714,2772,517,5259,0
1779,6.48845,142,0,0,0,55.382,145,8189,0,0,892,0,9.16742,2772,517,5259,0
1750,6.38291,149,0,0,0,92.104,150,8189,0,0,874,0,7.58784,2772,517,5259,0
1589,5.79539,155,0,6,0,91.613,155,8190,6,0,649,4,9.92986,2778,521,5265,0
1604,5.84987,159,0,1,0,65.967,159,8189,1,0,664,1,8.96314,2779,522,5266,0
1710,6.23668,149,0,1,0,73.441,164,8187,1,0,785,1,9.17107,2780,523,5267,0
1719,6.26919,168,0,1,0,110.724,168,8189,1,0,786,1,9.37536,2781,524,5268,0
1706,6.2218,173,0,1,0,103.651,173,8187,1,0,783,1,14.4862,2782,525,5269,0
1771,6.45926,151,0,0,0,74.489,178,8189,0,0,900,0,7.86509,2782,525,5269,0
1798,6.55791,163,0,3,0,58.978,183,8189,3,0,819,1,8.52902,2785,526,5272,0
1762,6.42614,179,0,4,0,62.242,187,8189,4,0,707,3,9.15648,2789,529,5276,0
1772,6.46254,181,0,0,0,92.672,191,8191,0,0,890,0,16.2154,2789,529,5276,0
1883,6.85829,196,0,1,0,126.915,196,8189,1,0,847,1,11.5313,2790,530,5277,0
1744,6.36047,129,0,1,0,89.239,200,8189,1,0,833,1,12.312,2791,531,5278,0
1929,7.03511,103,0,1,0,112.349,204,8008,1,0,882,1,24.7116,2792,532,5279,0
2023,7.37863,202,0,0,0,78.386,209,8189,0,0,965,0,13.6727,2792,532,5279,0
1864,6.79827,186,0,0,0,132.943,213,8189,0,0,944,0,11.9363,2792,532,5279,0
1610,5.87025,175,0,1,0,95.035,217,8189,1,0,768,1,7.87968,2793,533,5280,0
1862,6.79103,210,0,0,0,127.717,221,8189,0,0,918,0,7.67174,2793,533,5280,0
1757,6.40816,201,0,1,0,92.776,224,8189,1,0,775,1,7.89427,2794,534,5281,0
1718,6.2656,226,0,0,0,121.091,228,8189,0,0,850,0,12.7899,2794,534,5281,0
1819,6.63398,166,0,7,0,126.934,232,8189,7,0,832,3,7.81402,2801,537,5288,0
1660,6.05401,205,0,2,0,76.189,235,8191,2,0,712,2,12.5418,2803,539,5290,0
1826,6.65968,230,0,0,0,108.896,239,8189,0,0,903,0,10.2728,2803,539,5290,0
1679,6.12368,233,0,0,0,116.999,242,8189,0,0,840,0,10.6084,2803,539,5290,0
1698,6.19299,111,0,2,0,72.296,245,8189,2,0,721,2,7.51853,2805,541,5292,0
1881,6.86045,210,0,0,0,85.205,249,8191,0,0,896,0,8.59469,2805,541,5292,0
1869,6.81633,251,0,0,0,107.009,252,8189,0,0,917,0,10.7397,2805,541,5292,0
1737,6.33487,149,0,1,0,92.041,256,8187,1,0,798,1,8.28826,2806,542,5293,0
1959,7.14505,194,0,0,0,58.698,259,8189,0,0,959,0,7.53677,2806,542,5293,0
1749,6.37866,261,0,0,0,173.386,262,8189,0,0,845,0,11.0243,2806,542,5293,0
1692,6.17071,204,0,0,0,143.59,266,8189,0,0,879,0,8.60563,2806,542,5293,0
1860,6.78289,195,0,6,0,107.791,269,8189,6,0,832,5,8.86464,2812,547,5299,0
1966,7.17004,255,0,0,0,180.526,272,8189,0,0,955,0,9.97363,2812,547,5299,0
1714,6.24918,162,0,0,0,87.868,276,8189,0,0,910,0,9.36077,2812,547,5299,0
1645,5.99984,271,0,2,0,130.308,278,8189,2,0,628,2,9.16013,2814,549,5301,0
1840,6.71103,277,0,0,0,154.077,281,8189,0,0,922,0,74.4338,2814,549,5301,0
1521,5.54654,276,0,2,0,153.805,284,8189,2,0,626,2,11.2212,2816,551,5303,0
1789,6.52482,275,0,2,0,88.991,286,8189,2,0,618,2,8.24448,2818,553,5305,0
1748,6.37547,142,0,0,0,74.829,289,8189,0,0,947,0,11.3197,2818,553,5305,0
1745,6.36248,132,0,2,0,77.369,291,8187,2,0,712,2,7.15008,2820,555,5307,0
1735,6.32768,183,0,1,0,116.427,294,8189,1,0,776,1,10.1086,2821,556,5308,0
1907,6.95532,281,0,0,0,135.536,297,8189,0,0,907,0,9.99917,2821,556,5308,0
1632,5.95233,290,0,0,0,180.435,300,8189,0,0,815,0,7.54771,2821,556,5308,0
1881,6.85803,173,0,16,0,146.939,302,8189,16,0,582,9,7.2887,2837,565,5324,0
1899,6.92582,300,0,1,0,161.524,304,8189,1,0,739,1,8.79168,2838,566,5325,0
1906,6.95187,264,0,0,0,152.742,307,8187,0,0,975,0,11.4255,2838,566,5325,0
1747,6.36775,295,0,0,0,135.88,310,8189,0,0,861,0,8.5801,2838,566,5325,0
1753,6.39328,242,0,2,0,60.564,312,8189,2,0,649,2,10.0065,2840,568,5327,0
1721,6.27706,246,0,0,0,81.945,315,8189,0,0,861,0,8.27731,2840,568,5327,0
1687,6.15249,237,0,1,0,88.675,317,8189,1,0,733,1,8.52173,2841,569,5328,0
1753,6.39372,314,0,1,0,155.421,319,8189,1,0,686,1,15.0115,2842,570,5329,0
1807,6.5907,319,0,0,0,185.438,322,8189,0,0,904,0,11.8049,2842,570,5329,0
1846,6.73272,102,0,14,0,79.074,325,8189,14,0,877,5,9.0215,2856,575,5343,0
1826,6.65946,278,0,1,0,91.843,327,8189,1,0,665,1,8.23718,2857,576,5344,0
1845,6.72878,199,0,1,0,78.488,330,8189,1,0,812,1,7.29965,2858,577,5345,0
1730,6.30931,200,0,1,0,88.104,332,8189,1,0,711,1,7.52947,2859,578,5346,0
1791,6.53238,197,0,0,0,121.913,334,8189,0,0,902,0,10.2144,2859,578,5346,0
1905,6.94806,152,0,26,0,53.155,336,8189,26,0,691,9,9.68909,2885,587,5372,0
2054,7.48926,179,0,0,0,72.752,339,8187,0,0,1016,0,7.52218,2885,587,5372,0
1827,6.65922,338,0,0,0,183.529,342,8189,0,0,838,0,10.4077,2885,587,5372,0
1878,6.84966,255,0,0,0,105.939,345,8189,0,0,967,0,10.2144,2885,587,5372,0
1852,6.75377,347,0,1,0,185.852,347,8191,1,0,880,1,9.80947,2886,588,5373,0
1934,7.05336,348,0,0,0,130.554,350,8189,0,0,798,0,269.58,2886,588,5373,0
2112,7.70314,349,0,15,0,139,352,8189,15,0,783,8,8.18246,2901,596,5388,0
2078,7.5793,307,0,5,0,173.913,354,8189,5,0,896,3,29.2314,2906,599,5393,0
1722,6.28068,192,0,1,0,117.295,356,8189,1,0,745,1,9.81312,2907,600,5394,0
1840,6.71007,181,0,23,0,79.276,358,8189,23,0,672,9,9.15648,2930,609,5417,0
2264,8.25739,292,0,0,0,67.927,361,8189,0,0,1080,0,13.9901,2930,609,5417,0
2094,7.63716,162,0,0,0,89.321,364,8189,0,0,1114,0,20.5857,2930,609,5417,0
2038,7.43314,338,0,0,0,169.715,367,8189,0,0,916,0,19.0644,2930,609,5417,0
1937,7.063,165,0,1,0,149.999,369,8189,1,0,929,1,10.9987,2931,610,5418,0
2168,7.90417,100,0,0,0,93.927,372,8189,0,0,1119,0,333.507,2931,610,5418,0
2004,7.30898,272,0,0,0,181.441,375,8187,0,0,919,0,9.96269,2931,610,5418,0
2031,7.40746,344,0,11,0,225.928,377,8190,11,0,950,4,17.6417,2942,614,5429,0
1921,7.0047,323,0,0,0,157.305,379,8189,0,0,820,0,11.5678,2942,614,5429,0
1879,6.85282,200,0,0,0,101.441,382,8189,0,0,994,0,7.52947,2942,614,5429,0
1893,6.90389,288,0,0,0,128.312,384,8187,0,0,906,0,9.28416,2942,614,5429,0
1920,7.00259,340,0,0,0,142.704,387,8189,0,0,907,0,7.71187,2942,614,5429,0
2027,7.39245,351,0,0,0,196.125,389,8189,0,0,978,0,10.55,2942,614,5429,0
1723,6.28418,160,0,0,0,47.334,392,8189,0,0,948,0,9.80947,2942,614,5429,0
2016,7.35143,277,0,0,0,114.819,394,8187,0,0,951,0,10.0612,2942,614,5429,0
1760,6.41884,396,0,1,0,204.256,396,8190,1,0,787,1,8.0256,2943,615,5430,0
2224,8.11134,397,0,0,0,199.429,398,8189,0,0,921,0,7.71917,2943,615,5430,0
1871,6.82253,376,0,0,0,164.767,401,8189,0,0,949,0,7.50029,2943,615,5430,0
1833,6.68568,191,0,0,0,219.317,403,8189,0,0,964,0,11.4511,2943,615,5430,0
1763,6.43017,203,0,1,0,100.698,405,8189,1,0,718,1,7.15008,2944,616,5431,0
1720,6.27218,241,0,2,0,117.285,406,8189,2,0,582,2,7.89062,2946,618,5433,0
1758,6.41148,321,0,0,0,136.256,409,8189,0,0,844,0,9.06893,2946,618,5433,0
1820,6.63805,114,0,0,0,69.162,411,8189,0,0,978,0,8.47066,2946,618,5433,0
1909,6.96227,171,0,1,0,153.018,413,8189,1,0,758,1,9.28051,2947,619,5434,0
2111,7.69886,293,0,0,0,138.825,415,8187,0,0,957,0,8.06938,2947,619,5434,0
1991,7.26131,378,0,0,0,224.553,417,8189,0,0,930,0,50.3825,2947,619,5434,0
1678,6.11995,207,0,0,0,115.872,419,8189,0,0,904,0,9.45926,2947,619,5434,0
1731,6.31301,222,0,1,0,120.464,421,8187,1,0,708,1,13.4246,2948,620,5435,0
1882,6.86392,221,0,1,0,117.915,423,8189,1,0,833,1,8.66035,2949,621,5436,0
2256,8.22791,419,0,13,0,113.927,425,8189,13,0,777,6,39.0701,2962,627,5449,0
1699,6.19678,370,0,0,0,218.09,427,8187,0,0,778,0,11.079,2962,627,5449,0
2099,7.65528,151,0,0,0,96.106,429,8190,0,0,1152,0,6.20525,2962,627,5449,0
1968,7.17804,243,0,0,0,90.657,432,8189,0,0,943,0,9.60518,2962,627,5449,0
1789,6.52443,313,0,0,0,211.648,434,8189,0,0,863,0,10.8273,2962,627,5449,0
2302,8.39528,433,0,0,0,172.108,436,8187,0,0,1094,0,614.699,2962,627,5449,0
1993,7.2687,167,0,0,0,89.105,439,8189,0,0,1092,0,11.3015,2962,627,5449,0
1954,7.12611,340,0,0,0,133.99,441,8189,0,0,828,0,57.6639,2962,627,5449,0
986,3.59592,5,0,441,0,221.381,5,8189,105,0,388,0,20.261,3067,627,5890,0
1402,5.1133,208,0,0,0,89.336,221,8189,0,0,605,0,10.9878,3067,627,5890,0
1705,6.21842,126,0,0,0,78.857,225,8189,0,0,897,0,10.4771,3067,627,5890,0
1731,6.31344,214,0,1,0,73.853,228,8189,1,0,715,1,8.79898,3068,628,5891,0
1830,6.67409,171,0,0,0,92.268,232,8189,0,0,941,0,11.6079,3068,628,5891,0
2094,7.63758,230,0,0,0,132.276,237,8189,0,0,1020,0,9.08717,3068,628,5891,0
1738,6.33908,240,0,0,0,115.112,240,8187,0,0,868,0,7.98547,3068,628,5891,0
2109,7.69216,243,0,5,0,125.324,244,8189,5,0,940,2,8.79533,3073,630,5896,0
1946,7.0972,242,0,20,0,121.606,248,8189,20,0,967,7,8.50349,3093,637,5916,0
2167,7.90357,225,0,28,0,86.925,252,8189,28,0,982,6,22.9021,3121,643,5944,0
2070,7.54932,249,0,0,0,82.288,256,8189,0,0,1027,0,9.07987,3121,643,5944,0
2350,8.5713,257,0,9,0,57.801,260,8189,9,0,1045,5,37.1257,3130,648,5953,0
2598,9.47586,265,0,0,0,51.406,265,8189,0,0,1298,0,803.622,3130,648,5953,0
2448,8.92864,254,0,0,0,87.569,270,8189,0,0,1232,0,33.2004,3130,648,5953,0
2100,7.65885,271,0,0,0,159.586,274,8189,0,0,1045,0,8.72966,3130,648,5953,0
2269,8.27536,273,0,0,0,142.928,278,8189,0,0,1135,0,8.40134,3130,648,5953,0
1817,6.62708,277,0,0,0,87.993,281,8189,0,0,910,0,7.55866,3130,648,5953,0
1966,7.17048,226,0,0,0,84.399,285,8189,0,0,1014,0,7.31424,3130,648,5953,0
2378,8.67289,251,0,0,0,149.658,289,8189,0,0,1178,0,8.91206,3130,648,5953,0
2023,7.37858,284,0,1,0,174.337,292,8189,1,0,865,1,9.59424,3131,649,5954,0
1711,6.24011,292,0,0,0,147.899,295,8189,0,0,856,0,8.54362,3131,649,5954,0
1899,6.92606,164,0,0,0,86.565,298,8189,0,0,1017,0,7.46746,3131,649,5954,0
1791,6.53221,165,0,0,0,103.27,301,8189,0,0,899,0,12.6513,3131,649,5954,0
1798,6.55715,242,0,1,0,96.883,303,8189,1,0,715,1,14.2199,3132,650,5955,0
2033,7.41298,299,0,13,0,123.746,306,8189,13,0,878,7,8.59834,3145,657,5968,0
1987,7.2473,208,0,17,0,104.113,309,8189,17,0,899,9,8.36486,3162,666,5985,0
2234,8.14805,307,0,0,0,128.963,313,8189,0,0,1069,0,14.6248,3162,666,5985,0
2204,8.03104,315,0,0,0,105.519,316,8189,0,0,1102,0,9.97728,3162,666,5985,0
1974,7.19945,287,0,0,0,161.639,319,8189,0,0,1001,0,13.7347,3162,666,5985,0
1839,6.7068,221,0,0,0,120.999,322,8189,0,0,958,0,10.685,3162,666,5985,0
1822,6.64533,228,0,0,0,130.374,325,8185,0,0,911,0,24.438,3162,666,5985,0
1860,6.78349,247,0,0,0,117.225,328,8189,0,0,923,0,10.8455,3162,666,5985,0
1937,7.0642,173,0,0,0,124.902,331,8189,0,0,1009,0,10.094,3162,666,5985,0


