SendPacket,SendRate(Mb/s),FlightSize,ReceiveRate(Mb/s),Send Loss,Recv Loss,RTT(ms),CWnd,FlowWindow,Retrans,PktSndPeriod(us),RecvACK,RecvNAK,EstimatedBandwidth(Mb/s),Retrans_Total,NAK_TotalRecv,Total Send Loss,Total Recv Loss
569,5.21453,39,0,135,0,194.555,39,8175,135,0,174,4,10.7575,135,4,135,0
658,6.34644,65,0,13,0,66.722,69,8189,13,0,199,12,12.938,148,16,148,0
730,7.04116,69,0,5,0,87.813,73,8189,5,0,265,5,12.2916,153,21,153,0
695,6.70368,75,0,4,0,84.508,76,8190,4,0,245,4,12.3591,157,25,157,0
808,7.79417,77,0,4,0,87.871,80,8189,4,0,300,4,15.3596,161,29,161,0
802,7.73562,82,0,2,0,88.182,84,8189,2,0,333,2,14.0185,163,31,163,0
754,7.27265,87,0,4,0,99.986,87,8190,4,0,300,4,13.7195,167,35,167,0
722,6.96397,90,0,4,0,87.772,90,8190,4,0,216,4,11.9925,171,39,171,0
798,7.69725,62,0,3,0,85.684,93,8189,3,0,287,3,12.552,174,42,174,0
812,7.8321,75,0,4,0,85.84,96,8189,4,0,282,4,12.7547,178,46,178,0
779,7.51377,99,0,3,0,104.048,99,8189,3,0,259,3,14.3466,181,49,181,0
778,7.50408,79,0,5,0,76.425,101,8189,5,0,236,5,15.3886,186,54,186,0
763,7.35954,102,0,6,0,83.757,103,8151,6,0,256,6,11.539,192,60,192,0
811,7.82221,101,0,5,0,103.192,106,8189,5,0,257,5,12.9766,197,65,197,0
778,7.50461,95,0,2,0,94.085,109,8190,2,0,344,2,12.3494,199,67,199,0
787,7.5914,73,0,3,0,101.462,111,8191,3,0,267,3,15.0702,202,70,202,0
520,5.01596,55,0,116,0,58.704,56,8189,64,0,123,5,15.1088,266,75,318,0
548,5.2857,30,0,64,0,88.062,3,8162,64,0,191,5,13.2274,330,80,382,0
620,5.98012,37,0,0,0,46.225,37,8189,0,0,296,0,12.1372,330,80,382,0
735,7.08929,45,0,1,0,47.978,45,8190,1,0,349,1,10.1883,331,81,383,0
844,8.14066,52,0,1,0,51.883,53,8189,1,0,402,1,10.1786,332,82,384,0
662,6.38526,59,0,1,0,76.254,59,8189,1,0,306,1,14.4816,333,83,385,0
787,7.5909,58,0,3,0,72.265,64,8189,3,0,317,3,17.897,336,86,388,0
818,7.88987,59,0,3,0,71.613,69,8189,3,0,316,3,16.7103,339,89,391,0
610,5.88368,70,0,2,0,74.483,72,8189,2,0,244,2,13.623,341,91,393,0
677,6.52991,72,0,3,0,81.643,75,8189,3,0,245,3,13.5844,344,94,396,0
648,6.25035,42,0,76,0,53.465,42,8189,60,0,276,1,11.3943,404,95,472,0
678,6.53989,50,0,1,0,57.748,50,8189,1,0,339,1,12.8704,405,96,473,0
744,7.17615,55,0,2,0,67.313,55,8191,2,0,302,2,13.6809,407,98,475,0
750,7.23399,59,0,3,0,66.726,61,8189,3,0,321,3,13.7966,410,101,478,0
757,7.30189,64,0,3,0,54.24,65,8189,3,0,295,3,17.1927,413,104,481,0
701,6.7614,58,0,3,0,85.123,69,8189,3,0,260,3,12.8994,416,107,484,0
719,6.93512,71,0,3,0,74.445,73,8189,3,0,286,3,11.6451,419,110,487,0
723,6.97364,75,0,2,0,79.439,77,8189,2,0,293,2,13.3335,421,112,489,0
684,6.59746,80,0,2,0,93.627,81,8189,2,0,270,2,13.0634,423,114,491,0
749,7.22434,84,0,3,0,89.977,84,8189,3,0,303,3,12.6678,426,117,494,0
800,7.71622,86,0,3,0,94.243,87,8189,3,0,256,3,14.7132,429,120,497,0
790,7.62011,90,0,5,0,85.752,90,8189,5,0,230,5,15.6394,434,125,502,0
763,7.35943,58,0,3,0,95.391,93,8189,3,0,273,3,13.1213,437,128,505,0
793,7.64874,71,0,4,0,60.816,95,8191,4,0,256,4,14.8097,441,132,509,0
754,7.27266,98,0,3,0,88.013,98,8191,3,0,239,3,16.3823,444,135,512,0
761,7.34023,68,0,3,0,99.448,101,8189,3,0,313,3,12.0021,447,138,515,0
795,7.66801,70,0,9,0,84.069,103,8189,9,0,177,9,12.1082,456,147,524,0
827,7.97675,82,0,4,0,78.736,105,8189,4,0,285,4,13.9896,460,151,528,0
771,7.43697,97,0,2,0,112.742,108,8189,2,0,305,2,16.7586,462,153,530,0
796,7.67843,81,0,4,0,94.767,111,8191,4,0,311,4,15.0509,466,157,534,0
741,7.14715,79,0,4,0,90.114,113,8189,4,0,247,4,16.2955,470,161,538,0
732,7.06098,79,0,6,0,84.373,115,8189,6,0,209,6,16.2569,476,167,544,0
840,8.10216,70,0,4,0,98.315,118,8189,4,0,287,4,19.2671,480,171,548,0
759,7.32105,117,0,6,0,92.708,119,8189,6,0,216,6,11.9249,486,177,554,0
885,8.53614,78,0,3,0,102.291,122,8189,3,0,367,3,12.7836,489,180,557,0
805,7.76484,123,0,2,0,104.813,125,8189,2,0,294,2,15.514,491,182,559,0
799,7.70663,92,0,1,0,109.841,128,8189,1,0,374,1,16.6621,492,183,560,0
793,7.64893,96,0,3,0,120.681,130,8190,3,0,269,3,12.2916,495,186,563,0
829,7.9957,117,0,5,0,74.434,132,8189,5,0,244,5,14.7807,500,191,568,0
804,7.75489,62,0,4,0,102.587,134,8190,4,0,259,4,13.3914,504,195,572,0
855,8.24698,81,0,2,0,89.764,136,8189,2,0,380,2,14.7132,506,197,574,0
942,9.08675,83,0,1,0,85.29,139,8191,1,0,370,1,13.4204,507,198,575,0
770,7.42694,45,0,7,0,80.387,141,8189,7,0,211,7,10.4198,514,205,582,0
849,8.18915,77,0,4,0,77.08,142,8189,4,0,243,4,11.7995,518,209,586,0
806,7.77399,91,0,2,0,117.59,145,8189,2,0,314,2,14.0475,520,211,588,0
731,7.05074,74,0,3,0,108.491,146,8191,3,0,259,3,12.5424,523,214,591,0
771,7.43648,117,0,4,0,104.306,148,8191,4,0,221,4,15.1377,527,218,595,0
802,7.7354,145,0,9,0,120.915,149,8189,9,0,137,9,13.8063,536,227,604,0
661,6.37542,150,0,9,0,128.148,150,8164,9,0,157,9,10.333,545,236,613,0
365,3.52066,71,0,152,0,59.991,75,8191,61,0,88,2,10.2655,606,238,765,0
645,6.22101,65,0,1,0,126.855,79,8189,1,0,301,1,13.1309,607,239,766,0
659,6.3563,79,0,4,0,82.775,81,8189,4,0,187,4,16.7296,611,243,770,0
722,6.96394,76,0,1,0,75.9,85,8189,1,0,326,1,20.5792,612,244,771,0
765,7.37873,70,0,6,0,60.71,88,8189,6,0,242,6,14.4141,618,250,777,0
752,7.25316,72,0,3,0,76.559,91,8189,3,0,260,3,13.9317,621,253,780,0
734,7.07983,70,0,3,0,78.734,93,8189,3,0,248,3,10.8444,624,256,783,0
784,7.56235,69,0,6,0,70.299,96,8189,6,0,245,6,13.4976,630,262,789,0
731,7.05078,85,0,4,0,89.582,98,8189,4,0,232,4,12.7932,634,266,793,0
765,7.37874,75,0,4,0,87.753,101,8189,4,0,250,4,15.7262,638,270,797,0
589,5.68121,102,0,3,0,83.124,102,8189,3,0,185,3,12.0214,641,273,800,0
795,7.66833,68,0,3,0,71.224,105,8189,3,0,248,3,11.6837,644,276,803,0
711,6.85779,26,0,115,0,62.851,26,8189,76,0,146,9,11.2785,720,285,918,0
708,6.82893,51,0,2,0,89.221,57,8189,2,0,296,2,14.3369,722,287,920,0
703,6.78072,62,0,4,0,74.457,62,8190,4,0,268,4,16.392,726,291,924,0
674,6.50098,65,0,5,0,52.038,66,8189,5,0,251,5,15.2824,731,296,929,0
541,5.21814,37,0,67,0,37.416,37,8191,50,0,233,1,11.4811,781,297,996,0
662,6.38507,45,0,0,0,62.638,45,8189,0,0,333,0,12.3591,781,297,996,0
420,4.05101,24,0,51,0,81.873,24,8191,51,0,159,3,15.8131,832,300,1047,0
469,4.52369,32,0,0,0,48.904,32,8189,0,0,237,0,14.2115,832,300,1047,0
493,4.75516,22,0,36,0,38.788,22,8189,36,0,237,0,15.2728,868,300,1083,0
491,4.736,31,0,0,0,48.528,31,8189,0,0,247,0,16.1122,868,300,1083,0
562,5.42098,39,0,0,0,57.866,39,8189,0,0,284,0,11.8284,868,300,1083,0
679,6.54934,47,0,1,0,48.317,47,8189,1,0,325,1,13.8738,869,301,1084,0
724,6.98283,53,0,2,0,54.638,53,8189,2,0,318,2,13.7773,871,303,1086,0
542,5.22788,32,0,55,0,37.377,32,8189,55,0,235,1,13.3914,926,304,1141,0
633,6.10588,41,0,0,0,63.635,41,8191,0,0,319,0,14.0282,926,304,1141,0
677,6.53032,48,0,1,0,49.574,48,8191,1,0,320,1,13.0827,927,305,1142,0
751,7.24394,52,0,1,0,70.466,55,8189,1,0,353,1,13.1406,928,306,1143,0
642,6.19209,58,0,5,0,79.312,58,8134,5,0,213,5,13.8931,933,311,1148,0
705,6.79997,58,0,4,0,70.318,62,8189,4,0,246,4,12.9862,937,315,1152,0
812,7.83237,66,0,2,0,54.015,68,8189,2,0,350,2,16.1797,939,317,1154,0
779,7.51383,70,0,2,0,82.332,73,8189,2,0,360,2,17.0963,941,319,1156,0
759,7.3211,77,0,3,0,94.002,77,8189,3,0,309,3,18.4856,944,322,1159,0
704,6.79074,77,0,4,0,101.032,80,8191,4,0,214,4,15.8227,948,326,1163,0
825,7.95721,81,0,5,0,70.87,84,8189,5,0,333,5,13.7484,953,331,1168,0
779,7.51419,65,0,3,0,69.975,87,8189,3,0,325,3,17.1541,956,334,1171,0
813,7.84282,88,0,4,0,95.464,91,8189,4,0,274,4,18.3408,960,338,1175,0
741,7.14761,90,0,3,0,104.588,94,8189,3,0,285,3,15.321,963,341,1178,0
757,7.30156,74,0,8,0,70.568,96,8189,8,0,227,8,13.2756,971,349,1186,0
816,7.87063,99,0,4,0,92.76,99,8189,4,0,276,4,17.0866,975,353,1190,0
659,6.35607,53,0,99,0,49.553,53,8189,59,0,282,0,15.0316,1034,353,1289,0
751,7.24408,59,0,1,0,68.609,59,8189,1,0,350,1,16.4112,1035,354,1290,0
528,5.09308,31,0,64,0,27.901,31,8189,64,0,193,3,15.157,1099,357,1354,0
496,4.78427,21,0,36,0,41.504,21,8189,36,0,244,0,14.0089,1135,357,1390,0
519,5.00588,31,0,0,0,48.217,31,8189,0,0,259,0,17.3278,1135,357,1390,0
706,6.80975,40,0,0,0,46.887,40,8189,0,0,354,0,17.405,1135,357,1390,0
767,7.39787,48,0,2,0,58.852,48,8189,2,0,345,2,15.5429,1137,359,1392,0
769,7.41727,55,0,2,0,62.038,55,8189,2,0,338,2,14.5878,1139,361,1394,0
778,7.50406,57,0,3,0,72.436,60,8189,3,0,340,3,14.829,1142,364,1397,0
704,6.79018,65,0,5,0,80.026,65,8191,5,0,289,5,13.3625,1147,369,1402,0
781,7.53317,67,0,3,0,65.675,69,8191,3,0,273,3,16.3727,1150,372,1405,0
719,6.93545,71,0,2,0,105.043,73,8189,2,0,291,2,14.5009,1152,374,1407,0
832,8.02431,75,0,1,0,105.436,78,8189,1,0,386,1,11.4618,1153,375,1408,0
811,7.82238,82,0,5,0,97.23,82,8189,5,0,331,5,13.1116,1158,380,1413,0
791,7.62945,72,0,3,0,78.885,85,8191,3,0,247,3,13.3818,1161,383,1416,0
548,5.28565,43,0,89,0,46.579,43,8189,61,0,179,2,12.5038,1222,385,1505,0
788,7.60119,51,0,0,0,50.962,51,8189,0,0,396,0,16.9901,1222,385,1505,0
775,7.4757,57,0,2,0,65.576,57,8189,2,0,337,2,17.1541,1224,387,1507,0
761,7.34021,58,0,2,0,74.553,63,8189,2,0,355,2,16.1315,1226,389,1509,0
746,7.19561,68,0,3,0,73.204,68,8189,3,0,286,3,14.9448,1229,392,1512,0
534,5.151,39,0,68,0,61.162,39,8189,68,0,221,0,12.1275,1297,392,1580,0
753,7.26309,47,0,0,0,53.507,47,8189,0,0,377,0,15.3693,1297,392,1580,0
712,6.86749,53,0,2,0,66.425,53,8189,2,0,313,2,14.5588,1299,394,1582,0
758,7.31115,57,0,2,0,58.97,59,8189,2,0,331,2,16.6621,1301,396,1584,0
743,7.16634,61,0,3,0,74.597,64,8189,3,0,284,3,14.5395,1304,399,1587,0
760,7.33058,69,0,2,0,86.815,69,8189,2,0,349,2,12.9669,1306,401,1589,0
742,7.15718,71,0,3,0,81.505,73,8189,3,0,275,3,16.691,1309,404,1592,0
794,7.65845,76,0,2,0,83.56,77,8189,2,0,330,2,15.4272,1311,406,1594,0
522,5.0349,42,0,79,0,56.075,42,8189,60,0,215,1,17.4918,1371,407,1673,0
700,6.75178,49,0,2,0,54.608,49,8189,2,0,307,2,13.8545,1373,409,1675,0
784,7.56183,56,0,1,0,74.146,56,8189,1,0,373,1,12.8608,1374,410,1676,0
718,6.92539,61,0,3,0,84.923,61,8189,3,0,307,3,12.8608,1377,413,1679,0
686,6.61676,65,0,4,0,70,65,8190,4,0,252,4,10.8444,1381,417,1683,0
564,5.4403,35,0,69,0,39.728,35,8189,61,0,206,2,13.1599,1442,419,1752,0
755,7.28227,44,0,1,0,57.13,44,8190,1,0,377,1,13.1888,1443,420,1753,0
778,7.50413,52,0,0,0,44.862,52,8189,0,0,372,0,14.3659,1443,420,1753,0
733,7.07069,58,0,2,0,56.553,58,8189,2,0,319,2,15.6684,1445,422,1755,0
677,6.52998,62,0,3,0,92.108,62,8134,3,0,255,3,16.4016,1448,425,1758,0
603,5.81614,31,0,66,0,101.08,31,8189,65,0,216,3,14.4527,1513,428,1824,0
635,6.12479,40,0,0,0,55.617,40,8189,0,0,320,0,16.4595,1513,428,1824,0
597,5.75882,46,0,1,0,75.237,46,8189,1,0,278,1,15.9096,1514,429,1825,0
664,6.40493,52,0,3,0,60.413,52,8189,3,0,288,3,13.0634,1517,432,1828,0
457,4.40792,21,0,58,0,62.638,21,8189,58,0,147,4,10.9794,1575,436,1886,0
527,5.08306,35,0,0,0,55.485,35,8189,0,0,263,0,8.79898,1575,436,1886,0
473,4.56261,23,0,39,0,30.815,23,8189,39,0,212,2,10.4391,1614,438,1925,0
613,5.91272,34,0,0,0,53.679,34,8191,0,0,309,0,13.7195,1614,438,1925,0
591,5.7006,41,0,1,0,39.758,41,8189,1,0,283,1,16.6428,1615,439,1926,0
635,6.12469,48,0,2,0,52.299,48,8189,2,0,295,2,13.7484,1617,441,1928,0
541,5.21836,52,0,2,0,81.961,52,8139,2,0,225,2,12.0504,1619,443,1930,0
922,8.8934,59,0,0,0,47.868,60,8189,0,0,462,0,14.6457,1619,443,1930,0
833,8.03479,65,0,3,0,68.128,65,8189,3,0,329,3,14.8579,1622,446,1933,0
828,7.98637,71,0,3,0,79.074,71,8189,3,0,349,3,16.2569,1625,449,1936,0
759,7.32082,69,0,1,0,59.973,75,8187,1,0,352,1,14.8965,1626,450,1937,0
808,7.79346,59,0,3,0,79.455,79,8113,3,0,303,3,16.9419,1629,453,1940,0
774,7.46541,62,0,6,0,63.087,83,8189,6,0,280,6,15.0219,1635,459,1946,0
784,7.56199,85,0,2,0,86.249,86,8191,2,0,315,2,15.6876,1637,461,1948,0
773,7.45615,87,0,3,0,86.201,89,8189,3,0,263,3,12.06,1640,464,1951,0
761,7.34012,92,0,3,0,126.099,93,8190,3,0,343,3,10.526,1643,467,1954,0
664,6.40468,49,0,96,0,85.52,49,8189,83,0,243,2,12.8125,1726,469,2050,0
501,4.83196,31,0,49,0,36.599,31,8189,49,0,220,0,14.6553,1775,469,2099,0
705,6.80001,41,0,0,0,47.455,41,8189,0,0,356,0,16.0157,1775,469,2099,0
748,7.2146,49,0,0,0,58.315,49,8189,0,0,376,0,13.5844,1775,469,2099,0
474,4.57172,9,0,55,0,62.178,9,8189,55,0,161,3,14.0282,1830,472,2154,0
682,6.57848,36,0,0,0,29.121,36,8191,0,0,333,0,14.9158,1830,472,2154,0
686,6.61712,44,0,0,0,56.096,44,8191,0,0,345,0,15.4368,1830,472,2154,0
732,7.06073,51,0,1,0,61.065,51,8189,1,0,343,1,14.2115,1831,473,2155,0
790,7.6203,58,0,1,0,74.31,58,8189,1,0,370,1,13.6519,1832,474,2156,0
731,7.05061,63,0,5,0,81.057,63,8189,5,0,285,5,14.7807,1837,479,2161,0
848,8.17724,68,0,1,0,73.134,68,8189,1,0,369,1,12.6003,1838,480,2162,0
777,7.49468,71,0,1,0,94.425,73,8189,1,0,360,1,16.2183,1839,481,2163,0
754,7.27278,77,0,3,0,80.474,77,8189,3,0,310,3,13.8449,1842,484,2166,0
702,6.77141,80,0,3,0,86.863,80,8190,3,0,242,3,13.2949,1845,487,2169,0
779,7.51421,83,0,5,0,81.074,83,8189,5,0,247,5,17.8488,1850,492,2174,0
690,6.65534,70,0,2,0,95.983,87,8189,2,0,270,2,18.9873,1852,494,2176,0
675,6.51101,88,0,3,0,112.613,89,8191,3,0,249,3,14.5974,1855,497,2179,0
749,7.22444,88,0,2,0,98.994,93,8191,2,0,292,2,12.6003,1857,499,2181,0
725,6.99288,63,0,2,0,78.274,96,8189,2,0,291,2,13.7773,1859,501,2183,0
750,7.23416,57,0,4,0,88.512,98,8189,4,0,250,4,17.2989,1863,505,2187,0
749,7.22427,60,0,4,0,96.018,101,8092,4,0,233,4,17.3085,1867,509,2191,0
768,7.40809,88,0,2,0,107.513,103,8189,2,0,278,2,17.405,1869,511,2193,0
768,7.40789,106,0,4,0,75.542,106,8189,4,0,239,4,15.7938,1873,515,2197,0
875,8.43978,83,0,3,0,73.59,109,8191,3,0,365,3,14.2115,1876,518,2200,0
798,7.69732,95,0,1,0,119.013,112,8189,1,0,346,1,17.376,1877,519,2201,0
776,7.48495,106,0,4,0,80.647,115,8191,4,0,276,4,12.6968,1881,523,2205,0
745,7.18585,75,0,6,0,68.177,116,8189,6,0,198,6,12.7547,1887,529,2211,0
717,6.91553,97,0,4,0,104.353,118,8189,4,0,204,4,13.5168,1891,533,2215,0
813,7.84179,74,0,3,0,86.392,120,8189,3,0,286,3,17.1927,1894,536,2218,0
769,7.41733,113,0,6,0,87.72,122,8190,6,0,203,6,15.0895,1900,542,2224,0
798,7.697,103,0,4,0,82.461,124,8190,4,0,262,4,11.3846,1904,546,2228,0
754,7.27302,64,0,125,0,64.286,65,8187,76,0,286,1,13.7098,1980,547,2353,0
723,6.97357,59,0,3,0,80.962,69,8123,3,0,271,3,12.7161,1983,550,2356,0
734,7.07951,70,0,3,0,84.996,73,8189,3,0,264,3,12.6582,1986,553,2359,0
687,6.62621,76,0,3,0,86.635,76,8189,3,0,269,3,15.1667,1989,556,2362,0
840,8.10243,81,0,1,0,88.636,81,8189,1,0,347,1,17.4146,1990,557,2363,0
713,6.87755,80,0,4,0,102.406,84,8189,4,0,247,4,16.0639,1994,561,2367,0
788,7.60078,77,0,4,0,72.628,87,8191,4,0,245,4,17.8392,1998,565,2371,0
703,6.78124,53,0,5,0,87.965,89,8189,5,0,208,5,12.4556,2003,570,2376,0
760,7.32345,80,0,4,0,81.432,92,8189,4,0,256,4,11.6065,2007,574,2380,0
712,6.86788,94,0,4,0,81.737,94,8189,4,0,221,4,16.4112,2011,578,2384,0
751,7.24311,61,0,6,0,53.144,97,8189,6,0,240,6,15.321,2017,584,2390,0
777,7.49485,60,0,4,0,103.306,99,8189,4,0,254,4,14.6071,2021,588,2394,0
785,7.57182,60,0,5,0,93.934,102,8191,5,0,282,5,14.472,2026,593,2399,0
700,6.75174,82,0,4,0,81.926,104,8191,4,0,223,4,10.2076,2030,597,2403,0
842,8.12189,91,0,1,0,99.299,108,8189,1,0,381,1,12.1951,2031,598,2404,0
776,7.4851,72,0,2,0,103.764,110,8189,2,0,302,2,16.0832,2033,600,2406,0
761,7.34017,113,0,3,0,141.542,113,8189,3,0,276,3,13.2371,2036,603,2409,0
796,7.67827,73,0,5,0,84.705,115,8141,5,0,204,5,13.8256,2041,608,2414,0
737,7.10921,66,0,3,0,83.252,117,8189,3,0,237,3,13.3239,2044,611,2417,0
842,8.12143,65,0,3,0,85.213,119,8191,3,0,289,3,10.9794,2047,614,2420,0
777,7.49438,79,0,4,0,75.76,121,8189,4,0,259,4,12.0407,2051,618,2424,0
790,7.61986,105,0,3,0,106.385,124,8189,3,0,284,3,10.1786,2054,621,2427,0
811,7.82246,122,0,2,0,139.818,126,8189,2,0,313,2,15.7359,2056,623,2429,0
791,7.62949,65,0,4,0,75.672,128,8189,4,0,245,4,17.077,2060,627,2433,0
907,8.74865,123,0,2,0,101.939,131,8189,2,0,348,2,12.0696,2062,629,2435,0
820,7.91,64,0,2,0,121.678,134,8191,2,0,376,2,18.2154,2064,631,2437,0
844,8.14053,115,0,7,0,83.796,136,8133,7,0,266,7,15.7648,2071,638,2444,0
831,8.01513,95,0,2,0,149.934,138,8191,2,0,339,2,12.1275,2073,640,2446,0
753,7.26293,76,0,5,0,85.755,139,8135,5,0,205,5,12.5713,2078,645,2451,0
823,7.93814,71,0,2,0,117.352,142,8189,2,0,306,2,12.8897,2080,647,2453,0
833,8.03529,142,0,2,0,156.438,144,8189,2,0,315,2,10.3812,2082,649,2455,0
851,8.20834,59,0,5,0,117.736,146,8190,5,0,286,5,16.5849,2087,654,2460,0
826,7.96671,133,0,1,0,131.062,148,8189,1,0,312,1,12.3494,2088,655,2461,0
772,7.44671,63,0,2,0,77.578,150,8189,2,0,283,2,17.6655,2090,657,2463,0
784,7.56248,95,0,5,0,86.507,151,8191,5,0,220,5,14.5202,2095,662,2468,0
836,8.06391,80,0,2,0,115.678,153,8189,2,0,324,2,15.8613,2097,664,2470,0
856,8.25638,101,0,3,0,100.13,155,8189,3,0,249,3,18.3891,2100,667,2473,0
800,7.71625,80,0,3,0,171.433,157,8189,3,0,297,3,17.0384,2103,670,2476,0
857,8.26579,81,0,2,0,93.248,159,8189,2,0,352,2,16.2279,2105,672,2478,0
870,8.39152,57,0,3,0,159.374,161,8189,3,0,289,3,16.035,2108,675,2481,0
758,7.31122,62,0,2,0,104.318,163,8189,2,0,266,2,13.1213,2110,677,2483,0
822,7.9284,96,0,4,0,90.859,164,8189,4,0,259,4,10.7672,2114,681,2487,0
832,8.02487,73,0,3,0,115.811,166,8189,3,0,250,3,16.1411,2117,684,2490,0
822,7.92879,105,0,2,0,180.42,168,8189,2,0,309,2,17.5304,2119,686,2492,0
830,8.00564,58,0,3,0,122.419,169,8191,3,0,278,3,18.3312,2122,689,2495,0
768,7.40763,106,0,4,0,107.563,170,8189,4,0,203,4,17.7427,2126,693,2499,0
788,7.60055,65,0,5,0,94.311,172,8191,5,0,203,5,12.9573,2131,698,2504,0
764,7.36899,67,0,5,0,143.125,173,8191,5,0,194,5,13.5072,2136,703,2509,0
736,7.09944,172,0,2,0,177.394,174,8189,2,0,232,2,16.1893,2138,705,2511,0
810,7.81315,92,0,4,0,155.308,176,8191,4,0,305,4,12.6582,2142,709,2515,0
756,7.29215,72,0,7,0,101.895,177,8191,7,0,218,7,14.636,2149,716,2522,0
875,8.43968,88,0,179,0,68.957,89,8191,89,0,305,2,16.2955,2238,718,2701,0
718,6.9254,82,0,5,0,88.025,92,8189,5,0,277,5,17.9839,2243,723,2706,0
778,7.50414,81,0,3,0,100.123,96,8189,3,0,308,3,15.8613,2246,726,2709,0
789,7.61026,75,0,3,0,65.229,99,8189,3,0,319,3,12.0986,2249,729,2712,0
823,7.93811,73,0,3,0,77.699,102,8191,3,0,331,3,11.375,2252,732,2715,0
778,7.50427,67,0,3,0,74.304,105,8189,3,0,309,3,14.2212,2255,735,2718,0
750,7.23444,99,0,4,0,80.378,107,8189,4,0,206,4,15.0219,2259,739,2722,0
754,7.27262,108,0,4,0,78.159,109,8189,4,0,236,4,15.2535,2263,743,2726,0
796,7.67824,96,0,2,0,153.172,113,8116,2,0,371,2,16.3244,2265,745,2728,0
754,7.27272,93,0,4,0,92.409,114,8191,4,0,214,4,12.909,2269,749,2732,0
794,7.6584,115,0,1,0,160.629,117,8189,1,0,351,1,15.4175,2270,750,2733,0
782,7.54259,71,0,4,0,93.291,120,8189,4,0,281,4,16.0929,2274,754,2737,0
835,8.05373,108,0,7,0,117.747,122,8191,7,0,229,7,14.2019,2281,761,2744,0
818,7.89041,73,0,3,0,95.85,124,8189,3,0,307,3,14.4141,2284,764,2747,0
753,7.26349,79,0,10,0,91.646,125,8189,10,0,148,10,13.6326,2294,774,2757,0
763,7.35964,89,0,3,0,124.03,128,8189,3,0,272,3,13.8545,2297,777,2760,0
719,6.93543,81,0,6,0,129.856,129,8191,6,0,198,6,13.2371,2303,783,2766,0
731,7.05122,79,0,2,0,97.48,131,8189,2,0,262,2,10.526,2305,785,2768,0
840,8.1022,94,0,2,0,75.31,134,8187,2,0,338,2,9.27173,2307,787,2770,0
782,7.54271,74,0,3,0,91.455,136,8189,3,0,301,3,13.073,2310,790,2773,0
805,7.76479,129,0,5,0,108.676,138,8191,5,0,246,5,15.2728,2315,795,2778,0
756,7.29196,121,0,2,0,160.054,139,8191,2,0,234,2,18.0418,2317,797,2780,0
643,6.20193,52,0,143,0,76.015,70,8189,80,0,193,3,19.132,2397,800,2923,0
628,6.05724,36,0,74,0,54.053,36,8189,59,0,261,1,12.2047,2456,801,2997,0
765,7.37871,45,0,0,0,56.055,45,8191,0,0,385,0,12.7064,2456,801,2997,0
761,7.34014,53,0,1,0,45.154,53,8191,1,0,354,1,12.5038,2457,802,2998,0
691,6.66493,55,0,4,0,68.908,58,8190,4,0,293,4,13.6809,2461,806,3002,0
723,6.97419,62,0,2,0,52.569,62,8190,2,0,279,2,9.45504,2463,808,3004,0
818,7.89022,68,0,2,0,62.093,68,8191,2,0,358,2,11.6355,2465,810,3006,0
729,7.0314,69,0,2,0,78.583,72,8191,2,0,300,2,12.7354,2467,812,3008,0
838,8.08329,74,0,1,0,74.317,77,8189,1,0,389,1,12.4845,2468,813,3009,0
738,7.11881,75,0,3,0,72.41,81,8189,3,0,298,3,12.6582,2471,816,3012,0
717,6.91582,68,0,3,0,100.881,85,8189,3,0,293,3,16.0832,2474,819,3015,0
836,8.06353,57,0,3,0,93.271,88,8189,3,0,315,3,12.0696,2477,822,3018,0
772,7.44619,90,0,3,0,88.167,91,8189,3,0,292,3,12.1854,2480,825,3021,0
752,7.25327,77,0,4,0,97.325,94,8191,4,0,251,4,17.2024,2484,829,3025,0
745,7.18581,85,0,2,0,101.754,97,8189,2,0,293,2,15.6298,2486,831,3027,0
796,7.6777,89,0,5,0,107.557,100,8189,4,0,266,5,14.3659,2490,836,3032,0
804,7.75484,76,0,1,0,90.625,103,8189,2,0,318,1,12.0793,2492,837,3033,0
774,7.46581,79,0,4,0,77.311,105,8189,4,0,257,4,12.0504,2496,841,3037,0
792,7.63971,60,0,2,0,126.364,108,8189,2,0,315,2,12.2337,2498,843,3039,0
793,7.64884,56,0,1,0,107.128,112,8189,1,0,364,1,15.9771,2499,844,3040,0
778,7.50396,64,0,3,0,62.42,114,8189,3,0,245,3,10.8829,2502,847,3043,0
739,7.12842,91,0,2,0,106.009,116,8189,2,0,285,2,14.1536,2504,849,3045,0
778,7.50341,74,0,4,0,72.699,118,8189,4,0,218,4,13.5554,2508,853,3049,0
753,7.26358,92,0,2,0,85.733,120,8189,2,0,261,2,15.0412,2510,855,3051,0
820,7.90951,70,0,1,0,76.523,123,8189,1,0,374,1,15.321,2511,856,3052,0
806,7.77428,122,0,4,0,92.289,126,8190,4,0,319,4,15.9481,2515,860,3056,0
802,7.73612,125,0,3,0,75.006,128,8189,3,0,260,3,17.241,2518,863,3059,0
823,7.9381,128,0,3,0,105.997,130,8189,3,0,255,3,15.2438,2521,866,3062,0
857,8.26571,88,0,2,0,117.11,133,8189,2,0,338,2,16.6428,2523,868,3064,0
802,7.73558,132,0,2,0,137.256,134,8189,2,0,259,2,15.5526,2525,870,3066,0
826,7.96683,121,0,4,0,93.989,136,8189,4,0,232,4,16.4305,2529,874,3070,0
818,7.88994,85,0,2,0,96.027,138,8189,2,0,274,2,12.0021,2531,876,3072,0
806,7.77423,116,0,3,0,97.077,140,8189,3,0,221,3,14.1247,2534,879,3075,0
806,7.77423,73,0,2,0,68.411,142,8189,2,0,310,2,16.0832,2536,881,3077,0
753,7.263,136,0,2,0,153.091,144,8187,2,0,277,2,16.1315,2538,883,3079,0
815,7.86102,146,0,5,0,146.384,146,8189,5,0,264,5,12.4363,2543,888,3084,0
883,8.51631,131,0,3,0,91.521,148,8190,3,0,398,3,14.993,2546,891,3087,0
820,7.90952,62,0,5,0,92.849,150,8189,5,0,234,5,15.321,2551,896,3092,0
787,7.59135,97,0,4,0,104.489,151,8190,4,0,197,4,16.0253,2555,900,3096,0
847,8.17012,100,0,5,0,79.002,153,8189,5,0,226,5,13.9607,2560,905,3101,0
802,7.73621,58,0,7,0,116.593,154,8191,7,0,190,7,13.5458,2567,912,3108,0
824,7.94781,73,0,3,0,86.529,156,8189,3,0,298,3,13.1116,2570,915,3111,0
863,8.32382,132,0,2,0,121.008,158,8189,2,0,342,2,12.4652,2572,917,3113,0
827,7.97736,158,0,6,0,83.568,159,8189,6,0,200,6,11.4908,2578,923,3119,0
847,8.16984,115,0,2,0,107.727,162,8190,2,0,382,2,18.3601,2580,925,3121,0
849,8.18895,68,0,4,0,106.018,163,8189,4,0,289,4,15.8034,2584,929,3125,0
865,8.34354,117,0,7,0,68.142,165,8189,7,0,228,7,14.7132,2591,936,3132,0
785,7.5717,67,0,5,0,99.111,167,8122,5,0,283,5,13.0152,2596,941,3137,0
836,8.06322,92,0,3,0,129.498,168,8189,3,0,230,3,15.1088,2599,944,3140,0
764,7.36903,169,0,5,0,75.993,169,8191,5,0,242,5,13.7098,2604,949,3145,0
782,7.54271,128,0,5,0,77.651,171,8189,5,0,222,5,15.5622,2609,954,3150,0
839,8.09267,173,0,3,0,111.102,173,8187,3,0,326,3,14.1343,2612,957,3153,0
764,7.36831,86,0,5,0,80.691,174,8191,5,0,215,5,13.5747,2617,962,3158,0
807,7.78446,120,0,3,0,99.172,175,8189,3,0,272,3,16.6235,2620,965,3161,0
820,7.91007,90,0,7,0,94.928,176,8191,7,0,169,7,13.8449,2627,972,3168,0
678,6.5399,92,0,3,0,93.405,178,8189,3,0,245,3,13.3914,2630,975,3171,0
808,7.79348,119,0,5,0,59.676,179,8190,5,0,210,5,13.4686,2635,980,3176,0
851,8.20825,160,0,6,0,86.072,180,8190,6,0,217,6,16.2376,2641,986,3182,0
842,8.12135,170,0,4,0,87.243,181,8189,4,0,246,4,15.3017,2645,990,3186,0
878,8.46909,104,0,5,0,109.703,183,8189,5,0,235,5,14.4141,2650,995,3191,0
803,7.74559,177,0,3,0,118.769,184,8189,3,0,277,3,16.884,2653,998,3194,0
721,6.95412,185,0,5,0,127.723,185,8189,5,0,206,5,17.4146,2658,1003,3199,0
951,9.17278,112,0,3,0,123.698,187,8189,3,0,309,3,18.582,2661,1006,3202,0
828,7.98699,89,0,4,0,89.468,189,8189,4,0,305,4,16.0736,2665,1010,3206,0
776,7.48493,78,0,4,0,102.337,190,8189,4,0,278,4,17.3471,2669,1014,3210,0
824,7.94775,88,0,3,0,119.692,191,8189,3,0,160,3,14.3852,2672,1017,3213,0
760,7.33032,134,0,5,0,102.9,192,8191,5,0,250,5,11.9153,2677,1022,3218,0
819,7.89952,81,0,3,0,113.158,194,8191,3,0,256,3,13.5554,2680,1025,3221,0
850,8.19844,51,0,3,0,139.735,195,8189,3,0,258,3,14.0668,2683,1028,3224,0
824,7.94827,103,0,6,0,100.703,196,8189,6,0,188,6,12.8318,2689,1034,3230,0
815,7.8613,116,0,1,0,130.471,198,8189,1,0,356,1,14.2019,2690,1035,3231,0
900,8.68168,80,0,3,0,173.979,199,8191,3,0,217,3,17.2892,2693,1038,3234,0
813,7.84214,66,0,4,0,105.331,200,8189,4,0,246,4,16.5077,2697,1042,3238,0
837,8.07348,70,0,4,0,91.115,201,8187,4,0,268,4,16.4402,2701,1046,3242,0
770,7.42756,66,0,3,0,76.452,203,8189,3,0,326,3,13.0055,2704,1049,3245,0
837,8.07328,121,0,8,0,94.159,204,8189,8,0,181,8,15.2342,2712,1057,3253,0
919,8.86383,120,0,2,0,140.474,206,8189,2,0,399,2,15.8903,2714,1059,3255,0
873,8.42078,83,0,5,0,85.266,207,8185,4,0,276,5,15.8324,2718,1064,3260,0
893,8.61336,176,0,2,0,109.766,208,8189,3,0,267,2,17.2024,2721,1066,3262,0
791,7.62912,108,0,7,0,104.843,209,8189,7,0,240,7,13.1888,2728,1073,3269,0
865,8.34343,162,0,0,0,122.442,211,8188,0,0,411,0,15.4561,2728,1073,3269,0
854,8.23756,76,0,2,0,134.391,213,8189,2,0,379,2,11.9732,2730,1075,3271,0
749,7.22439,81,0,5,0,182.494,214,8189,5,0,229,5,12.9862,2735,1080,3276,0
819,7.89956,156,0,3,0,93.662,215,8190,3,0,258,3,10.3812,2738,1083,3279,0
788,7.60016,164,0,0,0,165.864,217,8189,0,0,349,0,12.6678,2738,1083,3279,0
889,8.57449,83,0,1,0,177.784,219,8191,1,0,421,1,15.0219,2739,1084,3280,0
757,7.30209,70,0,4,0,181.074,220,8189,4,0,179,4,13.7966,2743,1088,3284,0
851,8.20877,146,0,2,0,103.141,221,8189,2,0,312,2,14.829,2745,1090,3286,0
769,7.41745,89,0,6,0,96.763,222,8189,6,0,264,6,15.842,2751,1096,3292,0
894,8.6236,98,0,4,0,84.443,224,8189,4,0,259,4,16.9033,2755,1100,3296,0
876,8.45054,78,0,3,0,80.95,225,8189,3,0,271,3,15.5526,2758,1103,3299,0
809,7.80314,77,0,3,0,80.236,226,8189,3,0,268,3,12.1082,2761,1106,3302,0
676,6.52058,226,0,236,0,89.417,2,8144,147,0,57,10,12.7932,2908,1116,3538,0
701,6.7619,92,0,1,0,97.204,114,8189,1,0,278,1,12.8801,2909,1117,3539,0
799,7.70703,116,0,3,0,109.963,116,8189,3,0,278,3,11.375,2912,1120,3542,0
708,6.82921,92,0,6,0,79.787,118,8189,6,0,225,6,15.0316,2918,1126,3548,0
816,7.87063,75,0,3,0,80.045,121,8189,3,0,276,3,14.993,2921,1129,3551,0
867,8.36253,78,0,3,0,88.055,123,8189,3,0,327,3,14.7325,2924,1132,3554,0
832,8.02528,109,0,3,0,107.813,126,8189,3,0,292,3,13.4976,2927,1135,3557,0
774,7.46554,126,0,0,0,148.373,129,8189,0,0,383,0,16.4981,2927,1135,3557,0
0,0,126,0,0,0,148.373,129,8189,0,0,0,0,16.4981,2927,1135,3557,0
44,0.4244,126,0,126,0,150.286,2,8189,42,0,1,0,16.4981,2969,1135,3683,0
0,0,126,0,0,0,150.286,2,8189,0,0,0,0,16.4981,2969,1135,3683,0
102,0.983877,31,0,0,0,480.318,31,8189,68,0,29,1,16.9515,3037,1136,3683,0
519,5.00641,65,0,3,0,88.452,65,8189,3,0,184,3,15.9578,3040,1139,3686,0
647,6.24083,69,0,4,0,97.273,69,8191,4,0,264,4,14.636,3044,1143,3690,0
458,4.41765,3,0,74,0,90.886,3,8120,74,0,128,3,17.9839,3118,1146,3764,0
581,5.60442,41,0,0,0,68.423,41,8189,0,0,278,0,16.9322,3118,1146,3764,0
595,5.73942,48,0,0,0,93.525,48,8189,0,0,299,0,17.1445,3118,1146,3764,0
620,5.98012,53,0,2,0,79.766,53,8189,2,0,265,2,14.5009,3120,1148,3766,0
566,5.45929,57,0,2,0,74.118,57,8189,2,0,234,2,10.9891,3122,1150,3768,0
614,5.92228,61,0,3,0,70.981,61,8191,3,0,224,3,13.7677,3125,1153,3771,0
606,5.84506,32,0,66,0,48.098,32,8189,66,0,228,3,14.2019,3191,1156,3837,0
659,6.35631,41,0,0,0,53.744,41,8189,0,0,332,0,13.266,3191,1156,3837,0
635,6.12461,48,0,1,0,59.909,48,8189,1,0,306,1,18.2637,3192,1157,3838,0
590,5.69075,53,0,1,0,68.564,53,8188,1,0,276,1,17.241,3193,1158,3839,0
551,5.31457,58,0,1,0,80.231,58,8189,1,0,282,1,20.5116,3194,1159,3840,0
574,5.53622,61,0,3,0,112.815,61,8191,3,0,204,3,19.8556,3197,1162,3843,0
569,5.48854,61,0,3,0,78.047,65,8189,3,0,204,3,19.4504,3200,1165,3846,0
585,5.64294,64,0,3,0,119.266,68,8189,3,0,203,3,13.8159,3203,1168,3849,0
529,5.10235,4,0,75,0,88.863,4,8191,65,0,168,5,11.5487,3268,1173,3924,0
467,4.50448,40,0,0,0,64.767,40,8189,0,0,220,0,10.5935,3268,1173,3924,0
605,5.8352,46,0,1,0,75.314,46,8189,1,0,286,1,14.8676,3269,1174,3925,0
596,5.74895,52,0,0,0,68.835,52,8189,0,0,300,0,13.7966,3269,1174,3925,0
625,6.02847,57,0,1,0,89.26,57,8191,1,0,293,1,12.4652,3270,1175,3926,0
498,4.80349,62,0,0,0,141.521,62,8191,0,0,254,0,18.7461,3270,1175,3926,0
597,5.75806,65,0,3,0,100.971,65,8189,3,0,240,3,14.4141,3273,1178,3929,0
508,4.8998,69,0,3,0,106.719,69,8190,3,0,225,3,12.417,3276,1181,3932,0
541,5.21814,72,0,1,0,130.327,72,8189,1,0,244,1,13.2467,3277,1182,3933,0
672,6.48169,76,0,4,0,97.395,76,8191,4,0,269,4,16.3244,3281,1186,3937,0
667,6.43368,80,0,2,0,75.069,80,8189,2,0,302,2,22.3062,3283,1188,3939,0
662,6.3858,81,0,3,0,98.243,82,8189,3,0,218,3,18.7268,3286,1191,3942,0
667,6.4343,75,0,3,0,96.576,85,8190,3,0,260,3,15.2631,3289,1194,3945,0
549,5.2954,16,0,79,0,87.6,16,8142,76,0,203,3,17.1348,3365,1197,4024,0
368,3.54978,11,0,59,0,67.124,11,8189,59,0,162,0,18.6303,3424,1197,4083,0
140,1.35047,5,0,22,0,57.33,5,8189,22,0,67,0,18.7847,3446,1197,4105,0
199,1.91961,15,0,0,0,57.124,15,8191,0,0,99,0,18.0321,3446,1197,4105,0
349,3.36604,24,0,0,0,46.158,24,8191,0,0,176,0,18.8908,3446,1197,4105,0
508,4.89985,33,0,0,0,63.834,33,8189,0,0,255,0,21.9974,3446,1197,4105,0
507,4.89024,40,0,0,0,70.55,40,8189,0,0,256,0,19.8749,3446,1197,4105,0
655,6.31734,47,0,0,0,50.852,47,8189,0,0,331,0,12.9476,3446,1197,4105,0
525,5.06382,52,0,1,0,79.425,52,8189,1,0,240,1,8.9437,3447,1198,4106,0
632,6.09587,57,0,2,0,78.146,57,8190,2,0,296,2,13.4686,3449,1200,4108,0
409,3.94489,31,0,59,0,40.876,31,8189,59,0,138,1,15.4657,3508,1201,4167,0
544,5.24728,39,0,0,0,64.277,39,8189,0,0,279,0,12.6485,3508,1201,4167,0
527,5.08311,45,0,0,0,57.981,45,8191,0,0,266,0,9.33926,3508,1201,4167,0
585,5.64319,51,0,1,0,71.468,51,8189,1,0,271,1,10.4584,3509,1202,4168,0
558,5.38193,55,0,3,0,86.614,55,8189,3,0,257,3,14.993,3512,1205,4171,0
308,2.97067,16,0,82,0,43.467,16,8191,82,0,110,0,16.5753,3594,1205,4253,0
271,2.6141,13,0,20,0,48.938,13,8191,20,0,134,0,15.6298,3614,1205,4273,0
219,2.11247,15,0,14,0,51.391,15,8189,14,0,109,0,16.1797,3628,1205,4287,0
253,2.44045,22,0,0,0,78.869,22,8189,0,0,130,0,15.0895,3628,1205,4287,0
469,4.52394,31,0,0,0,56.877,31,8189,0,0,239,0,18.6689,3628,1205,4287,0
511,4.92855,38,0,0,0,71.804,38,8189,0,0,262,0,15.7069,3628,1205,4287,0
479,4.62006,44,0,1,0,68.76,44,8156,1,0,224,1,13.4879,3629,1206,4288,0
474,4.57184,48,0,2,0,59.918,48,8189,2,0,196,2,14.2212,3631,1208,4290,0
634,6.11513,53,0,2,0,76.108,53,8190,2,0,275,2,17.7716,3633,1210,4292,0
564,5.43999,57,0,4,0,75.234,57,8190,4,0,237,4,18.254,3637,1214,4296,0
574,5.53644,61,0,4,0,83.195,61,8189,4,0,181,4,16.4305,3641,1218,4300,0
504,4.86126,64,0,4,0,87.65,64,8190,4,0,194,4,14.6939,3645,1222,4304,0
675,6.51073,65,0,3,0,59.596,67,8189,3,0,227,3,16.4402,3648,1225,4307,0
639,6.16331,69,0,4,0,70.831,70,8189,4,0,220,4,15.9867,3652,1229,4311,0
507,4.89022,72,0,7,0,80.528,72,8191,7,0,150,7,11.8381,3659,1236,4318,0
560,5.40038,75,0,5,0,96.392,75,8191,5,0,177,5,15.678,3664,1241,4323,0
572,5.51765,72,0,5,0,107.411,77,8191,5,0,191,5,15.1281,3669,1246,4328,0
529,5.10239,58,0,7,0,97.714,79,8191,7,0,161,7,12.5424,3676,1253,4335,0
484,4.66863,40,0,78,0,58.051,40,8191,70,0,196,1,12.6871,3746,1254,4413,0
315,3.03829,25,0,40,0,40.264,25,8191,40,0,152,0,16.2086,3786,1254,4453,0
205,1.97742,6,0,48,0,43.461,6,8189,48,0,96,0,18.1575,3834,1254,4501,0
241,2.3246,17,0,0,0,61.529,17,8191,0,0,122,0,18.3698,3834,1254,4501,0
309,2.98054,24,0,0,0,60.413,24,8189,0,0,159,0,18.418,3834,1254,4501,0
477,4.60107,33,0,0,0,76.424,33,8189,0,0,242,0,14.8,3834,1254,4501,0
490,4.7262,39,0,0,0,69.89,39,8191,0,0,249,0,17.5208,3834,1254,4501,0
618,5.96057,47,0,0,0,92.225,47,8189,0,0,314,0,19.9231,3834,1254,4501,0
299,2.88394,25,0,48,0,51.285,25,8189,48,0,118,1,21.4861,3882,1255,4549,0
385,3.71361,32,0,0,0,76.78,32,8189,0,0,198,0,19.0548,3882,1255,4549,0
480,4.63005,39,0,0,0,83.21,39,8189,0,0,245,0,17.4725,3882,1255,4549,0
497,4.79405,44,0,1,0,71.155,44,8191,1,0,235,1,15.8227,3883,1256,4550,0
468,4.51388,49,0,1,0,126.976,49,8191,1,0,214,1,14.5395,3884,1257,4551,0
537,5.17999,53,0,2,0,66.85,53,8189,2,0,225,2,14.1633,3886,1259,4553,0
503,4.85202,57,0,2,0,86.378,57,8187,2,0,205,2,15.2149,3888,1261,4555,0
644,6.21211,62,0,1,0,84.577,62,8189,1,0,298,1,11.4618,3889,1262,4556,0
548,5.28606,64,0,2,0,86.815,65,8189,2,0,219,2,14.5588,3891,1264,4558,0
630,6.077,67,0,1,0,125.619,70,8189,1,0,291,1,16.7875,3892,1265,4559,0
525,5.064,72,0,5,0,106.806,72,8191,5,0,162,5,18.3216,3897,1270,4564,0
680,6.55826,57,0,3,0,103.425,75,8142,3,0,250,3,16.199,3900,1273,4567,0
492,4.74551,40,0,77,0,58.421,40,8189,77,0,189,1,17.6269,3977,1274,4644,0
367,3.53987,26,0,40,0,45.113,26,8190,40,0,175,0,16.8165,4017,1274,4684,0
421,4.06068,33,0,0,0,90.51,33,8190,0,0,213,0,13.0055,4017,1274,4684,0
532,5.13135,40,0,1,0,55.945,40,8187,1,0,250,1,12.2819,4018,1275,4685,0
617,5.95151,47,0,0,0,84.722,47,8189,0,0,315,0,11.1241,4018,1275,4685,0
664,6.40457,53,0,2,0,88.88,53,8189,2,0,313,2,15.6973,4020,1277,4687,0
561,5.41112,57,0,3,0,80.561,57,8189,3,0,184,3,17.0287,4023,1280,4690,0
551,5.3146,56,0,3,0,95.384,60,8189,3,0,225,3,15.9096,4026,1283,4693,0
542,5.22801,64,0,1,0,134.675,64,8189,1,0,242,1,20.4731,4027,1284,4694,0
569,5.48838,68,0,1,0,99.112,68,8191,1,0,255,1,18.4373,4028,1285,4695,0
625,6.02826,73,0,1,0,133.013,73,8191,1,0,317,1,15.2824,4029,1286,4696,0
614,5.92243,73,0,2,0,126.75,75,8189,2,0,209,2,17.3953,4031,1288,4698,0
572,5.51735,74,0,6,0,115.938,78,8189,6,0,179,6,17.6944,4037,1294,4704,0
359,3.46269,19,0,116,0,118.554,19,8190,114,0,134,1,15.5236,4151,1295,4820,0
205,1.97732,8,0,41,0,49.16,2,8189,41,0,93,0,18.6785,4192,1295,4861,0
119,1.14781,8,0,8,0,39.525,8,8189,8,0,62,0,16.3244,4200,1295,4869,0
310,2.99014,19,0,0,0,36.039,19,8189,0,0,157,0,14.5878,4200,1295,4869,0
427,4.11869,28,0,0,0,36.743,28,8191,0,0,215,0,12.1951,4200,1295,4869,0
387,3.7331,34,0,0,0,60.054,34,8189,0,0,199,0,11.6934,4200,1295,4869,0
618,5.96074,42,0,0,0,58.323,42,8189,0,0,311,0,13.5361,4200,1295,4869,0
588,5.67149,49,0,0,0,70.812,49,8189,0,0,296,0,16.691,4200,1295,4869,0
651,6.2795,55,0,1,0,77.517,55,8191,1,0,305,1,14.115,4201,1296,4870,0
540,5.20863,58,0,3,0,84.449,58,8189,3,0,197,3,11.6934,4204,1299,4873,0
487,4.6972,31,0,63,0,45.055,31,8189,63,0,152,3,11.7802,4267,1302,4936,0
576,5.55573,39,0,0,0,50.428,39,8189,0,0,290,0,15.6201,4267,1302,4936,0
527,5.08303,45,0,1,0,79.329,45,8191,1,0,265,1,15.1667,4268,1303,4937,0
377,3.6367,27,0,45,0,52.306,27,8189,45,0,159,0,12.9959,4313,1303,4982,0
559,5.3917,36,0,0,0,44.341,36,8189,0,0,283,0,13.6809,4313,1303,4982,0
387,3.73263,25,0,36,0,48.202,25,8189,36,0,182,0,18.0032,4349,1303,5018,0
518,4.99641,34,0,0,0,54.674,34,8189,0,0,260,0,20.7528,4349,1303,5018,0
538,5.18951,41,0,0,0,56.67,41,8189,0,0,273,0,19.4697,4349,1303,5018,0
524,5.0542,47,0,0,0,67.98,47,8189,0,0,269,0,16.1025,4349,1303,5018,0
502,4.84184,51,0,53,0,68.861,2,8189,53,0,206,2,15.0219,4402,1305,5071,0
393,3.79064,30,0,0,0,44.732,30,8189,0,0,189,0,16.2376,4402,1305,5071,0
441,4.25362,37,0,0,0,102.309,37,8187,0,0,222,0,16.4112,4402,1305,5071,0
500,4.82269,43,0,0,0,70.933,43,8189,0,0,254,0,15.6201,4402,1305,5071,0
538,5.18937,49,0,0,0,110.175,49,8189,0,0,272,0,12.6871,4402,1305,5071,0
625,6.02849,53,0,2,0,79.343,54,8189,2,0,268,2,14.2115,4404,1307,5073,0
526,5.07343,58,0,4,0,60.883,58,8189,4,0,212,4,17.3182,4408,1311,5077,0
663,6.39517,63,0,1,0,85.607,63,8190,1,0,334,1,19.6626,4409,1312,5078,0
489,4.71658,64,0,8,0,99.911,65,8189,8,0,123,8,15.5815,4417,1320,5086,0
402,3.8774,22,0,70,0,66.654,22,8189,70,0,99,4,11.2496,4487,1324,5156,0
522,5.03547,39,0,0,0,83.528,39,8189,0,0,261,0,16.6235,4487,1324,5156,0
560,5.40152,46,0,1,0,52.625,46,8189,1,0,267,1,17.3471,4488,1325,5157,0
494,4.76481,29,0,47,0,40.706,29,8191,47,0,218,1,12.1468,4535,1326,5204,0
493,4.75512,36,0,0,0,85.919,36,8191,0,0,248,0,12.8415,4535,1326,5204,0
314,3.02864,21,0,41,0,46.799,21,8189,41,0,133,2,13.951,4576,1328,5245,0
196,1.89047,6,0,43,0,70.375,6,8191,43,0,89,0,13.1116,4619,1328,5288,0
124,1.19602,7,0,13,0,28.059,7,8189,13,0,55,0,13.5168,4632,1328,5301,0
389,3.75209,21,0,0,0,39.18,21,8189,0,0,199,0,14.7421,4632,1328,5301,0
701,6.76157,33,0,0,0,33.823,33,8189,0,0,351,0,18.4856,4632,1328,5301,0
770,7.42684,43,0,0,0,44.293,43,8189,0,0,387,0,17.9067,4632,1328,5301,0
862,8.31423,52,0,1,0,51.011,52,8189,1,0,409,1,14.3852,4633,1329,5302,0
719,6.93554,57,0,3,0,47.062,57,8189,3,0,280,3,14.5009,4636,1332,5305,0
847,8.17001,59,0,1,0,65.812,64,8189,1,0,398,1,15.0412,4637,1333,5306,0
898,8.66157,70,0,2,0,82.698,70,8189,2,0,425,2,13.2081,4639,1335,5308,0
812,7.8319,57,0,3,0,82.305,74,8189,3,0,283,3,18.2058,4642,1338,5311,0
800,7.71619,77,0,2,0,83.355,78,8191,2,0,321,2,14.964,4644,1340,5313,0
747,7.20533,74,0,3,0,64.226,81,8191,3,0,280,3,12.4266,4647,1343,5316,0
785,7.57162,57,0,1,0,83.81,86,8189,1,0,373,1,12.5231,4648,1344,5317,0
818,7.88974,81,0,1,0,87.531,90,8189,1,0,375,1,13.7195,4649,1345,5318,0
818,7.89034,94,0,1,0,91.612,94,8189,1,0,365,1,14.3659,4650,1346,5319,0
771,7.43661,86,0,3,0,96.863,97,8189,3,0,302,3,14.279,4653,1349,5322,0
755,7.28224,59,0,2,0,79.726,100,8189,2,0,308,2,12.8511,4655,1351,5324,0
823,7.93807,104,0,1,0,99.195,104,8190,1,0,395,1,13.1309,4656,1352,5325,0
731,7.05088,106,0,3,0,103.812,106,8181,3,0,224,3,14.1922,4659,1355,5328,0
848,8.17895,95,0,3,0,99.836,109,8189,3,0,280,3,15.0509,4662,1358,5331,0
782,7.54258,111,0,3,0,75.802,111,8190,3,0,290,3,16.6717,4665,1361,5334,0
833,8.03453,64,0,3,0,68.502,114,8189,3,0,268,3,17.7234,4668,1364,5337,0
844,8.14059,101,0,3,0,79.609,117,8191,3,0,352,3,13.5265,4671,1367,5340,0
833,8.03461,86,0,2,0,89.395,120,8191,2,0,353,2,15.7069,4673,1369,5342,0
832,8.02532,123,0,2,0,105.622,123,8190,2,0,343,2,16.8936,4675,1371,5344,0
738,7.11927,124,0,6,0,86.793,124,8191,6,0,194,6,14.5878,4681,1377,5350,0
818,7.89049,127,0,1,0,126.524,127,8190,1,0,300,1,12.6196,4682,1378,5351,0
935,9.0189,95,0,0,0,95.367,130,8189,0,0,490,0,15.6201,4682,1378,5351,0
917,8.84492,107,0,3,0,120.513,133,8189,3,0,340,3,14.7036,4685,1381,5354,0
857,8.26606,72,0,3,0,81.67,136,8191,3,0,355,3,15.7552,4688,1384,5357,0
813,7.84164,67,0,141,0,55.761,68,8189,104,0,203,4,14.1536,4792,1388,5498,0
816,7.87064,73,0,2,0,77.228,73,8189,2,0,346,2,16.1315,4794,1390,5500,0
821,7.91877,74,0,1,0,78.424,78,8189,1,0,385,1,13.8545,4795,1391,5501,0
847,8.1696,82,0,1,0,78.205,82,8189,1,0,386,1,9.70589,4796,1392,5502,0
825,7.95744,61,0,2,0,73.038,87,8187,2,0,367,2,13.3046,4798,1394,5504,0
677,6.52985,79,0,4,0,109.775,89,8191,4,0,208,4,16.0929,4802,1398,5508,0
779,7.51383,91,0,5,0,82.956,91,8189,5,0,215,5,14.3852,4807,1403,5513,0
827,7.97693,77,0,3,0,70.27,95,8189,3,0,305,3,12.6099,4810,1406,5516,0
842,8.12147,97,0,1,0,121.258,99,8191,1,0,380,1,12.4459,4811,1407,5517,0
627,6.04809,67,0,4,0,96.088,100,8189,4,0,187,4,15.3982,4815,1411,5521,0
889,8.57486,102,0,1,0,115.422,104,8189,1,0,385,1,15.5333,4816,1412,5522,0
737,7.10903,103,0,3,0,185.954,106,8189,3,0,218,3,14.4045,4819,1415,5525,0
840,8.10258,92,0,2,0,113.155,109,8189,2,0,338,2,15.3017,4821,1417,5527,0
822,7.92871,89,0,4,0,71.667,112,8189,4,0,281,4,14.4624,4825,1421,5531,0
874,8.42996,113,0,1,0,102.4,115,8189,1,0,389,1,13.6519,4826,1422,5532,0
860,8.29492,115,0,2,0,120.486,118,8189,2,0,357,2,13.9317,4828,1424,5534,0
594,5.72931,58,0,120,0,72.818,60,8189,59,0,240,1,13.5554,4887,1425,5654,0
855,8.24708,67,0,0,0,62.526,67,8189,0,0,428,0,16.4112,4887,1425,5654,0
818,7.89,69,0,1,0,84.645,73,8190,1,0,382,1,15.9288,4888,1426,5655,0
809,7.80303,74,0,3,0,86.014,77,8191,3,0,301,3,13.6712,4891,1429,5658,0
779,7.5137,59,0,5,0,80.465,80,8189,5,0,287,5,14.8869,4896,1434,5663,0
767,7.39835,82,0,3,0,89.185,83,8189,3,0,265,3,14.4045,4899,1437,5666,0
707,6.81956,70,0,2,0,73.579,87,8189,2,0,291,2,15.8324,4901,1439,5668,0
888,8.5644,60,0,2,0,102.745,91,8112,2,0,376,2,15.5043,4903,1441,5670,0
713,6.8773,94,0,3,0,109.174,94,8191,3,0,259,3,14.2887,4906,1444,5673,0
843,8.13138,97,0,3,0,74.843,97,8191,3,0,298,3,14.964,4909,1447,5676,0
726,7.00271,67,0,4,0,93.161,100,8183,4,0,276,4,15.3596,4913,1451,5680,0
852,8.2178,101,0,3,0,81.515,103,8185,3,0,327,3,12.8415,4916,1454,5683,0
813,7.8421,65,0,3,0,83.918,106,8191,3,0,281,3,16.2279,4919,1457,5686,0
718,6.92575,70,0,3,0,104.262,108,8189,3,0,266,3,13.2371,4922,1460,5689,0
893,8.61417,84,0,3,0,72.733,111,8189,3,0,350,3,14.9833,4925,1463,5692,0
881,8.49836,114,0,11,0,102.86,114,8189,11,0,324,7,17.7234,4936,1470,5703,0
792,7.63913,69,0,4,0,96.982,117,8189,4,0,280,4,20.8107,4940,1474,5707,0
708,6.82898,119,0,4,0,130.935,119,8189,4,0,242,4,15.6684,4944,1478,5711,0
824,7.94809,121,0,2,0,94.086,121,8189,2,0,247,2,13.7677,4946,1480,5713,0
851,8.20866,119,0,1,0,83.136,124,8189,1,0,378,1,17.1252,4947,1481,5714,0
880,8.48801,123,0,3,0,103.8,126,8187,3,0,335,3,16.7779,4950,1484,5717,0
873,8.42025,73,0,4,0,111.603,129,8191,4,0,293,4,14.0957,4954,1488,5721,0
849,8.18876,102,0,4,0,109.042,131,8189,4,0,314,4,15.4657,4958,1492,5725,0
892,8.60355,107,0,1,0,78.436,134,8189,1,0,341,1,14.2694,4959,1493,5726,0
731,7.05069,136,0,2,0,117.23,136,8189,2,0,288,2,14.9062,4961,1495,5728,0
846,8.15978,134,0,2,0,146.075,138,8189,2,0,320,2,12.5038,4963,1497,5730,0
926,8.93207,141,0,1,0,165.499,141,8190,1,0,465,1,16.7007,4964,1498,5731,0
875,8.4402,57,0,2,0,151.862,144,8189,2,0,369,2,16.3727,4966,1500,5733,0
820,7.90981,63,0,7,0,88.725,146,8191,7,0,257,7,13.4204,4973,1507,5740,0
839,8.09241,148,0,3,0,91.953,148,8190,3,0,259,3,15.7938,4976,1510,5743,0
683,6.588,149,0,5,0,98.043,149,8191,5,0,213,5,14.6553,4981,1515,5748,0
650,6.26958,75,0,150,0,92.361,75,8189,96,0,209,1,10.69,5077,1516,5898,0
734,7.07981,68,0,1,0,105.778,80,8189,1,0,338,1,14.7614,5078,1517,5899,0
779,7.51397,78,0,2,0,81.385,83,8189,2,0,312,2,17.241,5080,1519,5901,0
808,7.79397,87,0,4,0,82.234,87,8190,4,0,326,4,16.0736,5084,1523,5905,0
871,8.40114,91,0,0,0,119.032,92,8189,0,0,397,0,15.157,5084,1523,5905,0
861,8.30508,94,0,2,0,112.269,95,8189,2,0,346,2,13.8159,5086,1525,5907,0
830,8.00607,94,0,3,0,93.609,99,8191,3,0,327,3,15.7552,5089,1528,5910,0
819,7.89967,100,0,2,0,107.225,102,8187,2,0,318,2,15.7455,5091,1530,5912,0
817,7.88019,100,0,1,0,110.645,105,8189,1,0,365,1,14.8676,5092,1531,5913,0
643,6.20194,53,0,109,0,62.308,53,8189,64,0,220,2,17.3664,5156,1533,6022,0
669,6.45289,58,0,2,0,56.172,58,8189,2,0,290,2,16.5174,5158,1535,6024,0
594,5.72687,30,0,64,0,34.443,30,8191,64,0,226,3,14.308,5222,1538,6088,0
619,5.97048,39,0,0,0,40.798,39,8189,0,0,311,0,14.2694,5222,1538,6088,0
703,6.78073,47,0,1,0,51.791,47,8189,1,0,333,1,17.4918,5223,1539,6089,0
765,7.37883,53,0,2,0,48.86,53,8191,2,0,333,2,16.1025,5225,1541,6091,0
716,6.90605,58,0,3,0,57.198,58,8189,3,0,280,3,12.2626,5228,1544,6094,0
690,6.65526,64,0,1,0,48.194,64,8191,1,0,316,1,13.2756,5229,1545,6095,0
656,6.32787,68,0,2,0,93.29,68,8190,2,0,302,2,16.4595,5231,1547,6097,0
507,4.89049,38,0,68,0,56.242,38,8191,68,0,204,0,13.7002,5299,1547,6165,0
630,6.07697,46,0,0,0,108.875,46,8189,0,0,319,0,12.0696,5299,1547,6165,0
650,6.26961,52,0,0,0,104.326,52,8191,0,0,329,0,14.2404,5299,1547,6165,0
714,6.88694,58,0,2,0,65.015,58,8191,2,0,304,2,14.9158,5301,1549,6167,0


