SendPacket,SendRate(Mb/s),FlightSize,ReceiveRate(Mb/s),Send Loss,Recv Loss,RTT(ms),CWnd,FlowWindow,Retrans,PktSndPeriod(us),RecvACK,RecvNAK,EstimatedBandwidth(Mb/s),Retrans_Total,NAK_TotalRecv,Total Send Loss,Total Recv Loss
601,6.60902,126,0,8,0,85.233,131,8160,8,0,129,8,11.8227,8,8,8,0
599,6.97523,163,0,31,0,84.975,163,8174,31,0,32,31,15.0376,39,39,39,0
646,7.52261,82,0,169,0,98.463,82,8191,65,0,178,6,15.0609,104,45,208,0
667,7.76712,82,0,6,0,100.124,84,8189,6,0,218,6,14.1989,110,51,214,0
613,7.13575,84,0,6,0,93.328,86,8189,6,0,183,6,13.7912,116,57,220,0
631,7.34742,87,0,8,0,104.052,88,8133,8,0,168,8,13.8844,124,65,228,0
706,8.22167,91,0,4,0,78.087,91,8188,4,0,270,4,15.6782,128,69,232,0
627,7.30136,93,0,4,0,97.094,93,8190,4,0,160,4,14.2921,132,73,236,0
574,6.68415,96,0,5,0,131.244,96,8172,5,0,242,5,11.4034,137,78,241,0
582,6.77773,51,0,99,0,67.04,51,8191,91,0,202,3,15.6549,228,81,340,0
649,7.5576,55,0,5,0,54.912,55,8189,5,0,226,5,14.0242,233,86,345,0
601,6.99863,59,0,3,0,66.034,59,8189,3,0,222,3,14.5484,236,89,348,0
708,8.24457,63,0,5,0,70.177,63,8189,5,0,267,5,15.9927,241,94,353,0
513,5.97378,66,0,5,0,84.69,66,8189,5,0,168,5,14.5134,246,99,358,0
637,7.41773,69,0,4,0,79.849,69,8189,4,0,222,4,16.1325,250,103,362,0
671,7.81367,72,0,5,0,79.397,72,8190,5,0,235,5,18.8931,255,108,367,0
689,8.02325,57,0,3,0,80.565,75,8189,3,0,226,3,16.4004,258,111,370,0
542,6.31141,3,0,82,0,98.064,3,8113,63,0,195,4,17.8331,321,115,452,0
562,6.5444,44,0,1,0,54.363,44,8189,1,0,248,1,14.5251,322,116,453,0
603,7.02199,49,0,3,0,68.886,49,8189,3,0,261,3,15.387,325,119,456,0
646,7.52303,52,0,3,0,83.185,54,8189,3,0,254,3,12.5332,328,122,459,0
529,6.16056,57,0,7,0,75.327,57,8191,7,0,165,7,14.3154,335,129,466,0
454,5.28721,31,0,59,0,51.051,31,8189,59,0,161,1,17.0993,394,130,525,0
628,7.31299,40,0,0,0,52.648,40,8189,0,0,315,0,15.3637,394,130,525,0
632,7.35985,46,0,2,0,53.47,46,8191,2,0,280,2,14.956,396,132,527,0
714,8.31449,53,0,1,0,56.035,53,8189,1,0,335,1,14.6998,397,133,528,0
604,7.03347,16,0,60,0,55.53,16,8189,60,0,193,4,14.6881,457,137,588,0
577,6.71909,36,0,0,0,49.462,36,8189,0,0,284,0,14.9444,457,137,588,0
584,6.80058,43,0,2,0,63.235,43,8189,2,0,273,2,15.5734,459,139,590,0
541,6.29984,29,0,43,0,42.755,29,8189,43,0,241,0,15.3754,502,139,633,0
689,8.02344,39,0,0,0,56.752,39,8189,0,0,345,0,12.9992,502,139,633,0
649,7.55742,45,0,3,0,59.199,45,8147,3,0,269,3,15.1191,505,142,636,0
676,7.87192,52,0,2,0,85.496,52,8189,2,0,315,2,12.5565,507,144,638,0
636,7.40613,56,0,6,0,67.915,56,8189,6,0,225,6,13.8611,513,150,644,0
529,6.16012,59,0,5,0,92.099,59,8157,5,0,175,5,16.4353,518,155,649,0
607,7.06718,61,0,6,0,77.474,62,8190,6,0,207,6,14.3853,524,161,655,0
589,6.8593,66,0,3,0,84.932,66,8190,3,0,205,3,14.956,527,164,658,0
598,6.96443,69,0,6,0,86.864,69,8191,6,0,207,6,19.755,533,170,664,0
650,7.56964,70,0,3,0,85.531,72,8191,3,0,228,3,14.4785,536,173,667,0
583,6.78945,74,0,5,0,95.126,74,8191,5,0,189,5,14.0125,541,178,672,0
477,5.55466,32,0,78,0,46.492,32,8189,60,0,163,2,14.8861,601,180,750,0
587,6.8355,44,0,1,0,68.363,44,8189,1,0,273,1,13.6515,602,181,751,0
662,7.70938,50,0,3,0,72.981,50,8187,3,0,268,3,15.7132,605,184,754,0
670,7.80216,55,0,3,0,67.146,55,8189,3,0,258,3,11.5898,608,187,757,0
602,7.01019,58,0,5,0,86.323,58,8176,5,0,197,5,11.881,613,192,762,0
649,7.55751,62,0,4,0,70.873,62,8189,4,0,246,4,12.8477,617,196,766,0
628,7.3129,66,0,6,0,89.236,66,8190,6,0,225,6,12.0091,623,202,772,0
641,7.46431,64,0,6,0,86.776,68,8189,6,0,195,6,11.5199,629,208,778,0
569,6.62591,67,0,4,0,90.794,71,8191,4,0,190,4,11.9508,633,212,782,0
643,7.48763,74,0,5,0,83.525,74,8189,5,0,189,5,13.733,638,217,787,0
614,7.1497,75,0,4,0,90.128,76,8189,4,0,204,4,13.7213,642,221,791,0
592,6.89411,71,0,7,0,78.962,79,8191,7,0,189,7,15.62,649,228,798,0
599,6.976,78,0,5,0,94.876,81,8189,5,0,185,5,15.3055,654,233,803,0
563,6.55638,83,0,6,0,118.302,83,8189,6,0,160,6,12.871,660,239,809,0
529,6.16033,42,0,88,0,43.654,42,8189,82,0,170,6,12.673,742,245,897,0
602,7.01015,48,0,3,0,73.486,48,8191,3,0,258,3,12.4634,745,248,900,0
525,6.11354,52,0,2,0,67.406,52,8191,2,0,215,2,12.4517,747,250,902,0
580,6.75448,56,0,4,0,76.279,56,8191,4,0,193,4,13.5233,751,254,906,0
567,6.60239,59,0,5,0,73.478,59,8189,5,0,207,5,13.535,756,259,911,0
601,6.99852,63,0,6,0,70.903,63,8189,6,0,214,6,13.8961,762,265,917,0
623,7.25487,66,0,4,0,80.279,66,8190,4,0,192,4,12.4867,766,269,921,0
616,7.17371,69,0,6,0,89.542,69,8191,6,0,196,6,13.302,772,275,927,0
404,4.70451,37,0,71,0,63.583,37,8191,61,0,158,2,14.0475,833,277,998,0
614,7.14987,44,0,1,0,54.522,44,8189,1,0,273,1,13.2904,834,278,999,0
621,7.23102,49,0,3,0,69.987,49,8143,3,0,246,3,16.9828,837,281,1002,0
593,6.90534,53,0,5,0,58.49,53,8190,5,0,208,5,14.5949,842,286,1007,0
670,7.80173,57,0,3,0,51.656,57,8189,3,0,237,3,12.708,845,289,1010,0
621,7.23137,61,0,5,0,85.522,61,8191,5,0,218,5,16.7149,850,294,1015,0
629,7.32521,65,0,3,0,82.458,65,8189,3,0,243,3,13.4185,853,297,1018,0
615,7.16168,68,0,5,0,83.584,68,8189,5,0,185,5,12.4168,858,302,1023,0
597,6.95192,65,0,5,0,102.001,70,8144,5,0,176,5,12.5798,863,307,1028,0
513,5.97374,9,0,77,0,87.139,9,8189,77,0,150,6,12.1605,940,313,1105,0
638,7.42939,43,0,0,0,62.918,43,8189,0,0,308,0,11.8926,940,313,1105,0
664,7.73219,49,0,2,0,57.865,49,8189,2,0,291,2,15.2589,942,315,1107,0
617,7.18502,54,0,3,0,64.718,54,8189,3,0,261,3,15.8529,945,318,1110,0
593,6.9054,58,0,4,0,74.433,58,8189,4,0,248,4,14.3736,949,322,1114,0
542,6.31151,58,0,3,0,93.783,61,8130,3,0,162,3,16.016,952,325,1117,0
531,6.18337,35,0,63,0,40.262,35,8191,63,0,222,1,18.6484,1015,326,1180,0
514,5.98554,41,0,2,0,56.148,41,8189,2,0,225,2,16.016,1017,328,1182,0
590,6.87053,46,0,4,0,65.245,46,8189,4,0,235,4,14.9094,1021,332,1186,0
577,6.7191,50,0,4,0,79.082,50,8189,4,0,202,4,14.3154,1025,336,1190,0
580,6.75437,7,0,3,0,89.803,55,8191,3,0,241,3,13.0458,1028,339,1193,0
591,6.88232,58,0,5,0,76.967,58,8191,5,0,190,5,13.8378,1033,344,1198,0
602,7.01016,61,0,65,0,74.656,2,8190,62,0,194,4,15.3404,1095,348,1263,0
501,5.83444,36,0,0,0,46.467,36,8189,0,0,240,0,15.0259,1095,348,1263,0
456,5.31025,23,0,39,0,42.071,23,8189,39,0,204,1,14.4319,1134,349,1302,0
481,5.60115,32,0,0,0,49.04,32,8189,0,0,242,0,13.966,1134,349,1302,0
609,7.09172,40,0,0,0,60.284,40,8189,0,0,307,0,14.2455,1134,349,1302,0
586,6.82383,46,0,2,0,56.125,46,8191,2,0,255,2,11.9858,1136,351,1304,0
432,5.03057,28,0,48,0,57.967,28,8189,48,0,185,1,14.6299,1184,352,1352,0
639,7.44102,37,0,0,0,54.77,37,8189,0,0,319,0,14.129,1184,352,1352,0
572,6.66076,44,0,0,0,70.23,44,8189,0,0,290,0,12.9642,1184,352,1352,0
617,7.18496,50,0,2,0,63.485,50,8190,2,0,265,2,12.708,1186,354,1354,0
612,7.12668,55,0,4,0,67.847,55,8190,4,0,263,4,14.5484,1190,358,1358,0
468,5.4499,19,0,60,0,62.653,19,8189,60,0,148,3,16.0393,1250,361,1418,0
565,6.57932,36,0,0,0,47.836,36,8189,0,0,280,0,15.1191,1250,361,1418,0
551,6.41575,42,0,1,0,62.447,42,8191,1,0,260,1,15.6549,1251,362,1419,0
632,7.35981,48,0,3,0,61.406,48,8143,3,0,252,3,14.3969,1254,365,1422,0
631,7.34827,53,0,3,0,72.898,53,8189,3,0,251,3,14.9211,1257,368,1425,0
560,6.52134,57,0,4,0,72.065,57,8189,4,0,227,4,12.8012,1261,372,1429,0
653,7.60401,56,0,5,0,73.565,61,8189,5,0,248,5,15.4452,1266,377,1434,0
569,6.6259,60,0,5,0,92.401,65,8191,5,0,226,5,17.239,1271,382,1439,0
581,6.76568,67,0,9,0,101.284,67,8147,9,0,173,9,13.2671,1280,391,1448,0
589,6.85883,65,0,3,0,90.507,70,8191,3,0,192,3,11.7295,1283,394,1451,0
649,7.55799,65,0,5,0,91.306,73,8189,5,0,229,5,11.6247,1288,399,1456,0
575,6.69603,73,0,5,0,102.485,76,8189,5,0,179,5,13.5117,1293,404,1461,0
591,6.88137,78,0,10,0,91.971,78,8190,10,0,184,10,14.5251,1303,414,1471,0
649,7.55744,81,0,4,0,103.812,81,8190,4,0,251,4,19.9414,1307,418,1475,0
456,5.31004,42,0,84,0,89.089,42,8189,61,0,142,2,15.8879,1368,420,1559,0
631,7.3481,48,0,2,0,83.26,48,8189,2,0,276,2,13.3719,1370,422,1561,0
614,7.14976,53,0,4,0,76.338,53,8190,4,0,238,4,15.154,1374,426,1565,0
544,6.3345,56,0,4,0,88.125,56,8191,4,0,177,4,13.0458,1378,430,1569,0
577,6.71936,30,0,60,0,44.045,30,8189,60,0,197,2,11.217,1438,432,1629,0
662,7.70896,39,0,0,0,59.927,39,8189,0,0,332,0,9.84256,1438,432,1629,0
500,5.82296,44,0,3,0,54.228,44,8189,3,0,194,3,10.9841,1441,435,1632,0
653,7.60471,50,0,3,0,76.443,50,8189,3,0,309,3,11.0423,1444,438,1635,0
510,5.93907,30,0,52,0,33.782,30,8191,52,0,196,1,8.18854,1496,439,1687,0
683,7.9537,39,0,0,0,51.174,39,8189,0,0,341,0,12.9992,1496,439,1687,0
583,6.78934,46,0,1,0,64.723,46,8189,1,0,272,1,15.3521,1497,440,1688,0
630,7.33668,51,0,5,0,69.136,51,8191,5,0,247,5,17.9845,1502,445,1693,0
342,3.9827,5,0,59,0,71.327,5,8191,59,0,122,3,16.2373,1561,448,1752,0
364,4.23901,20,0,0,0,27.993,20,8189,0,0,184,0,13.931,1561,448,1752,0
507,5.9041,30,0,0,0,34.848,30,8189,0,0,255,0,13.7097,1561,448,1752,0
646,7.52254,39,0,0,0,41.942,39,8189,0,0,324,0,16.4004,1561,448,1752,0
612,7.12672,45,0,2,0,50.845,45,8189,2,0,267,2,17.1459,1563,450,1754,0
607,7.06865,49,0,2,0,68.991,51,8191,2,0,266,2,13.7796,1565,452,1756,0
579,6.74275,55,0,5,0,69.525,55,8189,5,0,216,5,14.6415,1570,457,1761,0
590,6.87051,59,0,2,0,91.744,59,8190,2,0,248,2,13.9543,1572,459,1763,0
599,6.97502,61,0,5,0,72.605,62,8189,5,0,189,5,12.4284,1577,464,1768,0
616,7.17365,66,0,4,0,96.501,66,8191,4,0,248,4,15.7597,1581,468,1772,0
638,7.42992,54,0,5,0,85.966,69,8191,5,0,233,5,16.3188,1586,473,1777,0
607,7.06911,72,0,5,0,89.077,72,8189,5,0,200,5,18.5669,1591,478,1782,0
661,7.69765,60,0,4,0,74.416,75,8189,4,0,234,4,16.9944,1595,482,1786,0
554,6.45133,38,0,80,0,59.019,38,8191,80,0,182,5,11.3917,1675,487,1866,0
645,7.51147,45,0,2,0,70.431,45,8189,2,0,302,2,10.1105,1677,489,1868,0
455,5.29851,24,0,53,0,40.45,24,8191,53,0,152,5,10.7045,1730,494,1921,0
499,5.81064,32,0,0,0,41.779,32,8189,0,0,251,0,12.0091,1730,494,1921,0
615,7.16155,40,0,1,0,71.709,40,8152,1,0,290,1,16.2257,1731,495,1922,0
588,6.8472,46,0,2,0,60.862,46,8189,2,0,257,2,18.334,1733,497,1924,0
435,5.06563,24,0,51,0,45.453,24,8189,51,0,141,3,16.3538,1784,500,1975,0
477,5.55404,32,0,0,0,54.016,32,8189,0,0,238,0,15.2356,1784,500,1975,0
552,6.42793,39,0,1,0,69.08,39,8189,1,0,261,1,14.1756,1785,501,1976,0
507,5.90376,5,0,46,0,88.98,5,8189,46,0,228,1,12.9642,1831,502,2022,0
496,5.77581,30,0,0,0,52.591,30,8191,0,0,240,0,14.0125,1831,502,2022,0
622,7.24344,39,0,0,0,38.076,39,8189,0,0,313,0,13.2554,1831,502,2022,0
629,7.3254,45,0,2,0,67.33,45,8191,2,0,276,2,13.5117,1833,504,2024,0
628,7.31342,51,0,3,0,59.971,51,8189,3,0,271,3,18.0544,1836,507,2027,0
535,6.23036,55,0,5,0,59.566,55,8189,5,0,191,5,18.5203,1841,512,2032,0
495,5.76404,32,0,57,0,38.925,32,8191,57,0,211,1,14.2804,1898,513,2089,0
643,7.4876,40,0,1,0,57.824,40,8191,1,0,303,1,14.5251,1899,514,2090,0
611,7.11502,46,0,2,0,65.196,46,8189,2,0,271,2,16.5518,1901,516,2092,0
580,6.7545,49,0,3,0,95.692,51,8189,3,0,227,3,13.2205,1904,519,2095,0
620,7.21957,55,0,4,0,66.17,55,8189,4,0,237,4,11.0307,1908,523,2099,0
618,7.19661,60,0,3,0,91.613,60,8190,3,0,258,3,13.104,1911,526,2102,0
624,7.2663,58,0,4,0,80.462,63,8129,4,0,171,4,12.906,1915,530,2106,0
539,6.27653,35,0,64,0,52.536,35,8189,64,0,228,1,14.3736,1979,531,2170,0
625,7.27823,43,0,0,0,47.003,43,8191,0,0,315,0,18.2641,1979,531,2170,0
587,6.8359,49,0,3,0,75.52,49,8191,3,0,251,3,15.9694,1982,534,2173,0
625,7.27794,54,0,4,0,59.307,54,8147,4,0,246,4,16.412,1986,538,2177,0
607,7.0684,54,0,4,0,64.365,57,8189,4,0,200,4,13.5,1990,542,2181,0
610,7.10333,61,0,4,0,72.622,61,8189,4,0,201,4,13.4534,1994,546,2185,0
603,7.02216,64,0,3,0,87.201,64,8189,3,0,246,3,15.4336,1997,549,2188,0
608,7.08055,68,0,5,0,87.42,68,8191,5,0,208,5,14.3154,2002,554,2193,0
631,7.34832,62,0,4,0,101.886,71,8189,4,0,228,4,14.2455,2006,558,2197,0
630,7.33674,71,0,4,0,87.006,74,8191,4,0,213,4,16.6683,2010,562,2201,0
590,6.8706,76,0,9,0,69.661,76,8189,9,0,187,9,16.7848,2019,571,2210,0
637,7.41804,77,0,4,0,86.951,79,8189,4,0,207,4,14.8628,2023,575,2214,0
696,8.10487,77,0,5,0,79.708,82,8191,5,0,216,5,16.9012,2028,580,2219,0
620,7.21998,84,0,7,0,99.336,84,8189,7,0,202,7,14.6066,2035,587,2226,0
625,7.27806,77,0,5,0,81.474,86,8125,5,0,136,5,14.5716,2040,592,2231,0
662,7.70879,63,0,6,0,111.108,88,8159,6,0,211,6,15.8413,2046,598,2237,0
594,6.91701,74,0,5,0,104.042,90,8191,5,0,208,5,12.4168,2051,603,2242,0
620,7.21956,92,0,13,0,78.639,92,8189,13,0,168,13,12.5216,2064,616,2255,0
641,7.46464,94,0,5,0,99.376,94,8189,5,0,187,5,14.8396,2069,621,2260,0
649,7.55732,95,0,13,0,95.028,95,8190,13,0,118,13,14.3037,2082,634,2273,0
669,7.79017,98,0,2,0,93.587,98,8190,2,0,250,2,13.3836,2084,636,2275,0
675,7.86022,91,0,1,0,135.486,101,8189,1,0,262,1,10.9841,2085,637,2276,0
632,7.36001,78,0,4,0,85.466,103,8189,4,0,203,4,13.0807,2089,641,2280,0
647,7.53455,59,0,7,0,113.308,104,8191,7,0,159,7,17.2274,2096,648,2287,0
701,8.16329,105,0,3,0,79.724,106,8191,3,0,211,3,18.4854,2099,651,2290,0
441,5.13539,36,0,112,0,32.454,36,8189,65,0,92,5,17.3439,2164,656,2402,0
657,7.65097,57,0,4,0,77.685,57,8189,4,0,249,4,12.2537,2168,660,2406,0
562,6.54445,60,0,4,0,64.139,60,8189,4,0,201,4,11.9858,2172,664,2410,0
656,7.63903,64,0,2,0,77.815,64,8189,2,0,245,2,11.2869,2174,666,2412,0
663,7.72049,57,0,4,0,75.681,67,8189,4,0,220,4,11.9508,2178,670,2416,0
591,6.88205,67,0,5,0,81.804,70,8189,5,0,166,5,14.0358,2183,675,2421,0
645,7.51156,73,0,5,0,81.039,73,8189,5,0,223,5,14.7697,2188,680,2426,0
575,6.69593,41,0,73,0,53.994,41,8189,62,0,246,0,15.9461,2250,680,2499,0
568,6.61457,47,0,2,0,57.622,47,8189,2,0,250,2,13.9892,2252,682,2501,0
436,5.07718,28,0,48,0,35.319,28,8190,48,0,185,1,11.9741,2300,683,2549,0
578,6.73061,37,0,0,0,48.771,37,8189,0,0,291,0,11.3684,2300,683,2549,0
634,7.38276,44,0,0,0,51.696,44,8191,0,0,322,0,12.277,2300,683,2549,0
615,7.16141,50,0,1,0,53.647,50,8191,1,0,288,1,17.7981,2301,684,2550,0
653,7.60456,55,0,3,0,74.24,55,8189,3,0,253,3,16.3305,2304,687,2553,0
494,5.75292,32,0,57,0,52.233,32,8189,57,0,207,1,14.6299,2361,688,2610,0
644,7.4996,41,0,0,0,55.949,41,8191,0,0,323,0,15.0143,2361,688,2610,0
684,7.96546,49,0,1,0,64.776,49,8190,1,0,344,1,17.239,2362,689,2611,0
657,7.65058,53,0,3,0,63.882,54,8189,3,0,260,3,17.9263,2365,692,2614,0
629,7.32463,58,0,2,0,61.698,58,8190,2,0,266,2,17.9612,2367,694,2616,0
328,3.81946,10,0,64,0,33.785,10,8191,64,0,105,2,15.7597,2431,696,2680,0
415,4.8326,22,0,0,0,27.742,22,8189,0,0,207,0,12.2537,2431,696,2680,0
586,6.82395,33,0,0,0,49.619,33,8189,0,0,293,0,9.88915,2431,696,2680,0
643,7.48787,41,0,0,0,62.767,41,8189,0,0,326,0,12.2188,2431,696,2680,0
581,6.76561,47,0,3,0,56.015,47,8189,3,0,234,3,13.966,2434,699,2683,0
546,6.35807,51,0,3,0,62.474,51,8189,3,0,206,3,12.7429,2437,702,2686,0
463,5.39156,29,0,51,0,36.41,29,8191,51,0,199,1,13.0574,2488,703,2737,0
534,6.21846,35,0,1,0,45.47,37,8189,1,0,255,1,12.7779,2489,704,2738,0
654,7.61544,45,0,0,0,87.761,45,8189,0,0,330,0,11.1005,2489,704,2738,0
664,7.73249,51,0,1,0,62.182,51,8189,1,0,313,1,14.4668,2490,705,2739,0
645,7.51127,55,0,4,0,61.671,55,8189,4,0,227,4,15.8296,2494,709,2743,0
667,7.76735,60,0,3,0,96.162,60,8190,3,0,279,3,19.953,2497,712,2746,0
721,8.39597,64,0,4,0,76.873,64,8189,4,0,251,4,17.3672,2501,716,2750,0
664,7.73211,69,0,2,0,90.222,69,8189,2,0,303,2,16.0742,2503,718,2752,0
620,7.21978,72,0,6,0,93.727,72,8190,6,0,213,6,13.0574,2509,724,2758,0
679,7.90677,63,0,2,0,77.145,75,8189,2,0,247,2,13.9776,2511,726,2760,0
604,7.03357,77,0,7,0,113.436,77,8190,7,0,180,7,15.4336,2518,733,2767,0
618,7.19657,80,0,6,0,105.227,80,8190,6,0,198,6,13.5466,2524,739,2773,0
720,8.38454,59,0,4,0,97.57,83,8191,4,0,237,4,15.2123,2528,743,2777,0
600,6.98688,58,0,6,0,103.874,85,8191,6,0,175,6,14.7464,2534,749,2783,0
729,8.4891,71,0,4,0,68.854,87,8189,4,0,212,4,13.7097,2538,753,2787,0
653,7.60386,90,0,4,0,94.159,90,8190,4,0,205,4,14.2455,2542,757,2791,0
662,7.70883,92,0,5,0,128.85,92,8190,5,0,182,5,15.1075,2547,762,2796,0
608,7.08021,74,0,5,0,86.746,93,8191,5,0,158,5,14.0475,2552,767,2801,0
710,8.26843,69,0,1,0,105.907,97,8191,1,0,322,1,16.2839,2553,768,2802,0
645,7.51126,98,0,6,0,78.228,98,8189,6,0,157,6,16.3305,2559,774,2808,0
776,9.03694,100,0,4,0,100.173,101,8189,4,0,255,4,13.8961,2563,778,2812,0
714,8.31503,59,0,5,0,99.927,103,8189,5,0,250,5,14.5716,2568,783,2817,0
760,8.8509,70,0,4,0,83.183,106,8189,4,0,250,4,19.2891,2572,787,2821,0
636,7.4064,107,0,3,0,81.917,108,8189,3,0,219,3,19.4638,2575,790,2824,0
663,7.7207,110,0,6,0,92.863,110,8190,6,0,198,6,19.2076,2581,796,2830,0
709,8.25625,111,0,3,0,130.756,111,8191,3,0,215,3,19.5919,2584,799,2833,0
737,8.58227,102,0,14,0,93.272,113,8176,14,0,135,13,17.67,2598,812,2847,0
697,8.11682,79,0,8,0,78.571,114,8189,8,0,162,8,13.1855,2606,820,2855,0
685,7.97716,114,0,9,0,78.766,115,8189,9,0,116,9,13.3836,2615,829,2864,0
599,6.97521,9,0,123,0,101.366,9,8160,82,0,154,8,16.3887,2697,837,2987,0
625,7.27798,60,0,3,0,91.594,61,8191,3,0,233,3,18.2175,2700,840,2990,0
687,8,57,0,2,0,83.116,65,8191,2,0,291,2,16.6916,2702,842,2992,0
672,7.82549,60,0,3,0,78.321,69,8189,3,0,249,3,19.4638,2705,845,2995,0
621,7.23136,69,0,2,0,76.376,72,8189,2,0,251,2,14.6182,2707,847,2997,0
742,8.64063,76,0,6,0,100.084,76,8189,6,0,273,6,14.0824,2713,853,3003,0
650,7.5696,60,0,4,0,86.514,79,8117,4,0,200,4,16.9478,2717,857,3007,0
664,7.73266,81,0,4,0,99.276,81,8189,4,0,231,4,11.7062,2721,861,3011,0
668,7.7792,66,0,3,0,83.284,84,8191,3,0,239,3,11.3452,2724,864,3014,0
651,7.58082,87,0,5,0,116.632,87,8191,5,0,240,5,14.8396,2729,869,3019,0
730,8.50073,76,0,4,0,94.616,89,8189,4,0,202,4,12.8361,2733,873,3023,0
649,7.55742,92,0,5,0,102.261,92,8189,5,0,191,5,12.0091,2738,878,3028,0
593,6.90576,3,0,100,0,93.061,3,8098,66,0,161,7,13.1855,2804,885,3128,0
544,6.33481,49,0,5,0,61.652,49,8190,5,0,210,5,12.8012,2809,890,3133,0
567,6.6029,4,0,57,0,58.054,4,8189,57,0,187,4,12.4284,2866,894,3190,0
538,6.26459,33,0,0,0,56.83,33,8191,0,0,261,0,11.7645,2866,894,3190,0
633,7.37119,41,0,2,0,57.273,41,8189,2,0,281,2,11.252,2868,896,3192,0
646,7.52232,48,0,2,0,66.007,48,8189,2,0,323,2,11.9508,2870,898,3194,0
699,8.13971,53,0,3,0,48.713,53,8191,3,0,258,3,12.6963,2873,901,3197,0
585,6.81229,28,0,58,0,44.983,28,8189,58,0,230,2,14.9444,2931,903,3255,0
615,7.16132,38,0,0,0,66.128,38,8189,0,0,310,0,13.9543,2931,903,3255,0
584,6.80083,44,0,1,0,72.845,44,8189,1,0,278,1,12.2886,2932,904,3256,0
635,7.39493,50,0,3,0,55.467,50,8191,3,0,251,3,13.6398,2935,907,3259,0
553,6.43944,54,0,3,0,66.975,54,8189,3,0,228,3,13.8029,2938,910,3262,0
612,7.12662,58,0,5,0,59.956,58,8191,5,0,230,5,14.2572,2943,915,3267,0
575,6.69625,1,0,63,0,81.651,4,8189,60,0,206,2,12.3003,3003,917,3330,0
548,6.38114,37,0,0,0,39.93,37,8189,0,0,263,0,11.6247,3003,917,3330,0
636,7.40642,44,0,1,0,41.391,44,8191,1,0,299,1,13.698,3004,918,3331,0
548,6.3818,48,0,3,0,87.113,48,8189,3,0,210,3,13.2671,3007,921,3334,0
611,7.10702,53,0,4,0,68.823,53,8140,4,0,209,4,11.0889,3011,925,3338,0
632,7.35977,56,0,3,0,57.086,57,8189,3,0,244,3,15.7714,3014,928,3341,0
518,6.03205,60,0,5,0,86.339,60,8189,5,0,176,5,15.7132,3019,933,3346,0
611,7.11514,64,0,3,0,74.209,64,8190,3,0,252,3,13.0574,3022,936,3349,0
562,6.54462,58,0,4,0,90.407,66,8125,4,0,136,4,11.6946,3026,940,3353,0
506,5.89265,36,0,68,0,47.619,36,8189,68,0,203,1,15.3521,3094,941,3421,0
577,6.71933,43,0,4,0,56.857,43,8190,4,0,251,4,15.0143,3098,945,3425,0
585,6.8123,47,0,3,0,61.574,47,8189,3,0,214,3,13.3952,3101,948,3428,0
663,7.72052,52,0,4,0,71.763,52,8190,4,0,240,4,16.7032,3105,952,3432,0
558,6.49836,30,0,56,0,40.93,30,8189,56,0,217,2,17.1109,3161,954,3488,0
673,7.8378,39,0,0,0,42.665,39,8189,0,0,336,0,16.1907,3161,954,3488,0
651,7.58084,46,0,1,0,52.966,46,8189,1,0,306,1,16.843,3162,955,3489,0
519,6.04396,26,0,50,0,41.344,26,8189,50,0,226,1,16.5984,3212,956,3539,0
651,7.58112,35,0,0,0,52.748,37,8189,0,0,327,0,14.956,3212,956,3539,0
636,7.40583,44,0,1,0,45.236,44,8189,1,0,300,1,14.8163,3213,957,3540,0
641,7.46435,50,0,2,0,72.643,50,8189,2,0,279,2,16.5984,3215,959,3542,0
701,8.16306,55,0,3,0,64.613,55,8137,3,0,282,3,13.733,3218,962,3545,0
621,7.23143,58,0,5,0,79.716,59,8189,5,0,201,5,13.7796,3223,967,3550,0
580,6.75393,62,0,5,0,73.295,62,8189,5,0,203,5,16.5402,3228,972,3555,0
580,6.75414,64,0,4,0,93.253,65,8191,4,0,199,4,17.4487,3232,976,3559,0
666,7.75582,67,0,8,0,79.678,69,8191,8,0,241,8,14.0475,3240,984,3567,0
659,7.6745,71,0,3,0,85.166,72,8191,3,0,234,3,14.5134,3243,987,3570,0
473,5.50823,74,0,7,0,114.299,74,8190,7,0,167,7,16.4819,3250,994,3577,0
494,5.75272,41,0,74,0,50.232,41,8189,59,0,205,0,13.3253,3309,994,3651,0
608,7.08024,47,0,4,0,55.9,47,8191,4,0,262,4,13.0108,3313,998,3655,0
652,7.59248,52,0,5,0,68.907,52,8191,5,0,258,5,15.1075,3318,1003,3660,0
651,7.58122,57,0,3,0,62.945,57,8189,3,0,250,3,15.0842,3321,1006,3663,0
672,7.8258,61,0,3,0,68.319,61,8189,3,0,254,3,13.966,3324,1009,3666,0
673,7.83752,61,0,4,0,77.56,65,8189,4,0,250,4,13.7213,3328,1013,3670,0
656,7.63864,64,0,5,0,77.32,68,8191,5,0,207,5,15.1191,3333,1018,3675,0
527,6.13724,38,0,69,0,39.615,38,8191,60,0,218,1,17.2973,3393,1019,3744,0
551,6.41667,44,0,2,0,68.072,44,8191,2,0,240,2,14.0009,3395,1021,3746,0
597,6.95157,49,0,5,0,80.207,49,8167,5,0,246,5,13.5233,3400,1026,3751,0
624,7.26601,54,0,3,0,71.303,54,8189,3,0,254,3,14.2455,3403,1029,3754,0
613,7.13837,58,0,4,0,55.451,58,8189,4,0,205,4,12.8244,3407,1033,3758,0
606,7.05656,60,0,4,0,66.983,61,8189,4,0,196,4,12.277,3411,1037,3762,0
542,6.31157,61,0,5,0,91.764,64,8191,5,0,158,5,12.3585,3416,1042,3767,0
652,7.59297,66,0,5,0,82.886,67,8189,5,0,234,5,14.362,3421,1047,3772,0
690,8.03526,68,0,6,0,81.648,71,8189,6,0,249,6,15.387,3427,1053,3778,0
626,7.28984,73,0,5,0,70.293,73,8189,5,0,185,5,14.4319,3432,1058,3783,0
665,7.74373,70,0,3,0,97.291,77,8191,3,0,246,3,14.4552,3435,1061,3786,0
722,8.40807,78,0,4,0,99.584,80,8189,4,0,286,4,13.6748,3439,1065,3790,0
656,7.63891,80,0,5,0,75.347,83,8189,5,0,214,5,15.3171,3444,1070,3795,0
713,8.30279,86,0,3,0,80.458,86,8191,3,0,291,3,13.6631,3447,1073,3798,0
649,7.5575,58,0,6,0,89.345,88,8103,6,0,172,6,12.0091,3453,1079,3804,0
671,7.81371,83,0,3,0,106.85,91,8187,3,0,241,3,12.5216,3456,1082,3807,0
655,7.62732,69,0,7,0,79.401,93,8191,7,0,154,7,15.0026,3463,1089,3814,0
707,8.23321,89,0,3,0,100.673,95,8189,3,0,215,3,15.5734,3466,1092,3817,0
751,8.74513,66,0,4,0,88.618,98,8189,4,0,264,4,16.1441,3470,1096,3821,0
634,7.38309,95,0,5,0,111.507,99,8149,5,0,179,5,13.698,3475,1101,3826,0
726,8.45409,102,0,7,0,135.034,102,8148,7,0,229,7,12.8361,3482,1108,3833,0
752,8.75696,65,0,4,0,97.73,104,8189,4,0,232,4,16.5868,3486,1112,3837,0
660,7.68601,67,0,8,0,93.996,105,8189,8,0,155,8,14.6299,3494,1120,3845,0
677,7.884,107,0,4,0,95.246,107,8189,4,0,217,4,14.5833,3498,1124,3849,0
789,9.18729,63,0,6,0,93.953,110,8189,6,0,262,6,16.6566,3504,1130,3855,0
579,6.74221,65,0,13,0,87.254,110,8190,13,0,77,12,16.4819,3517,1142,3868,0
729,8.48938,107,0,5,0,143.501,113,8189,5,0,233,5,11.7528,3522,1147,3873,0
713,8.30243,81,0,7,0,94.733,114,8187,7,0,214,7,12.9409,3529,1154,3880,0
659,7.67383,116,0,10,0,109.882,116,8191,10,0,175,10,12.7313,3539,1164,3890,0
742,8.6404,117,0,6,0,133.552,118,8191,6,0,216,6,17.6118,3545,1170,3896,0
678,7.89546,67,0,6,0,111.045,119,8189,6,0,193,6,20.5354,3551,1176,3902,0
737,8.58201,103,0,5,0,89.599,122,8189,5,0,259,5,14.5484,3556,1181,3907,0
760,8.85009,74,0,5,0,87.81,123,8189,5,0,200,5,15.5734,3561,1186,3912,0
572,6.66113,62,0,128,0,64.191,62,8191,69,0,181,5,15.2589,3630,1191,4040,0
679,7.90682,64,0,4,0,90.058,65,8189,4,0,226,4,12.5332,3634,1195,4044,0
611,7.11545,67,0,4,0,85.315,69,8189,4,0,210,4,13.0458,3638,1199,4048,0
646,7.52298,70,0,4,0,75.007,72,8189,4,0,224,4,13.6282,3642,1203,4052,0
595,6.92898,74,0,5,0,89.082,74,8189,5,0,160,5,16.2373,3647,1208,4057,0
560,6.52156,39,0,76,0,50.606,39,8189,60,0,238,1,15.0725,3707,1209,4133,0
683,7.9538,47,0,0,0,63.546,47,8189,0,0,343,0,13.8728,3707,1209,4133,0
607,7.06885,51,0,4,0,56.588,51,8189,4,0,218,4,15.4802,3711,1213,4137,0
523,6.09066,31,0,52,0,38.701,31,8189,52,0,226,1,13.7446,3763,1214,4189,0
640,7.45285,40,0,0,0,43.008,40,8189,0,0,321,0,13.3952,3763,1214,4189,0
518,6.03222,22,0,46,0,45.087,22,8189,46,0,230,1,12.6148,3809,1215,4235,0
641,7.46437,33,0,0,0,49.583,33,8189,0,0,321,0,11.3219,3809,1215,4235,0
585,6.81223,40,0,2,0,48.598,40,8191,2,0,259,2,12.3119,3811,1217,4237,0
566,6.59092,46,0,2,0,66.12,46,8189,2,0,245,2,13.6282,3813,1219,4239,0
563,6.55605,50,0,4,0,76.804,50,8189,4,0,212,4,12.7546,3817,1223,4243,0
492,5.72949,31,0,52,0,37.961,31,8189,52,0,215,1,12.6847,3869,1224,4295,0
441,5.13554,24,0,32,0,47.698,24,8185,32,0,217,0,10.2619,3901,1224,4327,0
647,7.53413,35,0,0,0,41.384,35,8189,0,0,322,0,13.1622,3901,1224,4327,0
624,7.26661,42,0,2,0,54.604,42,8189,2,0,278,2,15.6899,3903,1226,4329,0
653,7.60398,49,0,0,0,53.695,49,8189,0,0,329,0,15.422,3903,1226,4329,0
609,7.0921,53,0,2,0,83.645,54,8189,2,0,261,2,10.4366,3905,1228,4331,0
594,6.91751,58,0,4,0,72.075,58,8190,4,0,222,4,15.0259,3909,1232,4335,0
506,5.89269,32,0,61,0,32.446,32,8189,60,0,186,2,13.8844,3969,1234,4396,0
642,7.47613,41,0,0,0,55.65,41,8189,0,0,324,0,12.7662,3969,1234,4396,0
666,7.75568,48,0,2,0,63.219,48,8190,2,0,315,2,12.3702,3971,1236,4398,0
570,6.6375,52,0,3,0,69.594,52,8189,3,0,214,3,12.8244,3974,1239,4401,0
624,7.26635,55,0,4,0,75.45,56,8189,4,0,211,4,10.9258,3978,1243,4405,0
562,6.54445,59,0,4,0,84.811,59,8189,4,0,177,4,10.7628,3982,1247,4409,0
599,6.97529,59,0,5,0,74.39,62,8189,5,0,190,5,12.4634,3987,1252,4414,0
651,7.58082,61,0,5,0,78.322,65,8189,5,0,204,5,16.8896,3992,1257,4419,0
611,7.11497,63,0,5,0,78.789,69,8191,5,0,212,5,18.3107,3997,1262,4424,0
629,7.3252,67,0,5,0,108.601,71,8189,5,0,183,5,17.7283,4002,1267,4429,0
648,7.54596,72,0,3,0,84.491,75,8191,3,0,254,3,15.8063,4005,1270,4432,0
646,7.52254,78,0,2,0,100.568,78,8191,2,0,252,2,14.991,4007,1272,4434,0
583,6.78939,81,0,2,0,101.378,81,8189,2,0,217,2,17.1226,4009,1274,4436,0
706,8.22096,84,0,2,0,97.589,84,8190,2,0,319,2,19.2891,4011,1276,4438,0
457,5.32143,45,0,84,0,54.187,45,8189,58,0,182,0,20.6868,4069,1276,4522,0
629,7.3253,50,0,4,0,63.819,50,8189,4,0,249,4,16.9595,4073,1280,4526,0
583,6.7892,5,0,56,0,83.272,5,8191,56,0,240,2,16.3305,4129,1282,4582,0
596,6.94033,35,0,0,0,45.664,35,8189,0,0,288,0,17.0061,4129,1282,4582,0
615,7.16155,43,0,1,0,54.431,43,8189,1,0,296,1,12.6614,4130,1283,4583,0
637,7.41768,49,0,0,0,70.98,49,8189,0,0,321,0,14.0009,4130,1283,4583,0
530,6.17176,54,0,4,0,59.543,54,8189,4,0,242,4,13.1389,4134,1287,4587,0
614,7.14986,58,0,4,0,65.786,58,8191,4,0,211,4,15.2006,4138,1291,4591,0
622,7.24296,62,0,3,0,74.533,62,8191,3,0,254,3,14.7697,4141,1294,4594,0
645,7.5109,66,0,1,0,108.398,67,8189,1,0,296,1,12.6031,4142,1295,4595,0
594,6.91701,62,0,8,0,92.314,69,8189,8,0,170,8,12.0557,4150,1303,4603,0
487,5.67104,37,0,70,0,55.813,37,8189,64,0,197,1,11.6364,4214,1304,4673,0
604,7.03348,43,0,3,0,74.247,43,8189,3,0,250,3,12.6031,4217,1307,4676,0
587,6.83541,48,0,3,0,71.989,48,8189,3,0,232,3,10.9724,4220,1310,4679,0
632,7.36002,53,0,3,0,65.705,53,8189,3,0,252,3,12.6847,4223,1313,4682,0
580,6.7546,57,0,3,0,65.56,57,8189,3,0,213,3,13.8029,4226,1316,4685,0
696,8.10535,60,0,3,0,71.869,62,8189,3,0,268,3,17.5768,4229,1319,4688,0
575,6.69576,58,0,6,0,92.308,64,8191,6,0,168,6,17.7399,4235,1325,4694,0
580,6.754,68,0,5,0,78.284,68,8190,5,0,226,5,15.7481,4240,1330,4699,0
631,7.34838,48,0,2,0,120.837,71,8189,2,0,233,2,14.7114,4242,1332,4701,0
642,7.47603,65,0,7,0,80.022,74,8189,7,0,200,7,12.079,4249,1339,4708,0
662,7.70887,73,0,6,0,72.924,76,8189,6,0,190,6,13.5,4255,1345,4714,0
621,7.23144,79,0,6,0,123.005,79,8145,6,0,214,6,13.302,4261,1351,4720,0
637,7.41769,75,0,6,0,89.413,81,8191,6,0,192,6,13.5932,4267,1357,4726,0
581,6.76562,80,0,6,0,86.034,83,8189,6,0,172,6,13.9427,4273,1363,4732,0
547,6.36968,85,0,6,0,78.203,85,8190,6,0,148,6,14.5716,4279,1369,4738,0
620,7.21976,75,0,6,0,85.804,87,8189,6,0,180,6,12.4517,4285,1375,4744,0
612,7.12688,72,0,4,0,123.058,90,8189,4,0,228,4,12.7313,4289,1379,4748,0
675,7.86034,74,0,5,0,105.669,93,8191,5,0,269,5,14.5367,4294,1384,4753,0
684,7.96507,95,0,5,0,103.844,95,8190,5,0,193,5,12.8477,4299,1389,4758,0
640,7.45281,95,0,4,0,110.188,96,8189,4,0,139,4,11.3917,4303,1393,4762,0
610,7.10382,50,0,98,0,62.589,50,8190,98,0,225,6,12.4867,4401,1399,4860,0
708,8.2451,53,0,2,0,58.061,55,8189,2,0,282,2,12.242,4403,1401,4862,0
653,7.60449,59,0,5,0,65.802,59,8189,5,0,219,5,15.1657,4408,1406,4867,0
637,7.4181,59,0,4,0,85.892,63,8170,4,0,265,4,16.5169,4412,1410,4871,0
477,5.55468,33,0,68,0,43.447,33,8191,60,0,140,4,17.6933,4472,1414,4939,0
690,8.03472,41,0,1,0,50.194,41,8187,1,0,328,1,14.5484,4473,1415,4940,0
620,7.21976,48,0,1,0,70.142,48,8189,1,0,288,1,16.7848,4474,1416,4941,0
602,7.01015,52,0,4,0,66.123,52,8139,4,0,236,4,16.8197,4478,1420,4945,0
573,6.67247,56,0,3,0,81.151,56,8189,3,0,211,3,17.0527,4481,1423,4948,0
612,7.12662,58,0,3,0,86.016,60,8189,3,0,227,3,15.0492,4484,1426,4951,0
622,7.24312,57,0,5,0,68.32,63,8128,5,0,196,5,12.708,4489,1431,4956,0
664,7.73212,65,0,6,0,82.021,67,8189,6,0,238,6,10.6346,4495,1437,4962,0
602,7.01041,70,0,7,0,68.552,70,8189,7,0,203,7,10.7511,4502,1444,4969,0
319,3.71471,7,0,77,0,45.442,7,8189,65,0,96,3,14.793,4567,1447,5046,0
365,4.24934,20,0,0,0,29.779,20,8189,0,0,185,0,18.299,4567,1447,5046,0
493,5.74128,30,0,0,0,46.949,30,8189,0,0,245,0,18.299,4567,1447,5046,0
512,5.96258,37,0,2,0,88.938,37,8189,2,0,241,2,16.9012,4569,1449,5048,0
644,7.49932,44,0,1,0,62.603,44,8149,1,0,304,1,16.5868,4570,1450,5049,0
663,7.72049,50,0,4,0,57.388,50,8190,4,0,285,4,11.4966,4574,1454,5053,0
628,7.31268,54,0,4,0,69.587,54,8190,4,0,219,4,13.2205,4578,1458,5057,0
736,8.57057,55,0,5,0,76.119,60,8189,4,0,293,5,16.4819,4582,1463,5062,0
646,7.52249,60,0,6,0,77.899,63,8189,7,0,237,6,18.0893,4589,1469,5068,0
592,6.89379,64,0,4,0,88.645,66,8189,4,0,203,4,13.2321,4593,1473,5072,0
547,6.36971,70,0,3,0,137.828,70,8190,3,0,211,3,14.5716,4596,1476,5075,0
529,6.1603,20,0,76,0,50.355,20,8189,63,0,161,4,14.3154,4659,1480,5151,0
598,6.96273,42,0,1,0,56.761,42,8189,1,0,272,1,13.6748,4660,1481,5152,0
595,6.92872,48,0,2,0,77.929,48,8189,2,0,263,2,12.2304,4662,1483,5154,0
624,7.26636,53,0,5,0,64.566,53,8189,5,0,243,5,9.67949,4667,1488,5159,0
568,6.61432,56,0,4,0,66.801,56,8191,4,0,211,4,10.1804,4671,1492,5163,0
716,8.33824,58,0,3,0,69.576,61,8189,3,0,279,3,10.8559,4674,1495,5166,0
631,7.34452,56,0,4,0,74.823,65,8189,3,0,227,4,13.7679,4677,1499,5170,0
626,7.28936,68,0,5,0,92.466,68,8191,6,0,220,5,15.387,4683,1504,5175,0
601,6.999,63,0,5,0,106.221,71,8189,5,0,179,5,14.6415,4688,1509,5180,0
620,7.22029,74,0,6,0,99.848,74,8191,6,0,238,6,15.3288,4694,1515,5186,0
653,7.60454,74,0,7,0,82.688,76,8189,7,0,187,7,13.2904,4701,1522,5193,0
597,6.95241,54,0,8,0,83.511,79,8189,8,0,184,8,12.8943,4709,1530,5201,0
596,6.94035,43,0,81,0,69.887,43,8189,75,0,221,3,14.0591,4784,1533,5282,0
594,6.91709,48,0,3,0,65.449,48,8189,3,0,221,3,11.7295,4787,1536,5285,0
613,7.13826,53,0,3,0,68.348,53,8190,3,0,262,3,11.217,4790,1539,5288,0
622,7.24314,53,0,2,0,66.49,57,8191,2,0,236,2,14.2339,4792,1541,5290,0
529,6.16042,59,0,5,0,95.427,60,8189,4,0,184,5,14.4552,4796,1546,5295,0
627,7.3013,59,0,4,0,88.337,64,8191,5,0,202,4,12.8128,4801,1550,5299,0
654,7.61628,63,0,3,0,73.421,67,8189,3,0,240,3,12.9875,4804,1553,5302,0
576,6.70734,69,0,7,0,103.69,70,8191,7,0,186,7,12.3469,4811,1560,5309,0
624,7.26683,73,0,7,0,100.596,73,8169,7,0,205,7,10.9375,4818,1567,5316,0
610,7.10284,54,0,5,0,73.72,76,8189,5,0,235,5,11.6364,4823,1572,5321,0
661,7.69726,75,0,11,0,70.591,78,8189,11,0,137,11,11.5898,4834,1583,5332,0
657,7.64814,64,0,5,0,83.782,80,8189,5,0,204,5,11.5315,4839,1588,5337,0
605,7.04482,80,0,4,0,95.761,82,8189,4,0,182,4,13.6165,4843,1592,5341,0
660,7.68556,71,0,7,0,81.476,85,8189,7,0,217,7,17.041,4850,1599,5348,0
645,7.51129,88,0,9,0,68.876,88,8189,9,0,220,9,15.6899,4859,1608,5357,0
720,8.38464,79,0,4,0,82.555,90,8191,4,0,210,4,16.5984,4863,1612,5361,0
648,7.54596,92,0,5,0,53.844,92,8189,5,0,191,5,18.2175,4868,1617,5366,0
659,7.67393,87,0,2,0,114.313,94,8189,2,0,206,2,17.3555,4870,1619,5368,0
623,7.2547,96,0,10,0,95.061,96,8190,10,0,189,10,16.249,4880,1629,5378,0
712,8.29111,72,0,5,0,78.373,98,8189,5,0,176,5,13.104,4885,1634,5383,0
630,7.33624,69,0,6,0,85.027,99,8191,6,0,134,6,12.7546,4891,1640,5389,0
621,7.23143,101,0,9,0,95.183,101,8191,9,0,121,9,13.966,4900,1649,5398,0
687,8.0005,71,0,7,0,99.168,102,8189,7,0,146,7,11.4267,4907,1656,5405,0
675,7.86081,103,0,6,0,112.013,104,8191,6,0,175,6,16.3538,4913,1662,5411,0
640,7.45321,105,0,6,0,106.542,105,8190,6,0,178,6,13.1506,4919,1668,5417,0
675,7.8608,82,0,8,0,96.616,107,8191,8,0,192,8,14.1873,4927,1676,5425,0
725,8.4425,79,0,10,0,120.877,108,8191,10,0,139,10,15.1424,4937,1686,5435,0
583,6.78892,97,0,5,0,130.518,110,8190,5,0,180,5,13.2904,4942,1691,5440,0
704,8.19795,69,0,8,0,84.773,111,8189,8,0,154,8,15.7015,4950,1699,5448,0
816,9.50222,107,0,6,0,92.6,114,8189,6,0,255,6,16.214,4956,1705,5454,0
693,8.06973,72,0,4,0,88.536,116,8191,4,0,225,4,13.2321,4960,1709,5458,0
637,7.41768,58,0,119,0,56.133,60,8189,73,0,224,3,12.3702,5033,1712,5577,0
621,7.23155,64,0,6,0,90.647,64,8190,6,0,226,6,12.0906,5039,1718,5583,0
562,6.54438,62,0,3,0,64.009,66,8191,3,0,169,3,9.84256,5042,1721,5586,0
589,6.8588,37,0,68,0,40.911,37,8189,68,0,249,1,10.5414,5110,1722,5654,0
643,7.48739,44,0,1,0,62.024,44,8189,1,0,307,1,18.6717,5111,1723,5655,0
549,6.39303,26,0,49,0,44.108,26,8189,49,0,225,2,14.1407,5160,1725,5704,0
611,7.11592,35,0,1,0,70.663,35,8157,1,0,291,1,13.8378,5161,1726,5705,0
596,6.94084,42,0,2,0,61.466,42,8189,2,0,282,2,17.6817,5163,1728,5707,0
643,7.48791,48,0,3,0,49.082,48,8189,3,0,240,3,11.7295,5166,1731,5710,0
654,7.6159,53,0,2,0,69.081,53,8189,2,0,285,2,14.7231,5168,1733,5712,0
536,6.24166,57,0,4,0,74.269,57,8190,4,0,197,4,18.6601,5172,1737,5716,0
469,5.46134,33,0,57,0,50.952,33,8189,57,0,196,0,15.4569,5229,1737,5773,0
548,6.38137,40,0,2,0,59.811,40,8189,2,0,243,2,12.3702,5231,1739,5775,0
617,7.18485,46,0,2,0,47.503,46,8189,2,0,271,2,13.6398,5233,1741,5777,0
618,7.19655,52,0,1,0,65.234,52,8189,1,0,288,1,14.5367,5234,1742,5778,0
454,5.28679,28,0,54,0,41.813,28,8189,54,0,191,1,15.2123,5288,1743,5832,0
556,6.47504,37,0,0,0,59.143,37,8189,0,0,280,0,15.2589,5288,1743,5832,0
450,5.24032,26,0,38,0,35.96,26,8189,38,0,199,1,15.783,5326,1744,5870,0
603,7.02225,35,0,0,0,91.149,35,8189,0,0,301,0,13.2787,5326,1744,5870,0
648,7.54587,44,0,0,0,74.887,44,8189,0,0,325,0,14.793,5326,1744,5870,0
541,6.29983,48,0,4,0,61.564,48,8189,4,0,204,4,13.7213,5330,1748,5874,0
668,7.77873,53,0,3,0,64.194,53,8189,3,0,265,3,14.1989,5333,1751,5877,0
611,7.11496,55,0,4,0,72.817,57,8190,4,0,230,4,16.0975,5337,1755,5881,0
408,4.75132,30,0,60,0,45.039,30,8191,60,0,135,2,15.422,5397,1757,5941,0
557,6.48637,38,0,1,0,67.548,38,8189,1,0,266,1,15.7364,5398,1758,5942,0
628,7.31293,44,0,2,0,59.306,44,8189,2,0,276,2,11.881,5400,1760,5944,0
548,6.38135,48,0,4,0,63.508,48,8189,4,0,193,4,14.5251,5404,1764,5948,0
566,6.591,53,0,3,0,72.264,53,8191,3,0,210,3,14.0242,5407,1767,5951,0
587,6.83554,33,0,54,0,39.173,33,8191,54,0,260,1,13.5466,5461,1768,6005,0
599,6.97514,41,0,0,0,47.323,41,8189,0,0,300,0,14.3969,5461,1768,6005,0
656,7.63899,48,0,1,0,66.513,48,8190,1,0,310,1,16.2723,5462,1769,6006,0
571,6.64921,52,0,5,0,56.804,52,8189,5,0,215,5,16.9828,5467,1774,6011,0
646,7.5231,53,0,3,0,70.15,57,8191,3,0,254,3,16.9129,5470,1777,6014,0
573,6.67251,60,0,4,0,85.272,60,8191,4,0,205,4,17.6234,5474,1781,6018,0
677,7.88358,59,0,5,0,89.343,64,8189,5,0,252,5,18.4388,5479,1786,6023,0
630,7.33616,67,0,5,0,76.736,67,8191,5,0,197,5,11.4966,5484,1791,6028,0
624,7.26669,71,0,2,0,77.792,71,8191,2,0,251,2,14.0708,5486,1793,6030,0
593,6.90565,72,0,6,0,85.806,73,8191,6,0,194,6,14.129,5492,1799,6036,0
636,7.40659,72,0,5,0,89.994,76,8189,5,0,211,5,11.5781,5497,1804,6041,0
643,7.48806,65,0,6,0,119.811,79,8191,6,0,220,6,11.9741,5503,1810,6047,0
547,6.36988,75,0,6,0,90.723,81,8189,6,0,151,6,11.3684,5509,1816,6053,0
571,6.64909,83,0,7,0,95.023,83,8163,7,0,190,7,14.6066,5516,1823,6060,0
519,6.04365,45,0,83,0,69.231,45,8190,59,0,213,0,14.2921,5575,1823,6143,0
312,3.63318,8,0,51,0,36.841,8,8189,51,0,133,1,13.7097,5626,1824,6194,0
370,4.30859,21,0,0,0,31.021,21,8189,0,0,185,0,13.5466,5626,1824,6194,0
586,6.82391,32,0,0,0,45.293,32,8191,0,0,296,0,12.5449,5626,1824,6194,0
608,7.07992,40,0,0,0,38.66,40,8191,0,0,307,0,12.9875,5626,1824,6194,0
564,6.56759,45,0,3,0,52.978,45,8189,3,0,229,3,14.8745,5629,1827,6197,0
605,7.04511,51,0,2,0,62.782,51,8189,2,0,260,2,16.3538,5631,1829,6199,0
668,7.77874,57,0,2,0,79.677,57,8191,2,0,309,2,16.61,5633,1831,6201,0
458,5.33332,30,0,60,0,63.941,30,8191,60,0,136,2,17.9729,5693,1833,6261,0
590,6.87041,38,0,0,0,73.881,38,8189,0,0,297,0,16.214,5693,1833,6261,0
604,7.03372,45,0,2,0,56.637,45,8189,2,0,269,2,16.2373,5695,1835,6263,0
637,7.41785,50,0,2,0,62.697,50,8191,2,0,280,2,14.9677,5697,1837,6265,0
635,7.3953,49,0,3,0,77.487,56,8189,3,0,279,3,13.966,5700,1840,6268,0
466,5.42675,32,0,57,0,37.509,32,8189,57,0,190,1,14.8512,5757,1841,6325,0
536,6.24164,13,0,39,0,49.692,13,8189,39,0,243,1,15.0259,5796,1842,6364,0
542,6.31153,29,0,0,0,41.582,29,8189,0,0,268,0,13.1972,5796,1842,6364,0
558,6.49786,38,0,0,0,46.5,38,8189,0,0,283,0,17.2973,5796,1842,6364,0
588,6.84707,44,0,1,0,53.71,44,8189,1,0,278,1,16.5169,5797,1843,6365,0
493,5.7412,24,0,49,0,40.169,24,8189,49,0,196,2,13.2088,5846,1845,6414,0
521,6.06702,33,0,0,0,50.906,33,8191,0,0,261,0,13.5583,5846,1845,6414,0
524,6.10172,40,0,0,0,60.701,40,8189,0,0,264,0,17.8214,5846,1845,6414,0
520,6.05516,46,0,1,0,84.369,46,8189,1,0,242,1,20.6053,5847,1846,6415,0
628,7.31309,50,0,4,0,58.646,50,8189,4,0,229,4,18.5902,5851,1850,6419,0
604,7.03363,55,0,3,0,72.989,55,8190,3,0,259,3,14.6648,5854,1853,6422,0
621,7.2318,58,0,4,0,76.987,59,8191,4,0,205,4,14.8279,5858,1857,6426,0
635,7.39512,61,0,5,0,70.376,63,8191,5,0,234,5,14.4319,5863,1862,6431,0
573,6.67241,66,0,5,0,69.154,66,8191,5,0,226,5,12.7546,5868,1867,6436,0
693,8.07055,70,0,4,0,102.454,70,8189,4,0,254,4,11.3102,5872,1871,6440,0
623,7.25526,67,0,5,0,79.358,73,8189,5,0,217,5,10.4599,5877,1876,6445,0
652,7.59285,71,0,5,0,83.528,76,8189,5,0,220,5,13.5699,5882,1881,6450,0
650,7.56894,57,0,6,0,94.414,78,8191,6,0,188,6,17.0993,5888,1887,6456,0
553,6.43971,57,0,7,0,123.929,81,8191,7,0,202,7,15.9811,5895,1894,6463,0
622,7.24335,83,0,5,0,98.439,83,8189,5,0,182,5,17.7632,5900,1899,6468,0
594,6.91704,64,0,7,0,99.511,85,8191,7,0,158,7,13.8961,5907,1906,6475,0
601,6.99858,87,0,5,0,98.625,87,8191,5,0,154,5,11.1238,5912,1911,6480,0
615,7.16174,87,0,11,0,97.322,88,8189,11,0,140,11,10.7628,5923,1922,6491,0
695,8.09369,67,0,3,0,113.802,91,8191,3,0,279,3,10.7744,5926,1925,6494,0
622,7.2431,88,0,6,0,88.043,93,8190,6,0,168,6,13.7097,5932,1931,6500,0
408,4.75103,47,0,97,0,46.22,47,8189,62,0,107,3,16.4586,5994,1934,6597,0
661,7.69723,53,0,3,0,65.643,53,8190,3,0,285,3,14.2572,5997,1937,6600,0
628,7.31321,56,0,4,0,70.711,56,8191,4,0,192,4,11.8926,6001,1941,6604,0
619,7.20819,60,0,6,0,84.071,60,8191,6,0,226,6,13.5466,6007,1947,6610,0
667,7.76689,63,0,1,0,77.308,65,8189,1,0,305,1,13.6631,6008,1948,6611,0
625,7.27858,63,0,8,0,80.167,67,8189,8,0,162,8,13.3253,6016,1956,6619,0
543,6.32314,35,0,73,0,39.359,35,8189,61,0,193,3,14.4202,6077,1959,6692,0
602,7.01064,42,0,1,0,63.278,42,8191,1,0,286,1,13.7097,6078,1960,6693,0
629,7.32509,48,0,3,0,69.042,48,8191,3,0,255,3,16.2723,6081,1963,6696,0
667,7.76676,53,0,2,0,74.509,53,8189,2,0,292,2,17.1226,6083,1965,6698,0
487,5.67104,32,0,55,0,37.354,32,8189,55,0,211,1,18.0428,6138,1966,6753,0
508,5.91557,6,0,39,0,63.226,6,8189,39,0,234,1,16.5751,6177,1967,6792,0
537,6.25323,29,0,0,0,39.68,29,8189,0,0,265,0,16.6799,6177,1967,6792,0
635,7.3947,38,0,0,0,52.626,38,8189,0,0,316,0,15.8529,6177,1967,6792,0
597,6.95207,45,0,2,0,71.685,45,8189,2,0,264,2,14.758,6179,1969,6794,0
609,7.09168,50,0,4,0,78.184,50,8190,4,0,266,4,14.6299,6183,1973,6798,0
713,8.30311,53,0,1,0,58.534,56,8189,1,0,313,1,13.8029,6184,1974,6799,0
595,6.92856,60,0,5,0,90.912,60,8191,5,0,217,5,12.5565,6189,1979,6804,0
648,7.54593,62,0,6,0,75.151,63,8189,6,0,210,6,17.5885,6195,1985,6810,0
629,7.32459,54,0,5,0,68.874,66,8191,5,0,203,5,14.793,6200,1990,6815,0
538,6.26489,63,0,4,0,84.137,68,8191,4,0,144,4,15.6433,6204,1994,6819,0
441,5.13556,35,0,73,0,48.698,35,8189,73,0,136,3,18.1709,6277,1997,6892,0
627,7.30174,42,0,3,0,57.2,42,8189,3,0,276,3,16.4819,6280,2000,6895,0
634,7.38281,48,0,3,0,52.916,48,8189,3,0,253,3,11.7645,6283,2003,6898,0
612,7.12652,52,0,4,0,55.336,52,8189,4,0,214,4,10.5531,6287,2007,6902,0
466,5.4264,4,0,58,0,79.722,4,8189,58,0,156,3,13.4534,6345,2010,6960,0
507,5.90412,34,0,0,0,41.285,34,8189,0,0,247,0,17.3555,6345,2010,6960,0
621,7.23147,42,0,0,0,56.168,42,8191,0,0,311,0,14.1407,6345,2010,6960,0
632,7.3595,48,0,3,0,60.887,48,8189,3,0,256,3,11.5781,6348,2013,6963,0
628,7.31328,42,0,3,0,74.909,53,8189,3,0,252,3,12.242,6351,2016,6966,0
603,7.02159,53,0,7,0,79.355,57,8189,7,0,222,7,14.327,6358,2023,6973,0
541,6.29978,9,0,66,0,74.017,9,8191,66,0,157,7,14.991,6424,2030,7039,0
580,6.75402,36,0,1,0,56.187,36,8189,1,0,265,1,13.8611,6425,2031,7040,0
692,8.05824,44,0,2,0,62.405,44,8191,2,0,315,2,13.6748,6427,2033,7042,0
587,6.83552,49,0,3,0,65.984,49,8189,3,0,254,3,15.4918,6430,2036,7045,0
529,6.15973,31,0,49,0,43.034,31,8189,49,0,229,0,15.2822,6479,2036,7094,0
623,7.25513,40,0,0,0,48.26,40,8191,0,0,311,0,13.9077,6479,2036,7094,0
571,6.64915,45,0,3,0,63.074,45,8190,3,0,246,3,13.3719,6482,2039,7097,0
650,7.56939,51,0,4,0,74.843,51,8191,4,0,263,4,16.3305,6486,2043,7101,0
557,6.48623,28,0,54,0,36.639,28,8189,54,0,219,1,13.4068,6540,2044,7155,0
589,6.85861,37,0,0,0,59.511,37,8189,0,0,296,0,10.2153,6540,2044,7155,0
595,6.92867,43,0,2,0,56.519,43,8189,2,0,259,2,12.4168,6542,2046,7157,0
644,7.49923,49,0,3,0,59.904,49,8189,3,0,261,3,14.991,6545,2049,7160,0
584,6.8007,53,0,3,0,81.543,53,8189,3,0,225,3,15.189,6548,2052,7163,0
649,7.55756,58,0,3,0,81.775,58,8191,3,0,249,3,13.7563,6551,2055,7166,0
615,7.16162,61,0,6,0,81.545,61,8191,6,0,227,6,15.818,6557,2061,7172,0
621,7.23195,60,0,6,0,79.291,64,8189,6,0,194,6,13.8145,6563,2067,7178,0
597,6.95205,67,0,5,0,78.921,67,8189,5,0,205,5,12.3003,6568,2072,7183,0
682,7.94174,71,0,3,0,82.612,71,8190,3,0,244,3,15.9228,6571,2075,7186,0
625,7.27811,74,0,5,0,111.043,74,8191,5,0,249,5,16.447,6576,2080,7191,0
671,7.81327,63,0,3,0,117.989,78,8189,3,0,241,3,17.8098,6579,2083,7194,0
608,7.0806,78,0,7,0,94.397,80,8189,7,0,184,7,16.3654,6586,2090,7201,0
651,7.58173,82,0,5,0,86.798,82,8191,5,0,210,5,15.7947,6591,2095,7206,0
586,6.82426,8,0,5,0,109.311,85,8114,5,0,174,5,16.0044,6596,2100,7211,0
621,7.2248,80,0,3,0,122.009,87,8191,3,0,205,3,16.249,6599,2103,7214,0
552,6.42801,89,0,7,0,114.656,89,8191,7,0,187,7,14.3853,6606,2110,7221,0
651,7.58115,83,0,6,0,97.577,91,8191,6,0,167,6,15.1075,6612,2116,7227,0
628,7.3135,78,0,3,0,137.008,93,8189,3,0,204,3,17.3555,6615,2119,7230,0
621,7.23138,94,0,11,0,126.825,94,8189,11,0,115,11,15.4569,6626,2130,7241,0
640,7.45249,64,0,5,0,112.971,96,8189,5,0,129,5,11.6131,6631,2135,7246,0


