SendPacket,SendRate(Mb/s),FlightSize,ReceiveRate(Mb/s),Send Loss,Recv Loss,RTT(ms),CWnd,FlowWindow,Retrans,PktSndPeriod(us),RecvACK,RecvNAK,EstimatedBandwidth(Mb/s),Retrans_Total,NAK_TotalRecv,Total Send Loss,Total Recv Loss
168,1.16249,13,0,0,0,33.17,13,8191,0,0,87,0,7.8392,0,0,0,0
501,3.83059,26,0,0,0,32.143,26,8189,0,0,249,0,7.94627,0,0,0,0
870,6.65211,41,0,0,0,31.438,41,8189,0,0,434,0,12.3592,0,0,0,0
1081,8.26601,162,0,0,0,73.335,162,8189,0,0,483,0,16.0149,0,0,0,0
1030,7.87543,128,0,3,0,67.155,229,8189,3,0,407,3,12.9404,3,3,3,0
1064,8.13548,89,0,1,0,56.836,287,8189,1,0,469,1,16.2673,4,4,4,0
1143,8.73943,262,0,1,0,206.848,330,8189,1,0,419,1,16.3208,5,5,5,0
1076,8.22806,198,0,0,0,178.206,382,8189,0,0,573,0,15.686,5,5,5,0
989,7.56231,220,0,0,0,177.463,421,8189,0,0,489,0,15.4184,5,5,5,0
966,7.38625,176,0,0,0,196.85,458,8189,0,0,509,0,13.1087,5,5,5,0
1016,7.76832,367,0,1,0,119.651,486,8190,1,0,416,1,13.4452,6,6,6,0
975,7.45506,93,0,2,0,88.632,512,8189,2,0,400,2,12.015,8,8,8,0
996,7.61588,88,0,3,0,69.705,537,8190,3,0,416,3,10.4548,11,11,11,0
936,7.15668,104,0,2,0,53.901,557,8189,2,0,345,2,11.2732,13,13,13,0
1032,7.89057,95,0,3,0,71.991,580,8189,3,0,403,3,14.1564,16,16,16,0
983,7.51571,245,0,1,0,213.583,603,8189,1,0,421,1,12.841,17,17,17,0
993,7.593,157,0,1,0,98.604,624,8189,1,0,409,1,14.8448,18,18,18,0
983,7.51632,185,0,0,0,155.173,648,8189,0,0,481,0,14.47,18,18,18,0
993,7.59234,133,0,1,0,101.036,667,8189,1,0,386,1,13.5446,19,19,19,0
1028,7.86023,128,0,2,0,113.141,686,8189,2,0,408,2,15.3113,21,21,21,0
1134,8.67106,186,0,0,0,190.025,710,8189,0,0,518,0,14.8907,21,21,21,0
1019,7.79118,161,0,1,0,119.41,731,8189,1,0,467,1,13.8582,22,22,22,0
1040,7.95196,347,0,1,0,205.999,749,8190,1,0,431,1,14.8142,23,23,23,0
988,7.55434,262,0,2,0,208.44,762,8189,2,0,313,2,14.2176,25,25,25,0
1046,7.99829,274,0,0,0,350.335,781,8189,0,0,450,0,13.6287,25,25,25,0
993,7.59323,319,0,0,0,395.706,798,8187,0,0,418,0,14.5541,25,25,25,0
1000,7.64606,166,0,1,0,170.109,815,8189,1,0,429,1,13.9805,26,26,26,0
700,5.3521,223,0,3,0,298.63,827,8191,3,0,299,3,15.556,29,29,29,0
697,5.32932,125,0,9,0,154.148,832,8190,9,0,140,9,12.5504,38,38,38,0
715,5.46703,85,0,5,0,119.352,841,8189,5,0,224,5,14.7836,43,43,43,0
747,5.71154,208,0,5,0,171.304,849,8190,5,0,211,5,9.59824,48,48,48,0
848,6.48409,78,0,5,0,120.341,855,8189,5,0,179,5,13.0628,53,53,53,0
728,5.56633,125,0,5,0,109.431,862,8190,5,0,190,5,11.0208,58,58,58,0
781,5.97173,108,0,7,0,143.075,867,8136,7,0,135,7,10.3095,65,65,65,0
663,5.06951,68,0,10,0,129.667,870,8146,10,0,65,10,12.5886,75,75,75,0
688,5.26031,99,0,26,0,101.45,871,8176,26,0,45,26,9.91181,101,101,101,0
661,5.05397,5,0,249,0,50.498,5,8189,118,0,44,22,10.7837,219,123,350,0
355,2.71442,19,0,0,0,31.381,19,8191,0,0,178,0,11.8926,219,123,350,0
521,3.98355,30,0,0,0,91.704,30,8189,0,0,260,0,14.6689,219,123,350,0
856,6.54503,91,0,0,0,78.975,100,8189,0,0,402,0,11.5791,219,123,350,0
1164,8.8999,90,0,0,0,98.382,218,8189,0,0,588,0,21.7203,219,123,350,0
967,7.3939,98,0,2,0,77.26,275,8189,2,0,437,2,11.9232,221,125,352,0
780,5.96389,139,0,2,0,168.087,315,8189,2,0,372,2,13.9958,223,127,354,0
739,5.65005,107,0,17,0,95.488,326,8190,17,0,109,17,12.9175,240,144,371,0
702,5.36782,3,0,223,0,90.179,3,8190,92,0,79,17,10.8219,332,161,594,0
216,1.65164,15,0,0,0,32.677,15,8189,0,0,109,0,13.0551,332,161,594,0
499,3.81499,27,0,0,0,48.9,27,8187,0,0,251,0,10.7684,332,161,594,0
677,5.17648,37,0,0,0,68.334,37,8189,0,0,340,0,9.78944,332,161,594,0
736,5.62722,65,0,3,0,133.703,130,8189,3,0,259,3,12.3209,335,164,597,0
688,5.26067,134,0,6,0,134.971,161,8189,6,0,143,6,11.862,341,170,603,0
787,6.01516,99,0,6,0,84.438,197,8189,6,0,198,6,10.103,347,176,609,0
770,5.88737,63,0,7,0,63.583,225,8191,7,0,186,7,10.6384,354,183,616,0
1040,7.95196,100,0,3,0,118.764,276,8190,3,0,404,3,16.2749,357,186,619,0
1085,8.29383,169,0,0,0,170.344,327,8189,0,0,477,0,14.0111,357,186,619,0
1053,8.05121,120,0,2,0,72.799,367,8189,2,0,430,2,12.2062,359,188,621,0
917,7.01157,81,0,3,0,77.19,396,8189,3,0,357,3,13.9729,362,191,624,0
1039,7.94452,335,0,0,0,146.497,427,8189,0,0,398,0,13.5064,362,191,624,0
423,3.23425,439,0,1,0,318.368,439,8179,1,0,157,1,13.6899,363,192,625,0
73,0.557963,3,0,439,0,346.922,3,8189,59,0,6,0,14.7377,422,192,1064,0
291,2.22497,17,0,0,0,32.645,17,8189,0,0,144,0,17.055,422,192,1064,0
492,3.762,28,0,0,0,39.149,28,8189,0,0,247,0,13.3381,422,192,1064,0
597,4.56368,34,0,1,0,60.395,36,8189,1,0,282,1,11.3037,423,193,1065,0
739,5.64866,129,0,2,0,91.536,132,8189,2,0,291,2,12.3133,425,195,1067,0
513,3.92239,156,0,7,0,124.003,161,8190,7,0,133,7,11.9921,432,202,1074,0
321,2.45452,5,0,173,0,92.852,5,8189,70,0,20,11,9.9424,502,213,1247,0
375,2.86725,20,0,0,0,26.476,20,8189,0,0,186,0,8.29043,502,213,1247,0
611,4.67167,31,0,0,0,59.846,31,8191,0,0,306,0,15.7855,502,213,1247,0
925,7.07307,120,0,0,0,72.702,121,8187,0,0,424,0,13.6364,502,213,1247,0
1172,8.96144,215,0,0,0,175.978,222,8187,0,0,541,0,18.7835,502,213,1247,0
1225,9.36712,91,0,1,0,108.312,291,8189,1,0,556,1,15.8925,503,214,1248,0
1057,8.0825,323,0,2,0,146.86,326,8189,2,0,331,2,15.5637,505,216,1250,0
990,7.57009,103,0,1,0,128.375,369,8189,1,0,472,1,18.7147,506,217,1251,0
966,7.38602,75,0,1,0,272.829,399,8189,1,0,357,1,10.6307,507,218,1252,0
1018,7.78379,220,0,1,0,160.247,430,8191,1,0,401,1,11.4567,508,219,1253,0
995,7.60798,88,0,0,0,77.095,470,8189,0,0,570,0,17.1774,508,219,1253,0
1062,8.12041,119,0,0,0,123.364,504,8189,0,0,522,0,12.168,508,219,1253,0
986,7.53922,129,0,1,0,90.3,531,8189,1,0,423,1,12.0303,509,220,1254,0
985,7.53158,98,0,2,0,60.312,553,8189,2,0,375,2,15.2501,511,222,1256,0
1045,7.99029,118,0,1,0,101.176,579,8187,1,0,462,1,12.5733,512,223,1257,0
1008,7.7071,143,0,1,0,112.615,602,8189,1,0,438,1,14.6842,513,224,1258,0
1094,8.36517,484,0,0,0,240.361,622,8189,0,0,381,0,15.2807,513,224,1258,0
921,7.04212,296,0,0,0,274.317,644,8190,0,0,421,0,15.1277,513,224,1258,0
1197,9.15244,236,0,2,0,114.263,665,8189,2,0,442,2,14.6306,515,226,1260,0
1017,7.77603,90,0,1,0,208.999,688,8189,1,0,484,1,16.4661,516,227,1261,0
1119,8.55574,195,0,1,0,166.574,709,8189,1,0,463,1,14.7071,517,228,1262,0
1112,8.50226,182,0,1,0,172.791,730,8189,1,0,475,1,18.3628,518,229,1263,0
963,7.36306,142,0,1,0,170,749,8189,1,0,420,1,12.1756,519,230,1264,0
937,7.16421,216,0,1,0,77.707,765,8189,1,0,389,1,12.3745,520,231,1265,0
1066,8.15106,132,0,1,0,95.491,784,8189,1,0,450,1,11.6326,521,232,1266,0
973,7.43951,240,0,1,0,121.988,801,8189,1,0,437,1,12.3745,522,233,1267,0
1043,7.97477,114,0,0,0,127.492,821,8189,0,0,489,0,16.9556,522,233,1267,0
1041,7.95982,311,0,0,0,140.451,837,8189,0,0,426,0,14.4088,522,233,1267,0
906,6.92807,146,0,2,0,82.055,851,8189,2,0,381,2,13.0092,524,235,1269,0
1005,7.6842,107,0,2,0,185.908,867,8189,2,0,412,2,13.1163,526,237,1271,0
968,7.40152,115,0,0,0,173.112,884,8189,0,0,486,0,11.2502,526,237,1271,0
1006,7.6917,171,0,0,0,72.961,902,8189,0,0,479,0,12.4815,526,237,1271,0
1030,7.87528,327,0,0,0,409.636,914,8189,0,0,353,0,13.8735,526,237,1271,0
1074,8.21174,168,0,1,0,178.409,929,8189,1,0,429,1,21.0167,527,238,1272,0
1142,8.73148,139,0,3,0,178.202,945,8189,3,0,459,3,13.927,530,241,1275,0
1035,7.91353,176,0,2,0,87.042,953,8189,2,0,258,2,10.9978,532,243,1277,0
954,7.29395,99,0,4,0,60.054,965,8189,4,0,353,4,12.7339,536,247,1281,0
1339,10.2383,403,0,0,0,283.37,980,8189,0,0,446,0,18.7758,536,247,1281,0
1035,7.91418,188,0,1,0,163.877,993,8189,1,0,401,1,15.7319,537,248,1282,0
1173,8.9694,257,0,0,0,205.266,1011,8189,0,0,558,0,15.0972,537,248,1282,0
1178,9.00734,281,0,0,0,190.522,1029,8189,0,0,580,0,15.4643,537,248,1282,0
1105,8.44921,133,0,1,0,113.056,1045,8189,1,0,535,1,16.6191,538,249,1283,0
1014,7.75317,224,0,0,0,258.919,1059,8189,0,0,466,0,14.8524,538,249,1283,0
952,7.2796,309,0,0,0,379.292,1072,8189,0,0,420,0,15.4031,538,249,1283,0
921,7.04226,148,0,1,0,115.126,1082,8183,1,0,341,1,14.5465,539,250,1284,0
1124,8.59443,71,0,2,0,90.093,1095,8189,2,0,447,2,13.231,541,252,1286,0
1053,8.05176,65,0,1,0,72.764,1110,8189,1,0,491,1,12.9481,542,253,1287,0
1168,8.93069,227,0,1,0,216.166,1122,8189,1,0,434,1,12.4127,543,254,1288,0
1078,8.24264,115,0,2,0,92.296,1134,8189,2,0,408,2,13.3458,545,256,1290,0
1056,8.07414,166,0,1,0,84.426,1146,8189,1,0,457,1,15.7013,546,257,1291,0
1963,15.0102,523,0,0,0,283.527,1168,8189,0,0,768,0,45.4597,546,257,1291,0
1894,14.4815,431,0,0,0,342.089,1192,8187,0,0,904,0,46.148,546,257,1291,0
1109,8.48003,288,0,0,0,274.322,1205,8189,0,0,497,0,15.4031,546,257,1291,0
1088,8.31846,458,0,0,0,304.755,1216,8189,0,0,414,0,15.5943,546,257,1291,0
1106,8.45693,299,0,0,0,253.069,1229,8189,0,0,490,0,15.3648,546,257,1291,0
1040,7.95234,124,0,1,0,371.641,1238,8189,1,0,324,1,14.5847,547,258,1292,0
983,7.51668,172,0,0,0,89.457,1250,8189,0,0,471,0,13.7511,547,258,1292,0
1012,7.73793,126,0,1,0,67.589,1263,8189,1,0,509,1,14.1564,548,259,1293,0
978,7.47858,107,0,1,0,110.917,1275,8189,1,0,475,1,14.0341,549,260,1294,0
1038,7.93695,165,0,0,0,148.176,1287,8189,0,0,495,0,11.7473,549,260,1294,0
1072,8.19708,200,0,0,0,175.927,1300,8189,0,0,522,0,12.8869,549,260,1294,0
1041,7.96,132,0,2,0,94.354,1309,8185,2,0,391,2,17.4604,551,262,1296,0
1052,8.04369,70,0,2,0,105.291,1320,8191,2,0,425,2,13.3305,553,264,1298,0
987,7.54734,115,0,2,0,104.962,1329,8189,2,0,384,2,14.9136,555,266,1300,0
991,7.57759,114,0,4,0,83.733,1336,8189,4,0,293,4,16.2596,559,270,1304,0
1020,7.79921,190,0,0,0,94.012,1346,8191,0,0,424,0,12.558,559,270,1304,0
881,6.73634,85,0,0,0,111.145,1358,8189,0,0,502,0,14.2559,559,270,1304,0
1173,8.96737,294,0,0,0,144.503,1370,8187,0,0,488,0,16.6573,559,270,1304,0
1054,8.05925,203,0,0,0,102.215,1383,8189,0,0,580,0,14.9289,559,270,1304,0
948,7.24831,132,0,1,0,106.485,1392,8189,1,0,402,1,13.8582,560,271,1305,0
999,7.63825,431,0,0,0,149.018,1400,8189,0,0,354,0,13.4375,560,271,1305,0
1032,7.89107,117,0,2,0,88.84,1410,8189,2,0,411,2,14.8601,562,273,1307,0
522,3.99134,17,0,263,0,48.373,17,8189,135,0,182,1,14.47,697,274,1570,0
483,3.69299,28,0,0,0,47.981,28,8191,0,0,244,0,13.5828,697,274,1570,0
500,3.82298,36,0,0,0,79.17,36,8187,0,0,253,0,14.2406,697,274,1570,0
912,6.97306,139,0,1,0,114.122,139,8189,1,0,348,1,14.8601,698,275,1571,0
1064,8.13589,176,0,0,0,188.908,229,8189,0,0,519,0,14.5236,698,275,1571,0
1033,7.89833,144,0,2,0,69.607,278,8189,2,0,387,2,12.8792,700,277,1573,0
958,7.32451,154,0,1,0,145.483,315,8189,1,0,343,1,12.3133,701,278,1574,0
1081,8.26564,129,0,1,0,87.244,353,8189,1,0,402,1,15.3419,702,279,1575,0
1131,8.64809,341,0,0,0,160.206,393,8189,0,0,465,0,15.2272,702,279,1575,0
991,7.57749,171,0,2,0,175.355,420,8189,2,0,343,2,15.3342,704,281,1577,0
943,7.21039,128,0,2,0,148.535,448,8189,2,0,380,2,13.7358,706,283,1579,0
1002,7.66145,171,0,2,0,209.273,477,8189,2,0,416,2,15.4566,708,285,1581,0
1143,8.73936,431,0,0,0,286.15,506,8189,0,0,446,0,17.1162,708,285,1581,0
981,7.50083,220,0,1,0,229.575,529,8189,1,0,371,1,14.9212,709,286,1582,0
1076,8.22663,185,0,1,0,163.712,555,8189,1,0,447,1,13.927,710,287,1583,0
931,7.11842,83,0,1,0,74.265,582,8189,1,0,478,1,12.1374,711,288,1584,0
1029,7.86856,110,0,2,0,64.225,605,8189,2,0,425,2,13.6899,713,290,1586,0
1063,8.12771,272,0,0,0,253.028,628,8191,0,0,454,0,15.3954,713,290,1586,0
1014,7.75309,288,0,1,0,312.811,653,8190,1,0,492,1,15.2119,714,291,1587,0
1156,8.83855,96,0,0,0,86.832,679,8189,0,0,543,0,17.6669,714,291,1587,0
1077,8.23527,643,0,0,0,203.865,692,8189,0,0,268,0,19.6554,714,291,1587,0
1221,9.33656,466,0,0,0,504.121,710,8187,0,0,399,0,17.1851,714,291,1587,0
1108,8.47172,322,0,0,0,333.74,729,8189,0,0,424,0,18.1716,714,291,1587,0
1077,8.23465,326,0,0,0,340.563,748,8189,0,0,455,0,15.969,714,291,1587,0
996,7.61553,450,0,0,0,346.558,765,8189,0,0,390,0,17.361,714,291,1587,0
985,7.53153,317,0,1,0,222.152,781,8189,1,0,381,1,13.7817,715,292,1588,0
1024,7.82988,205,0,0,0,214.31,803,8189,0,0,565,0,10.7454,715,292,1588,0
1008,7.70705,73,0,1,0,63.045,822,8189,1,0,464,1,12.2444,716,293,1589,0
1023,7.82253,168,0,1,0,139.626,838,8189,1,0,434,1,14.3706,717,294,1590,0
1149,8.78586,207,0,0,0,125.095,859,8189,0,0,561,0,14.5159,717,294,1590,0
1232,9.4197,502,0,0,0,195.232,877,8189,0,0,472,0,18.0493,717,294,1590,0
1265,9.67299,263,0,0,0,193.743,903,8190,0,0,722,0,15.4337,717,294,1590,0
1016,7.76836,162,0,1,0,112.091,917,8189,1,0,415,1,15.7702,718,295,1591,0
1016,7.76822,171,0,1,0,84.28,932,8189,1,0,428,1,11.862,719,296,1592,0
988,7.5542,103,0,1,0,63.807,947,8189,1,0,437,1,16.1679,720,297,1593,0
1034,7.90582,156,0,0,0,96.543,964,8189,0,0,497,0,14.2482,720,297,1593,0
1219,9.3111,310,0,0,0,239.719,981,8189,0,0,534,0,18.3017,720,297,1593,0
1012,7.7384,187,0,0,0,211.325,999,8189,0,0,542,0,17.0933,720,297,1593,0
1062,8.12057,125,0,0,0,109.321,1017,8189,0,0,567,0,14.4241,720,297,1593,0
1140,8.71711,152,0,0,0,132.478,1034,8189,0,0,564,0,15.0283,720,297,1593,0
1064,8.13597,241,0,0,0,72.277,1050,8189,0,0,494,0,15.1354,720,297,1593,0
968,7.40127,107,0,1,0,514.163,1058,8189,1,0,271,1,15.0666,721,298,1594,0
1011,7.73015,89,0,0,0,81.627,1074,8189,0,0,524,0,14.1412,721,298,1594,0
1053,8.05116,369,0,0,0,144.957,1085,8189,0,0,391,0,14.1335,721,298,1594,0
1011,7.73003,218,0,1,0,199.051,1101,8189,1,0,529,1,15.7166,722,299,1595,0
1035,7.91354,84,0,0,0,124.053,1115,8189,0,0,492,0,14.7606,722,299,1595,0
1194,9.12984,322,0,1,0,99.986,1127,8189,1,0,429,1,15.0283,723,300,1596,0
1031,7.88313,157,0,0,0,168.217,1144,8189,0,0,605,0,19.0359,723,300,1596,0
1020,7.79914,284,0,0,0,185.365,1157,8189,0,0,452,0,15.7243,723,300,1596,0
1041,7.95959,96,0,2,0,85.952,1167,8189,2,0,393,2,15.4872,725,302,1598,0
1003,7.66897,123,0,1,0,114.643,1180,8189,1,0,446,1,14.08,726,303,1599,0
1033,7.89831,169,0,1,0,167.174,1192,8189,1,0,444,1,12.994,727,304,1600,0
989,7.56213,166,0,0,0,106.559,1205,8189,0,0,500,0,13.8429,727,304,1600,0
975,7.45479,291,0,1,0,245.232,1214,8189,1,0,344,1,15.2654,728,305,1601,0
996,7.61585,124,0,2,0,124.344,1224,8187,2,0,391,2,16.7491,730,307,1603,0
999,7.6383,89,0,1,0,70.907,1237,8189,1,0,480,1,15.3266,731,308,1604,0
1119,8.55651,375,0,0,0,215.213,1248,8189,0,0,421,0,15.3189,731,308,1604,0
971,7.42472,281,0,0,0,211.813,1259,8189,0,0,458,0,15.3648,731,308,1604,0
996,7.6154,135,0,3,0,111.06,1267,8191,3,0,292,3,12.0609,734,311,1607,0
1127,8.617,101,0,1,0,95.929,1279,8189,1,0,498,1,15.7319,735,312,1608,0
1087,8.3123,117,0,0,0,138.739,1293,8189,0,0,539,0,12.7416,735,312,1608,0
1128,8.62473,175,0,1,0,211.478,1304,8189,1,0,482,1,15.2348,736,313,1609,0
1200,9.17499,454,0,0,0,410.11,1314,8190,0,0,370,0,22.6381,736,313,1609,0
1056,8.07408,270,0,0,0,263.317,1326,8189,0,0,521,0,16.1296,736,313,1609,0
957,7.31712,111,0,1,0,83.144,1337,8191,1,0,449,1,12.6192,737,314,1610,0
1569,11.9973,382,0,0,0,220.584,1352,8189,0,0,653,0,16.8256,737,314,1610,0
1142,8.73209,306,0,0,0,371.682,1365,8189,0,0,542,0,14.4471,737,314,1610,0
1031,7.88294,567,0,0,0,352.367,1373,8191,0,0,351,0,13.231,737,314,1610,0
1283,9.81059,488,0,0,0,191.955,1386,8187,0,0,528,0,17.0168,737,314,1610,0
1079,8.25025,228,0,0,0,222.186,1400,8189,0,0,607,0,15.1736,737,314,1610,0
1257,9.61201,289,0,0,0,180.094,1413,8189,0,0,602,0,13.8582,737,314,1610,0
1244,9.51215,211,0,0,0,64.637,1428,8189,0,0,665,0,18.6688,737,314,1610,0
1158,8.85464,303,0,0,0,363.817,1439,8191,0,0,494,0,14.8907,737,314,1610,0
1081,8.26544,352,0,0,0,321.673,1450,8189,0,0,482,0,12.5351,737,314,1610,0
875,6.69078,319,0,0,0,248.556,1459,8189,0,0,424,0,14.5924,737,314,1610,0
1002,7.66133,472,0,2,0,190.102,1465,8190,2,0,241,2,13.8658,739,316,1612,0
1188,9.08334,72,0,1,0,137.792,1475,8189,1,0,487,1,12.2674,740,317,1613,0
961,7.34824,143,0,0,0,125.634,1485,8191,0,0,450,0,16.6803,740,317,1613,0
1068,8.16607,139,0,1,0,99.436,1493,8189,1,0,385,1,15.6784,741,318,1614,0
1157,8.84707,243,0,0,0,211.919,1505,8189,0,0,531,0,16.4508,741,318,1614,0
946,7.2331,95,0,2,0,92.453,1512,8189,2,0,344,2,15.6784,743,320,1616,0
1039,7.94427,397,0,1,0,190.135,1518,8189,1,0,304,1,15.2119,744,321,1617,0
1075,8.22008,207,0,0,0,234.775,1531,8189,0,0,588,0,12.3133,744,321,1617,0
1390,10.6278,283,0,0,0,275.219,1543,8189,0,0,607,0,20.0836,744,321,1617,0
992,7.58473,223,0,0,0,201.685,1554,8189,0,0,531,0,14.8448,744,321,1617,0
1000,7.64631,90,0,1,0,67.596,1564,8189,1,0,458,1,11.5944,745,322,1618,0
1031,7.88267,152,0,0,0,60.148,1574,8189,0,0,489,0,13.797,745,322,1618,0
949,7.25611,77,0,2,0,156.141,1579,8191,2,0,269,2,15.0513,747,324,1620,0
1025,7.83749,182,0,1,0,105.101,1587,8190,1,0,406,1,14.6306,748,325,1621,0
1030,7.87554,281,0,0,0,285.307,1596,8191,0,0,438,0,16.4814,748,325,1621,0
969,7.40899,87,0,1,0,270.273,1605,8189,1,0,446,1,15.7855,749,326,1622,0
977,7.47006,147,0,1,0,182.22,1613,8189,1,0,427,1,12.3668,750,327,1623,0
1055,8.06689,222,0,0,0,270.959,1623,8189,0,0,490,0,18.8829,750,327,1623,0
961,7.34777,114,0,1,0,77.545,1631,8189,1,0,398,1,12.7569,751,328,1624,0
1110,8.4878,266,0,0,0,191.653,1640,8189,0,0,483,0,16.0302,751,328,1624,0
1269,9.70316,261,0,0,0,323.506,1652,8189,0,0,612,0,20.3972,751,328,1624,0
947,7.24064,103,0,2,0,111.083,1661,8189,2,0,442,2,14.7759,753,330,1626,0
1009,7.71523,110,0,1,0,170.14,1669,8191,1,0,414,1,14.34,754,331,1627,0
981,7.5007,265,0,1,0,149.518,1675,8191,1,0,348,1,13.0857,755,332,1628,0
1020,7.79898,88,0,2,0,107.939,1682,8191,2,0,353,2,15.6402,757,334,1630,0
1150,8.79329,186,0,1,0,138.727,1691,8189,1,0,470,1,15.6325,758,335,1631,0
1067,8.15886,153,0,1,0,177.537,1700,8191,1,0,492,1,15.4413,759,336,1632,0
1175,8.98391,326,0,0,0,102.983,1710,8189,0,0,507,0,15.2807,759,336,1632,0
1026,7.84521,404,0,0,0,576.935,1716,8189,0,0,321,0,15.1736,759,336,1632,0
1142,8.7324,787,0,0,0,415.376,1721,8189,0,0,270,0,11.8315,759,336,1632,0
1065,8.14354,123,0,0,0,100.445,1732,8189,0,0,624,0,17.0474,759,336,1632,0
1166,8.91577,252,0,0,0,146.077,1742,8189,0,0,523,0,18.6841,759,336,1632,0
1030,7.87564,87,0,0,0,85.783,1753,8191,0,0,602,0,13.8582,759,336,1632,0
1066,8.15058,276,0,0,0,192.273,1761,8189,0,0,442,0,12.4892,759,336,1632,0
1049,8.02081,315,0,0,0,108.232,1770,8189,0,0,510,0,14.2941,759,336,1632,0
1180,9.0228,326,0,2,0,136.58,1778,8189,2,0,405,2,15.7778,761,338,1634,0
1200,9.17533,283,0,0,0,342.968,1789,8189,0,0,615,0,21.3991,761,338,1634,0
1026,7.84538,178,0,1,0,189.538,1797,8189,1,0,460,1,13.8811,762,339,1635,0
954,7.29427,124,0,1,0,128.679,1805,8189,1,0,462,1,16.1143,763,340,1636,0
1076,8.22708,76,0,1,0,134.14,1814,8191,1,0,517,1,12.4739,764,341,1637,0
1037,7.92877,277,0,0,0,105.472,1822,8189,0,0,420,0,13.7052,764,341,1637,0
1095,8.37299,220,0,2,0,80.201,1828,8191,2,0,345,2,11.4567,766,343,1639,0
1056,8.0745,322,0,0,0,446.881,1834,8189,0,0,380,0,14.9518,766,343,1639,0
898,6.86603,103,0,2,0,84.677,1840,8189,2,0,339,2,14.2253,768,345,1641,0
1003,7.66864,89,0,2,0,98.087,1845,8189,2,0,301,2,10.0189,770,347,1643,0
1045,7.99001,185,0,0,0,144.83,1854,8189,0,0,479,0,11.5791,770,347,1643,0
1071,8.18912,300,0,0,0,559.165,1859,8189,0,0,317,0,14.2788,770,347,1643,0
1056,8.07458,192,0,0,0,259.325,1869,8189,0,0,569,0,15.2884,770,347,1643,0
1078,8.24271,244,0,0,0,268.893,1878,8189,0,0,519,0,14.9671,770,347,1643,0
1063,8.12817,102,0,1,0,123.21,1886,8189,1,0,509,1,11.6097,771,348,1644,0
1002,7.6615,138,0,1,0,113.228,1894,8189,1,0,429,1,11.2961,772,349,1645,0
1021,7.80653,174,0,0,0,145.057,1902,8189,0,0,496,0,15.3878,772,349,1645,0
1031,7.88295,61,0,0,0,197.173,1912,8189,0,0,581,0,14.4624,772,349,1645,0
1062,8.12058,89,0,1,0,86.525,1919,8189,1,0,444,1,13.1469,773,350,1646,0
1035,7.91361,95,0,0,0,96.35,1928,8189,0,0,520,0,17.8734,773,350,1646,0
930,7.11069,135,0,1,0,84.135,1933,8189,1,0,325,1,16.9327,774,351,1647,0
932,7.1259,86,0,4,0,132.14,1938,8189,4,0,273,4,13.5064,778,355,1651,0
985,7.53121,118,0,2,0,97.651,1943,8191,2,0,338,2,14.3476,780,357,1653,0
1007,7.69996,152,0,0,0,128.692,1952,8189,0,0,494,0,15.4107,780,357,1653,0
1067,8.15838,161,0,1,0,146.798,1958,8189,1,0,420,1,16.0914,781,358,1654,0
1170,8.94529,619,0,0,0,213.477,1964,8191,0,0,353,0,23.9918,781,358,1654,0
489,3.7388,11,0,848,0,29.277,11,8191,132,0,66,0,15.556,913,358,2502,0
335,2.5615,21,0,0,0,48.351,21,8191,0,0,171,0,15.8772,913,358,2502,0
522,3.99119,31,0,0,0,47.251,31,8189,0,0,260,0,15.9155,913,358,2502,0
759,5.8034,70,0,0,0,69.712,103,8191,0,0,365,0,15.0972,913,358,2502,0
1095,8.37261,142,0,2,0,104.093,195,8191,2,0,428,2,13.7129,915,360,2504,0
1235,9.44316,82,0,0,0,86.917,282,8189,0,0,653,0,16.4203,915,360,2504,0
1021,7.80581,133,0,1,0,104.398,328,8189,1,0,443,1,16.3132,916,361,2505,0
1196,9.14443,360,0,0,0,208.054,373,8189,0,0,490,0,17.2692,916,361,2505,0
1018,7.78392,153,0,0,0,159.861,420,8189,0,0,584,0,17.0933,916,361,2505,0
1039,7.94387,164,0,2,0,71.789,444,8189,2,0,316,2,14.9136,918,363,2507,0
1151,8.80041,302,0,0,0,254.864,479,8189,0,0,511,0,16.4738,918,363,2507,0
928,7.09539,221,0,0,0,312.178,510,8189,0,0,475,0,12.9863,918,363,2507,0
1104,8.44087,534,0,0,0,207.25,534,8189,0,0,395,0,13.4146,918,363,2507,0
257,1.96507,6,0,534,0,122.844,6,8189,153,0,21,0,14.057,1071,363,3041,0
176,1.34568,15,0,0,0,89.469,15,8190,0,0,90,0,11.6785,1071,363,3041,0
475,3.6317,26,0,0,0,32.073,26,8191,0,0,239,0,10.5313,1071,363,3041,0
716,5.47477,37,0,0,0,43.075,37,8189,0,0,361,0,12.5733,1071,363,3041,0
1006,7.6922,131,0,1,0,86.562,164,8190,1,0,411,1,17.0474,1072,364,3042,0
1070,8.18089,90,0,0,0,106.94,250,8189,0,0,558,0,13.7052,1072,364,3042,0
1090,8.33416,110,0,1,0,111.966,301,8189,1,0,434,1,14.753,1073,365,3043,0
1079,8.25033,259,0,0,0,237.109,347,8189,0,0,469,0,15.969,1073,365,3043,0
1164,8.89974,219,0,1,0,99.227,388,8189,1,0,477,1,12.7186,1074,366,3044,0
937,7.16415,118,0,2,0,191.036,414,8189,2,0,315,2,12.8945,1076,368,3046,0
1022,7.81436,102,0,2,0,120.716,443,8191,2,0,397,2,14.3629,1078,370,3048,0
1007,7.70032,106,0,0,0,145.184,478,8189,0,0,506,0,17.7587,1078,370,3048,0
1134,8.67063,278,0,0,0,134.64,510,8189,0,0,486,0,13.7052,1078,370,3048,0
1043,7.97485,95,0,0,0,258.506,539,8189,0,0,475,0,16.818,1078,370,3048,0
1084,8.288,91,0,1,0,102.395,567,8189,1,0,486,1,13.4222,1079,371,3049,0
992,7.5845,104,0,0,0,97.884,594,8189,0,0,496,0,11.3802,1079,371,3049,0
1074,8.21169,79,0,1,0,96.097,621,8189,1,0,502,1,12.7416,1080,372,3050,0
1221,9.33566,177,0,0,0,296.317,646,8189,0,0,511,0,16.0302,1080,372,3050,0
1072,8.19661,280,0,3,0,76.375,662,8189,3,0,311,3,13.4069,1083,375,3053,0
1277,9.76481,243,0,0,0,252.89,693,8189,0,0,662,0,23.097,1083,375,3053,0
1033,7.89865,167,0,0,0,111.539,718,8189,0,0,560,0,11.2579,1083,375,3053,0
1077,8.23528,173,0,0,0,139.674,742,8189,0,0,540,0,13.6746,1083,375,3053,0
1004,7.67661,481,0,0,0,236.52,757,8189,0,0,351,0,12.2674,1083,375,3053,0
992,7.58521,58,0,0,0,64.779,781,8189,0,0,570,0,17.7892,1083,375,3053,0
994,7.6002,74,0,1,0,41.187,799,8189,1,0,455,1,16.1143,1084,376,3054,0
1042,7.96663,400,0,0,0,227.75,813,8187,0,0,360,0,18.7911,1084,376,3054,0
999,7.63814,88,0,1,0,57.873,831,8189,1,0,443,1,13.9958,1085,377,3055,0
1014,7.75353,126,0,1,0,164.779,849,8189,1,0,494,1,14.4777,1086,378,3056,0
971,7.42405,87,0,1,0,56.647,863,8189,1,0,378,1,13.6211,1087,379,3057,0
1021,7.80714,214,0,0,0,207.708,880,8189,0,0,449,0,13.6746,1087,379,3057,0
974,7.44661,120,0,1,0,103.827,896,8189,1,0,439,1,16.0149,1088,380,3058,0
938,7.17187,235,0,1,0,113.795,909,8189,1,0,369,1,13.95,1089,381,3059,0
996,7.61368,226,0,0,0,171.504,927,8189,0,0,508,0,13.5293,1089,381,3059,0
910,6.95791,91,0,2,0,65.775,942,8190,2,0,439,2,14.3018,1091,383,3061,0
1007,7.6998,137,0,3,0,83.196,953,8189,3,0,342,3,14.6383,1094,386,3064,0
1184,9.05166,271,0,1,0,181.459,966,8189,1,0,397,1,13.4605,1095,387,3065,0
1081,8.26526,156,0,0,0,156.419,986,8189,0,0,603,0,15.3495,1095,387,3065,0
986,7.53807,105,0,1,0,124.78,1001,8189,1,0,470,1,16.3438,1096,388,3066,0
1021,7.80682,114,0,2,0,76.01,1015,8189,2,0,432,2,13.6211,1098,390,3068,0
1048,8.01332,207,0,0,0,173.437,1030,8189,0,0,484,0,13.8123,1098,390,3068,0
1169,8.93509,192,0,0,0,144.599,1048,8189,0,0,598,0,16.6803,1098,390,3068,0
1121,8.5712,223,0,0,0,237.635,1065,8189,0,0,548,0,11.5179,1098,390,3068,0
1059,8.09744,87,0,1,0,97.312,1080,8189,1,0,515,1,11.7014,1099,391,3069,0
1054,8.05924,236,0,0,0,170.803,1094,8189,0,0,458,0,14.5236,1099,391,3069,0
998,7.62994,101,0,1,0,136.491,1107,8189,1,0,440,1,15.9996,1100,392,3070,0
1201,9.18266,360,0,0,0,194.877,1120,8189,0,0,477,0,12.275,1100,392,3070,0
1063,8.12815,183,0,1,0,163.967,1133,8189,1,0,452,1,15.2884,1101,393,3071,0
1041,7.95999,120,0,1,0,100.743,1146,8189,1,0,462,1,12.1833,1102,394,3072,0
1028,7.8603,186,0,1,0,171.954,1158,8189,1,0,432,1,15.9231,1103,395,3073,0
1022,7.81476,294,0,0,0,299.941,1170,8189,0,0,427,0,14.6995,1103,395,3073,0
1003,7.66815,247,0,1,0,85.231,1180,8189,1,0,388,1,14.3171,1104,396,3074,0
1297,9.91752,263,0,0,0,168.05,1198,8189,0,0,647,0,20.8102,1104,396,3074,0
1330,10.1691,497,0,0,0,332.902,1209,8189,0,0,417,0,21.3226,1104,396,3074,0
1046,7.99765,1211,0,1211,0,475.475,2,8191,58,0,73,0,18.6458,1162,396,4285,0
104,0.795208,10,0,0,0,52.098,10,8189,1,0,54,0,17.6133,1163,396,4285,0
293,2.23857,6,0,19,0,72.214,6,8189,19,0,146,0,13.3305,1182,396,4304,0
273,2.08726,17,0,0,0,36.071,17,8191,0,0,137,0,12.7492,1182,396,4304,0
377,2.88255,26,0,0,0,36.642,26,8191,0,0,189,0,13.8276,1182,396,4304,0
602,4.60293,36,0,0,0,45.957,36,8189,0,0,305,0,15.8772,1182,396,4304,0
939,7.17989,150,0,0,0,121.587,154,8189,0,0,417,0,14.493,1182,396,4304,0
1022,7.81484,59,0,1,0,225.059,229,8191,1,0,447,1,15.709,1183,397,4305,0
1263,9.65733,235,0,0,0,195.732,295,8189,0,0,547,0,15.0513,1183,397,4305,0
946,7.23308,166,0,3,0,147.047,324,8189,3,0,282,3,14.6153,1186,400,4308,0
1242,9.49697,283,0,1,0,128.274,368,8187,1,0,473,1,15.4643,1187,401,4309,0
1057,8.08228,120,0,1,0,105.636,418,8191,1,0,616,1,15.7778,1188,402,4310,0
1107,8.46392,345,0,0,0,211.363,447,8189,0,0,389,0,19.3341,1188,402,4310,0
1062,8.12067,126,0,1,0,147.203,477,8189,1,0,436,1,16.0532,1189,403,4311,0
976,7.46287,142,0,1,0,149.746,504,8187,1,0,414,1,15.2195,1190,404,4312,0
1091,8.3418,334,0,0,0,156.371,532,8189,0,0,453,0,12.994,1190,404,4312,0
1167,8.92274,373,0,0,0,270.478,565,8189,0,0,562,0,14.4471,1190,404,4312,0
1150,8.79279,248,0,0,0,270.48,598,8189,0,0,598,0,18.424,1190,404,4312,0
1027,7.85229,134,0,1,0,115.812,621,8189,1,0,454,1,13.5446,1191,405,4313,0
1216,9.29756,321,0,1,0,75.373,643,8189,1,0,430,1,15.4872,1192,406,4314,0
1366,10.445,343,0,0,0,272.908,674,8189,0,0,644,0,19.5483,1192,406,4314,0
1017,7.77599,181,0,0,0,192.375,701,8189,0,0,566,0,11.8085,1192,406,4314,0
1177,8.99943,373,0,1,0,124.448,716,8189,1,0,330,1,13.3764,1193,407,4315,0
1379,10.544,418,0,0,0,243.633,741,8189,0,0,575,0,19.1965,1193,407,4315,0
1086,8.30266,313,0,0,0,229.41,764,8189,0,0,537,0,17.3151,1193,407,4315,0
1086,8.30418,241,0,0,0,197.459,787,8189,0,0,558,0,16.2902,1193,407,4315,0
1016,7.76862,164,0,1,0,114.811,804,8189,1,0,418,1,15.8543,1194,408,4316,0
982,7.5084,156,0,3,0,118.633,819,8190,3,0,403,3,16.0379,1197,411,4319,0
1106,8.4564,72,0,2,0,124.463,835,8189,2,0,407,2,13.0016,1199,413,4321,0
988,7.55415,156,0,0,0,140.191,853,8189,0,0,457,0,13.1852,1199,413,4321,0
978,7.47792,70,0,1,0,114.671,872,8190,1,0,539,1,14.1564,1200,414,4322,0
1019,7.79168,165,0,2,0,56.343,885,8191,2,0,331,2,11.8085,1202,416,4324,0
1033,7.89828,66,0,1,0,80.413,902,8189,1,0,477,1,14.1488,1203,417,4325,0
1177,8.99999,529,0,1,0,83.715,913,8189,1,0,312,1,10.4166,1204,418,4326,0
1199,9.1675,280,0,0,0,217.983,930,8185,0,0,493,0,20.0378,1204,418,4326,0
1499,11.4623,441,0,0,0,161.452,949,8189,0,0,580,0,15.6555,1204,418,4326,0
1627,12.4406,314,0,0,0,362.994,971,8189,0,0,634,0,20.6878,1204,418,4326,0
1163,8.89214,630,0,0,0,309.706,984,8189,0,0,404,0,15.969,1204,418,4326,0
1258,9.6185,304,0,0,0,202.539,1004,8189,0,0,633,0,19.1047,1204,418,4326,0
1096,8.37991,156,0,1,0,106.252,1019,8189,1,0,473,1,14.753,1205,419,4327,0
1100,8.41093,197,0,1,0,73.577,1035,8189,1,0,499,1,14.5847,1206,420,4328,0
1043,7.97535,90,0,0,0,68.254,1053,8189,0,0,582,0,11.9232,1206,420,4328,0
1140,8.71674,187,0,2,0,104.44,1065,8189,2,0,408,2,16.382,1208,422,4330,0
1076,8.22746,101,0,1,0,105.874,1080,8189,1,0,521,1,17.0244,1209,423,4331,0
1158,8.85395,759,0,0,0,221.205,1087,8191,0,0,236,0,16.405,1209,423,4331,0
488,3.73052,5,0,1087,0,219.475,5,8187,134,0,12,0,13.9882,1343,423,5418,0
289,2.20983,17,0,0,0,28.179,17,8189,0,0,146,0,11.2655,1343,423,5418,0
360,2.75258,26,0,0,0,63.872,26,8189,0,0,180,0,12.0456,1343,423,5418,0
563,4.30501,35,0,0,0,51.635,35,8189,0,0,285,0,13.7358,1343,423,5418,0
955,7.30196,140,0,0,0,98.145,151,8189,0,0,429,0,12.7722,1343,423,5418,0
1010,7.72247,139,0,0,0,87.679,235,8189,0,0,508,0,16.6497,1343,423,5418,0
1060,8.1029,142,0,1,0,115.893,285,8189,1,0,406,1,16.1526,1344,424,5419,0
1056,8.07466,94,0,1,0,100.102,336,8189,1,0,496,1,11.602,1345,425,5420,0
1188,9.08376,318,0,0,0,216.439,379,8189,0,0,487,0,16.0226,1345,425,5420,0
1048,8.01357,296,0,0,0,310.941,420,8187,0,0,503,0,15.9384,1345,425,5420,0
1137,8.69297,250,0,0,0,247.956,458,8189,0,0,534,0,16.0149,1345,425,5420,0
1071,8.18926,114,0,2,0,85.882,487,8191,2,0,429,2,19.5406,1347,427,5422,0
963,7.36354,141,0,1,0,126.021,512,8189,1,0,380,1,16.1602,1348,428,5423,0
1151,8.80049,188,0,0,0,170.155,545,8189,0,0,554,0,14.8218,1348,428,5423,0
1125,8.60202,274,0,1,0,215.928,569,8189,1,0,406,1,14.3018,1349,429,5424,0
1017,7.77599,117,0,2,0,50.446,589,8189,2,0,378,2,14.7148,1351,431,5426,0
1225,9.36707,420,0,1,0,152.99,611,8189,1,0,410,1,15.3495,1352,432,5427,0
991,7.57768,302,0,0,0,347.861,637,8189,0,0,500,0,11.9844,1352,432,5427,0
1025,7.83732,284,0,0,0,322.548,661,8189,0,0,480,0,14.8601,1352,432,5427,0
1000,7.64594,121,0,0,0,118.636,688,8191,0,0,573,0,11.0896,1352,432,5427,0
1062,8.12041,59,0,1,0,91.086,711,8079,1,0,510,1,11.4949,1353,433,5428,0
1069,8.1736,143,0,1,0,89.337,730,8189,1,0,427,1,14.7377,1354,434,5429,0
1283,9.8098,158,0,0,0,116.503,754,8189,0,0,560,0,17.7128,1354,434,5429,0
1054,8.05886,244,0,0,0,150.823,775,8189,0,0,489,0,14.187,1354,434,5429,0
948,7.2487,197,0,1,0,214.428,795,8189,1,0,502,1,13.1699,1355,435,5430,0
1047,8.00529,147,0,0,0,114.265,813,8189,0,0,457,0,14.7912,1355,435,5430,0
1035,7.91366,211,0,2,0,262.621,825,8189,2,0,306,2,14.5312,1357,437,5432,0
1104,8.44169,148,0,0,0,145.701,845,8189,0,0,507,0,21.1773,1357,437,5432,0
1210,9.25225,321,0,0,0,109.642,864,8189,0,0,525,0,13.2004,1357,437,5432,0
981,7.50105,130,0,1,0,146.972,879,8189,1,0,392,1,15.8008,1358,438,5433,0
1086,8.30377,116,0,1,0,90.417,897,8189,1,0,498,1,13.0857,1359,439,5434,0
1050,8.02829,126,0,0,0,154.902,915,8189,0,0,526,0,12.9328,1359,439,5434,0
1049,8.02045,151,0,0,0,170.013,933,8189,0,0,516,0,13.101,1359,439,5434,0
1132,8.65529,205,0,0,0,100.606,951,8189,0,0,541,0,13.3916,1359,439,5434,0
995,7.60771,110,0,0,0,141.217,970,8189,0,0,551,0,17.0168,1359,439,5434,0
921,7.0423,110,0,1,0,111.415,983,8189,1,0,411,1,13.5599,1360,440,5435,0
1107,8.46411,142,0,0,0,145.277,1001,8189,0,0,543,0,15.0895,1360,440,5435,0
1093,8.3569,241,0,0,0,157.527,1017,8189,0,0,502,0,14.9901,1360,440,5435,0
994,7.6007,186,0,2,0,91.636,1029,8189,2,0,383,2,15.4031,1362,442,5437,0
1022,7.81472,91,0,1,0,103.835,1044,8189,1,0,501,1,14.6765,1363,443,5438,0
1036,7.9214,179,0,1,0,164.032,1059,8189,1,0,478,1,12.5657,1364,444,5439,0
1100,8.41047,144,0,0,0,113.179,1073,8189,0,0,492,0,14.493,1364,444,5439,0
1119,8.55516,151,0,0,0,118.407,1090,8189,0,0,557,0,14.0188,1364,444,5439,0
969,7.40931,177,0,1,0,141.95,1104,8190,1,0,476,1,15.7931,1365,445,5440,0
1042,7.96771,200,0,0,0,147.536,1117,8189,0,0,456,0,11.1278,1365,445,5440,0
973,7.43994,168,0,0,0,209.967,1131,8189,0,0,507,0,16.1373,1365,445,5440,0
1005,7.68413,77,0,3,0,91.843,1142,8189,3,0,377,3,14.21,1368,448,5443,0
1013,7.74533,102,0,2,0,68.982,1152,8191,2,0,348,2,14.7148,1370,450,5445,0
1248,9.54205,397,0,0,0,172.587,1165,8189,0,0,480,0,15.9614,1370,450,5445,0
981,7.5006,134,0,1,0,112.953,1176,8189,1,0,413,1,14.5312,1371,451,5446,0
1036,7.92186,110,0,0,0,87.554,1191,8189,0,0,535,0,12.9022,1371,451,5446,0
982,7.50849,153,0,1,0,82.497,1202,8189,1,0,434,1,11.9385,1372,452,5447,0
1028,7.85995,199,0,3,0,119.287,1210,8189,3,0,309,3,14.6153,1375,455,5450,0
1134,8.67046,96,0,1,0,74.626,1225,8191,1,0,542,1,18.0875,1376,456,5451,0
1022,7.81388,153,0,2,0,103.037,1235,8191,2,0,408,2,13.0781,1378,458,5453,0
985,7.53172,119,0,3,0,155.937,1243,8189,3,0,311,3,13.8888,1381,461,5456,0
1158,8.85448,285,0,0,0,166.416,1256,8187,0,0,499,0,14.21,1381,461,5456,0
1127,8.61758,115,0,1,0,72.406,1270,8189,1,0,548,1,13.8964,1382,462,5457,0
1012,7.73765,72,0,0,0,71.655,1283,8189,0,0,531,0,11.4185,1382,462,5457,0
950,7.26301,154,0,0,0,61.489,1294,8189,0,0,441,0,12.4892,1382,462,5457,0
1021,7.8068,110,0,1,0,66.657,1306,8189,1,0,480,1,14.34,1383,463,5458,0
1013,7.74592,89,0,1,0,298.41,1314,8189,1,0,312,1,17.7281,1384,464,5459,0
1029,7.86731,69,0,1,0,84.58,1324,8189,1,0,424,1,15.7549,1385,465,5460,0
1055,8.06645,141,0,0,0,124.395,1336,8189,0,0,495,0,16.252,1385,465,5460,0
1008,7.70697,112,0,1,0,156.672,1346,8191,1,0,445,1,11.4108,1386,466,5461,0
866,6.61967,122,0,0,0,79.96,1357,8189,0,0,433,0,12.4968,1386,466,5461,0
978,7.47778,101,0,2,0,105.164,1365,8020,2,0,355,2,15.4796,1388,468,5463,0
981,7.49962,122,0,1,0,83.68,1374,8189,1,0,401,1,16.3897,1389,469,5464,0
1000,7.64609,186,0,2,0,150.265,1383,8189,2,0,379,2,13.4681,1391,471,5466,0
1035,7.91369,330,0,0,0,245.338,1393,8189,0,0,448,0,15.1813,1391,471,5466,0
914,6.98901,126,0,1,0,170.216,1404,8189,1,0,447,1,14.2788,1392,472,5467,0
1055,8.06652,167,0,1,0,164.545,1414,8189,1,0,455,1,17.5292,1393,473,5468,0
1128,8.62518,317,0,0,0,249.812,1425,8189,0,0,494,0,16.5885,1393,473,5468,0
1098,8.39558,308,0,0,0,320.66,1436,8189,0,0,506,0,16.9021,1393,473,5468,0
1076,8.22768,248,0,1,0,183.597,1446,8191,1,0,450,1,12.9787,1394,474,5469,0
1018,7.7839,111,0,2,0,102.827,1456,8189,2,0,428,2,14.6612,1396,476,5471,0
1149,8.78572,277,0,0,0,107.154,1467,8189,0,0,496,0,15.0972,1396,476,5471,0
1069,8.17397,260,0,0,0,286.352,1478,8189,0,0,540,0,17.2921,1396,476,5471,0
1096,8.37985,135,0,0,0,184.33,1492,8189,0,0,614,0,15.8161,1396,476,5471,0
994,7.59992,96,0,1,0,81.531,1502,8189,1,0,476,1,15.2731,1397,477,5472,0
1017,7.77589,103,0,1,0,157.22,1510,8189,1,0,373,1,13.9576,1398,478,5473,0
1048,8.01292,216,0,0,0,201.155,1520,8189,0,0,471,0,13.8276,1398,478,5473,0
1045,7.99033,301,0,0,0,330.308,1530,8189,0,0,482,0,11.3037,1398,478,5473,0
1061,8.11241,124,0,1,0,112.04,1540,8189,1,0,478,1,15.2042,1399,479,5474,0
956,7.30944,77,0,3,0,58.744,1548,8189,3,0,401,3,14.9365,1402,482,5477,0
1048,8.01288,125,0,1,0,118.193,1557,8189,1,0,448,1,16.665,1403,483,5478,0
982,7.50826,118,0,3,0,78.452,1565,8189,3,0,355,3,15.2272,1406,486,5481,0
1368,10.46,545,0,0,0,168.098,1574,8189,0,0,474,0,15.1736,1406,486,5481,0
993,7.59252,202,0,0,0,341.207,1583,8189,0,0,441,0,15.2884,1406,486,5481,0
1116,8.5326,237,0,0,0,159.561,1594,8189,0,0,544,0,14.6383,1406,486,5481,0
1001,7.65397,246,0,0,0,355.356,1603,8189,0,0,437,0,15.1277,1406,486,5481,0
971,7.42401,100,0,1,0,94.278,1612,8189,1,0,457,1,13.7205,1407,487,5482,0
1110,8.48733,272,0,0,0,256.786,1621,8189,0,0,477,0,17.7816,1407,487,5482,0
1064,8.13519,191,0,1,0,120.238,1630,8189,1,0,433,1,17.1086,1408,488,5483,0
1159,8.86168,394,0,0,0,297.968,1639,8189,0,0,483,0,15.7702,1408,488,5483,0
1054,8.05953,403,0,0,0,403.06,1648,8189,0,0,426,0,15.9537,1408,488,5483,0
950,7.26437,185,0,1,0,160.118,1655,8189,1,0,362,1,14.0953,1409,489,5484,0
972,7.43187,146,0,1,0,122.164,1663,8191,1,0,450,1,14.5312,1410,490,5485,0
1052,8.0441,154,0,1,0,113.376,1673,8189,1,0,491,1,11.3496,1411,491,5486,0
1022,7.81422,152,0,0,0,212.102,1683,8189,0,0,516,0,16.3438,1411,491,5486,0
1297,9.91676,347,0,0,0,267.84,1693,8189,0,0,556,0,17.4221,1411,491,5486,0
1017,7.77587,370,0,0,0,340.367,1702,8189,0,0,440,0,12.6421,1411,491,5486,0
1055,8.06701,122,0,2,0,93.81,1710,8189,2,0,460,2,14.8601,1413,493,5488,0
1437,10.9873,277,0,0,0,144.744,1722,8189,0,0,645,0,17.4451,1413,493,5488,0
1226,9.37435,223,0,0,0,274.663,1734,8187,0,0,646,0,20.2748,1413,493,5488,0
1039,7.94381,85,0,1,0,92.877,1743,8185,1,0,486,1,12.8716,1414,494,5489,0
1077,8.23505,227,0,1,0,137.212,1751,8189,1,0,420,1,15.296,1415,495,5490,0
1122,8.57922,327,0,0,0,290.79,1760,8189,0,0,517,0,17.361,1415,495,5490,0
1217,9.30528,273,0,0,0,233.945,1771,8189,0,0,615,0,16.6344,1415,495,5490,0
956,7.30951,71,0,1,0,165.062,1779,8189,1,0,445,1,16.3744,1416,496,5491,0
1060,8.10468,142,0,0,0,102.015,1788,8190,0,0,499,0,15.9002,1416,496,5491,0
1072,8.19663,152,0,0,0,104.229,1798,8189,0,0,535,0,14.0264,1416,496,5491,0
1059,8.09709,147,0,1,0,133.49,1805,8191,1,0,411,1,12.2368,1417,497,5492,0
1000,7.64656,176,0,1,0,139.284,1813,8189,1,0,434,1,12.9634,1418,498,5493,0
1030,7.87536,162,0,1,0,135.985,1821,8189,1,0,462,1,16.6726,1419,499,5494,0
1036,7.92166,115,0,1,0,93.686,1829,8189,1,0,473,1,18.1793,1420,500,5495,0
966,7.38659,65,0,0,0,63.282,1838,8189,0,0,514,0,15.8772,1420,500,5495,0
1018,7.78433,448,0,0,0,203.34,1844,8189,0,0,321,0,16.3055,1420,500,5495,0
989,7.56191,322,0,0,0,326.993,1851,8189,0,0,414,0,14.0035,1420,500,5495,0
995,7.60843,124,0,1,0,102.287,1859,8189,1,0,478,1,12.4815,1421,501,5496,0
1100,8.41045,186,0,0,0,120.914,1868,8189,0,0,524,0,15.992,1421,501,5496,0
969,7.40901,81,0,3,0,96.262,1875,8189,3,0,401,3,16.6115,1424,504,5499,0
1029,7.86779,201,0,2,0,91.995,1881,8189,2,0,330,2,14.906,1426,506,5501,0
1099,8.4033,230,0,1,0,130.218,1886,8189,1,0,296,1,17.4298,1427,507,5502,0
1045,7.99054,126,0,1,0,129.955,1894,8190,1,0,493,1,15.0742,1428,508,5503,0
1274,9.74145,330,0,0,0,200.206,1903,8191,0,0,537,0,18.2558,1428,508,5503,0
972,7.4325,126,0,1,0,110.323,1911,8189,1,0,463,1,13.644,1429,509,5504,0
1165,8.90752,282,0,0,0,140.828,1919,8183,0,0,509,0,11.9156,1429,509,5504,0
1121,8.57105,297,0,0,0,228.637,1929,8189,0,0,557,0,15.6555,1429,509,5504,0
1035,7.91346,132,0,1,0,134.203,1937,8189,1,0,488,1,13.9194,1430,510,5505,0
1029,7.86763,263,0,0,0,341.906,1944,8189,0,0,413,0,15.4031,1430,510,5505,0
960,7.3407,97,0,1,0,134.64,1951,8191,1,0,434,1,12.3592,1431,511,5506,0
1090,8.33325,179,0,0,0,168.097,1959,8185,0,0,508,0,12.4509,1431,511,5506,0
1051,8.03591,119,0,1,0,109.481,1967,8189,1,0,492,1,14.9748,1432,512,5507,0
1361,10.4069,399,0,0,0,188.169,1976,8189,0,0,543,0,19.1659,1432,512,5507,0
1038,7.93657,312,0,0,0,249.957,1985,8189,0,0,567,0,18.4776,1432,512,5507,0
1043,7.97469,232,0,1,0,176.337,1991,8189,1,0,406,1,17.0474,1433,513,5508,0
1168,8.93093,216,0,1,0,180.129,1999,8189,1,0,477,1,18.4087,1434,514,5509,0
998,7.63038,131,0,1,0,109.074,2007,8189,1,0,487,1,15.3648,1435,515,5510,0
1020,7.79925,175,0,0,0,129.032,2015,8190,0,0,495,0,15.709,1435,515,5510,0
1107,8.4645,95,0,1,0,80.581,2023,8189,1,0,544,1,13.4605,1436,516,5511,0
1014,7.7532,80,0,1,0,72.062,2031,8189,1,0,457,1,15.0819,1437,517,5512,0
1003,7.66925,196,0,0,0,114.307,2038,8189,0,0,448,0,13.3687,1437,517,5512,0
1070,8.18122,122,0,1,0,127.918,2045,8189,1,0,499,1,14.8983,1438,518,5513,0
1053,8.05103,132,0,0,0,87.913,2054,8189,0,0,528,0,13.9194,1438,518,5513,0
1296,9.90913,386,0,1,0,192.634,2061,8189,1,0,441,1,13.8735,1439,519,5514,0
937,7.16427,421,0,1,0,482.212,2066,8189,1,0,318,1,21.2461,1440,520,5515,0
1204,9.20641,271,0,1,0,127.781,2072,8189,1,0,399,1,12.4051,1441,521,5516,0
1068,8.16647,332,0,0,0,290.264,2080,8189,0,0,508,0,15.7702,1441,521,5516,0
955,7.30211,183,0,0,0,257.262,2088,8189,0,0,536,0,14.1106,1441,521,5516,0
1022,7.81393,207,0,1,0,239.097,2094,8189,1,0,417,1,12.4051,1442,522,5517,0
1023,7.82209,213,0,0,0,155.878,2102,8189,0,0,514,0,13.3534,1442,522,5517,0
1050,8.02821,199,0,0,0,156.107,2110,8189,0,0,538,0,14.1717,1442,522,5517,0
1059,8.0971,198,0,0,0,164.891,2118,8189,0,0,534,0,14.5771,1442,522,5517,0
978,7.47755,229,0,0,0,73.141,2125,8189,0,0,479,0,16.5044,1442,522,5517,0
1011,7.72992,189,0,1,0,136.706,2131,8189,1,0,394,1,14.6383,1443,523,5518,0
993,7.59244,192,0,1,0,85.912,2138,8191,1,0,420,1,13.7129,1444,524,5519,0
1021,7.80702,110,0,1,0,54.529,2144,8189,1,0,414,1,13.7435,1445,525,5520,0
1078,8.24202,118,0,0,0,110.063,2152,8189,0,0,537,0,17.5292,1445,525,5520,0
1007,7.69944,309,0,1,0,252.45,2158,8189,1,0,410,1,14.4624,1446,526,5521,0
1045,7.99005,238,0,0,0,247.441,2165,8189,0,0,449,0,14.8142,1446,526,5521,0
926,7.0806,210,0,0,0,221.914,2172,8189,0,0,482,0,13.667,1446,526,5521,0
1037,7.92887,89,0,2,0,125.859,2179,8189,2,0,482,2,12.7722,1448,528,5523,0
1087,8.31104,125,0,1,0,142.45,2185,8189,1,0,449,1,14.73,1449,529,5524,0
1004,7.67696,147,0,1,0,101.71,2192,8189,1,0,440,1,13.6364,1450,530,5525,0
1067,8.15866,88,0,1,0,86.698,2199,8189,1,0,506,1,16.4967,1451,531,5526,0
1085,8.29584,258,0,1,0,140.129,2205,8189,1,0,427,1,16.0837,1452,532,5527,0
1033,7.89888,136,0,1,0,73.06,2212,8189,1,0,426,1,14.73,1453,533,5528,0
1086,8.30351,321,0,1,0,155.105,2218,8189,1,0,416,1,13.9958,1454,534,5529,0
1056,8.07399,105,0,2,0,80.181,2222,8189,2,0,284,2,13.8964,1456,536,5531,0
1072,8.19681,240,0,1,0,142.623,2228,8189,1,0,426,1,12.2215,1457,537,5532,0
1033,7.8987,153,0,1,0,108.343,2234,8189,1,0,413,1,15.4031,1458,538,5533,0
996,7.61529,365,0,1,0,149.261,2238,8189,1,0,322,1,14.4547,1459,539,5534,0
1080,8.25844,255,0,0,0,505.379,2244,8189,0,0,418,0,13.5676,1459,539,5534,0
1107,8.46404,186,0,0,0,95.967,2253,8189,0,0,593,0,13.1469,1459,539,5534,0
1001,7.65352,95,0,1,0,75.938,2259,8189,1,0,437,1,9.30762,1460,540,5535,0
978,7.47784,129,0,1,0,153.077,2265,8191,1,0,421,1,11.6785,1461,541,5536,0
1079,8.25008,255,0,0,0,213.005,2272,8189,0,0,480,0,15.3266,1461,541,5536,0
1070,8.18119,352,0,0,0,354.077,2278,8189,0,0,442,0,13.2157,1461,541,5536,0
1025,7.83709,239,0,0,0,340.622,2284,8189,0,0,404,0,10.2024,1461,541,5536,0
977,7.46971,179,0,1,0,102.068,2290,8189,1,0,438,1,12.581,1462,542,5537,0
1073,8.20483,89,0,0,0,70.742,2298,8189,0,0,586,0,13.8658,1462,542,5537,0
1040,7.95254,247,0,1,0,159.558,2303,8189,1,0,402,1,14.3094,1463,543,5538,0
1054,8.05891,253,0,0,0,267.633,2310,8189,0,0,442,0,14.5388,1463,543,5538,0
1124,8.59463,345,0,0,0,301.415,2317,8189,0,0,520,0,16.4508,1463,543,5538,0
1023,7.82186,62,0,1,0,54.766,2323,8189,1,0,486,1,13.7588,1464,544,5539,0
1016,7.76773,142,0,1,0,112.484,2329,8189,1,0,436,1,15.0666,1465,545,5540,0
1134,8.67102,205,0,0,0,207.755,2337,8189,0,0,540,0,14.4547,1465,545,5540,0
1121,8.57169,131,0,1,0,126.991,2344,8189,1,0,502,1,15.709,1466,546,5541,0
979,7.48552,109,0,3,0,62.021,2348,8189,3,0,303,3,15.5025,1469,549,5544,0
1004,7.67656,70,0,1,0,73.214,2353,8190,1,0,394,1,13.8811,1470,550,5545,0
1034,7.90589,72,0,2,0,107.654,2359,8102,2,0,433,2,9.72061,1472,552,5547,0
1069,8.17344,174,0,1,0,91.503,2365,8189,1,0,438,1,11.1049,1473,553,5548,0
1025,7.83713,177,0,0,0,126.255,2372,8185,0,0,517,0,15.1966,1473,553,5548,0
1057,8.08175,277,0,0,0,228.216,2378,8189,0,0,483,0,15.2578,1473,553,5548,0
1051,8.03578,143,0,1,0,87.094,2386,8189,1,0,546,1,15.8925,1474,554,5549,0
1006,7.69179,162,0,2,0,108.013,2391,8189,2,0,379,2,13.9423,1476,556,5551,0
1043,7.97501,151,0,2,0,77.18,2396,8189,2,0,409,2,12.4356,1478,558,5553,0
1126,8.60927,881,0,0,0,235.218,2399,8191,0,0,191,0,15.6937,1478,558,5553,0
280,2.14084,12,0,946,0,36.445,12,8189,61,0,76,0,15.8084,1539,558,6499,0
502,3.83827,25,0,0,0,32.342,25,8190,0,0,249,0,15.4872,1539,558,6499,0
659,5.03887,36,0,0,0,49.948,36,8189,0,0,331,0,15.7319,1539,558,6499,0
972,7.43183,154,0,0,0,137.791,158,8189,0,0,431,0,14.1488,1539,558,6499,0
998,7.63117,216,0,2,0,80.428,216,8189,2,0,341,2,11.472,1541,560,6501,0
1065,8.14316,256,0,0,0,263.451,283,8189,0,0,519,0,14.3247,1541,560,6501,0
1047,8.00559,176,0,0,0,192.303,340,8189,0,0,559,0,16.8562,1541,560,6501,0
1083,8.28063,255,0,2,0,86.772,377,8190,2,0,421,2,10.9366,1543,562,6503,0
1045,7.99033,196,0,1,0,85.186,411,8191,1,0,413,1,13.8199,1544,563,6504,0
1151,8.80093,153,0,0,0,125.699,455,8189,0,0,600,0,15.9308,1544,563,6504,0
1105,8.44954,141,0,3,0,91.31,483,8189,3,0,413,3,12.7416,1547,566,6507,0
1062,8.12057,96,0,0,0,79.87,519,8189,0,0,557,0,16.1908,1547,566,6507,0
1052,8.04329,147,0,2,0,131.025,542,8189,2,0,384,2,13.6746,1549,568,6509,0
1342,10.2608,559,0,0,0,233.24,566,8189,0,0,416,0,16.4279,1549,568,6509,0
982,7.50828,310,0,0,0,346.529,592,8189,0,0,466,0,14.7836,1549,568,6509,0
1043,7.97525,217,0,0,0,287.12,619,8189,0,0,514,0,13.0781,1549,568,6509,0
1163,8.8927,292,0,1,0,192.107,641,8189,1,0,440,1,14.9824,1550,569,6510,0
1075,8.21982,111,0,1,0,290.118,660,8189,1,0,379,1,14.0723,1551,570,6511,0


